//////////////////////////////////////////////////////////////////////////////////////											
// AppointItemDrop											
//	[ Start  ] 	2012-05-16									
//	[ Latest ]	2014-11-19 05:39 PM									
//	[ Author ]	홍승욱									
//	[ Version ]	0.0.0.5									
//	[ Text ]	엑설런트 마스터리 장비 추가 (테스트서버용)									
//	[ 참조 ]	서버 전용 스크립트									
//////////////////////////////////////////////////////////////////////////////////////											
//==================================================================================================================================											
//	Monster Index	Number									
0											
	35	0	// 데쓰고르곤								
	40	0	// 데쓰나이트								
	55	0	// 데쓰킹								
	58	1	// 탄탈로스								
	61	1	// 빔나이트								
	63	1	// 데쓰빔나이트								
	72	2	// 팬텀나이트								
	75	2	// 자이언트드라칸								
	77	2	// 어둠의불사조								
	304	3	// 위치퀸								
	305	3	// 블루골렘								
	309	3	// 헬마이네								
//==================================================================================================================================											
	454	4	// 아이스워커								
	455	5	// 자이언트매머드								
	456	6	// 아이스자이언트								
	457	7	// 쿨러틴								
	458	8	// 아이언나이트								
	562	9	// 다크매머드								
	563	10	// 다크자이언트								
	564	11	// 다크쿨러틴								
	565	12	// 다크아이언나이트								
//==================================================================================================================================											
// 신규 악세서리 드랍 설정											
	193	13	//이시스4								
	194	13	//로그센츄리온4								
	192	14	//블러디솔져4								
	190	14	//데스엔젤4								
	195	15	//네크론4								
	191	15	//데스센츄리온4								
	196	16	//슈리커4								
	197	16	//쿤둔의잔영4								
	263	17	//이시스5								
	264	17	//로그센츄리온5								
	262	18	//블러디솔져5								
	260	18	//데스엔젤5								
	265	19	//네크론5								
	261	19	//데스센츄리온5								
	266	20	//슈리커5								
	267	20	//쿤둔의잔영5								
	271	21	//이시스6								
	272	21	//로그센츄리온6								
	270	21	//블러디솔져6								
	268	21	//데스엔젤6								
	273	21	//네크론6								
	269	21	//데스센츄리온6								
	274	21	//슈리커6								
	338	21	//쿤둔의잔영6								
	331	22	//이시스7								
	332	22	//로그센츄리온7								
	333	22	//블러디솔져7								
	334	22	//데스엔젤7								
	335	22	//네크론7								
	336	22	//데스센츄리온7								
	337	22	//슈리커7								
	275	23	//쿤둔7								
	561	23	//메두사								
//==================================================================================================================================											
// 마스터리 장비 (티어1) 아이템 드랍 리스트 (일반 아이템)											
	608	24	//데벤테르 데블 페어리								
	609	24	//데벤테르 엘리멘탈 비스트								
	610	24	//데벤테르 엘리멘탈 나이트								
	670	24	//우르크 데블 페어리								
	671	24	//우르크 엘리멘탈 비스트								
	672	24	//우르크 엘리멘탈 나이트								
// 마스터리 장비 (티어1) 아이템 드랍 리스트 (엑설런트 아이템)											
	713	25	//나르스 데블 페어리								
	714	25	//나르스 엘리멘탈 비스트								
	715	25	//나르스 엘리멘탈 나이트								
end											
//	Number	type	index	minLevel	maxLevel	skill	luck	addoption	exitemflag	Rate	
1											
10000000											
	0	14	176	0	0	0	0	0	0	25000	// 데쓰킹의뼈
end											
	1	14	179	0	0	0	0	0	0	25000	// 데쓰빔나이트의영혼
end											
	2	14	178	0	0	0	0	0	0	25000	// 어둠의불사조의불꽃
end											
	3	14	177	0	0	0	0	0	0	25000	// 헬마이네의가죽
end											
//==================================================================================================================================											
	4	14	180	0	0	0	0	0	0	7250	// 아이스워커의갈기털
	4	14	191	0	0	0	0	0	0	1080	// 소닉조합쪽지
	4	14	192	0	0	0	0	0	0	1080	// 사이클론조합쪽지
	4	14	193	0	0	0	0	0	0	1080	// 블래스트조합쪽지
	4	14	194	0	0	0	0	0	0	1080	// 마그마조합쪽지
	4	14	195	0	0	0	0	0	0	1080	// 호른조합쪽지
	4	14	196	0	0	0	0	0	0	1080	// 엔젤릭조합쪽지
	4	14	197	0	0	0	0	0	0	1080	// 데빌크로스조합쪽지
	4	14	198	0	0	0	0	0	0	1080	// 미라클조합쪽지
	4	14	199	0	0	0	0	0	0	1080	// 스파이트조합쪽지
	4	14	200	0	0	0	0	0	0	1080	// 아수라조합쪽지
	4	14	201	0	0	0	0	0	0	1080	// 썬더조합쪽지
	4	14	202	0	0	0	0	0	0	1080	// 스피릿조합쪽지
//	4	14	203	0	0	0	0	0	0	1080	// 프릭클조합쪽지
end											
	5	14	181	0	0	0	0	0	0	8150	// 매머드의털뭉치
	5	14	191	0	0	0	0	0	0	1350	// 소닉조합쪽지
	5	14	192	0	0	0	0	0	0	1350	// 사이클론조합쪽지
	5	14	193	0	0	0	0	0	0	1350	// 블래스트조합쪽지
	5	14	194	0	0	0	0	0	0	1350	// 마그마조합쪽지
	5	14	195	0	0	0	0	0	0	1350	// 호른조합쪽지
	5	14	196	0	0	0	0	0	0	1350	// 엔젤릭조합쪽지
	5	14	197	0	0	0	0	0	0	1350	// 데빌크로스조합쪽지
	5	14	198	0	0	0	0	0	0	1350	// 미라클조합쪽지
	5	14	199	0	0	0	0	0	0	1350	// 스파이트조합쪽지
	5	14	200	0	0	0	0	0	0	1350	// 아수라조합쪽지
	5	14	201	0	0	0	0	0	0	1350	// 썬더조합쪽지
	5	14	202	0	0	0	0	0	0	1350	// 스피릿조합쪽지
//	5	14	203	0	0	0	0	0	0	1350	// 프릭클조합쪽지
end											
	6	14	182	0	0	0	0	0	0	10200	// 자이언트의얼음조각
	6	14	191	0	0	0	0	0	0	1620	// 소닉조합쪽지
	6	14	192	0	0	0	0	0	0	1620	// 사이클론조합쪽지
	6	14	193	0	0	0	0	0	0	1620	// 블래스트조합쪽지
	6	14	194	0	0	0	0	0	0	1620	// 마그마조합쪽지
	6	14	195	0	0	0	0	0	0	1620	// 호른조합쪽지
	6	14	196	0	0	0	0	0	0	1620	// 엔젤릭조합쪽지
	6	14	197	0	0	0	0	0	0	1620	// 데빌크로스조합쪽지
	6	14	198	0	0	0	0	0	0	1620	// 미라클조합쪽지
	6	14	199	0	0	0	0	0	0	1620	// 스파이트조합쪽지
	6	14	200	0	0	0	0	0	0	1620	// 아수라조합쪽지
	6	14	201	0	0	0	0	0	0	1620	// 썬더조합쪽지
	6	14	202	0	0	0	0	0	0	1620	// 스피릿조합쪽지
//	6	14	203	0	0	0	0	0	0	1620	// 프릭클조합쪽지
end											
	7	14	183	0	0	0	0	0	0	3600	// 쿨러틴의독
	7	14	191	0	0	0	0	0	0	1890	// 소닉조합쪽지
	7	14	192	0	0	0	0	0	0	1890	// 사이클론조합쪽지
	7	14	193	0	0	0	0	0	0	1890	// 블래스트조합쪽지
	7	14	194	0	0	0	0	0	0	1890	// 마그마조합쪽지
	7	14	195	0	0	0	0	0	0	1890	// 호른조합쪽지
	7	14	196	0	0	0	0	0	0	1890	// 엔젤릭조합쪽지
	7	14	197	0	0	0	0	0	0	1890	// 데빌크로스조합쪽지
	7	14	198	0	0	0	0	0	0	1890	// 미라클조합쪽지
	7	14	199	0	0	0	0	0	0	1890	// 스파이트조합쪽지
	7	14	200	0	0	0	0	0	0	1890	// 아수라조합쪽지
	7	14	201	0	0	0	0	0	0	1890	// 썬더조합쪽지
	7	14	202	0	0	0	0	0	0	1890	// 스피릿조합쪽지
//	7	14	203	0	0	0	0	0	0	1890	// 프릭클조합쪽지
end											
	8	14	184	0	0	0	0	0	0	17250	// 아이언나이트의심장
	8	14	191	0	0	0	0	0	0	2160	// 소닉조합쪽지
	8	14	192	0	0	0	0	0	0	2160	// 사이클론조합쪽지
	8	14	193	0	0	0	0	0	0	2160	// 블래스트조합쪽지
	8	14	194	0	0	0	0	0	0	2160	// 마그마조합쪽지
	8	14	195	0	0	0	0	0	0	2160	// 호른조합쪽지
	8	14	196	0	0	0	0	0	0	2160	// 엔젤릭조합쪽지
	8	14	197	0	0	0	0	0	0	2160	// 데빌크로스조합쪽지
	8	14	198	0	0	0	0	0	0	2160	// 미라클조합쪽지
	8	14	199	0	0	0	0	0	0	2160	// 스파이트조합쪽지
	8	14	200	0	0	0	0	0	0	2160	// 아수라조합쪽지
	8	14	201	0	0	0	0	0	0	2160	// 썬더조합쪽지
	8	14	202	0	0	0	0	0	0	2160	// 스피릿조합쪽지
//	8	14	203	0	0	0	0	0	0	2160	// 프릭클조합쪽지
end											
	9	14	185	0	0	0	0	0	0	9050	// 다크매머드의뿔
	9	14	191	0	0	0	0	0	0	2040	// 소닉조합쪽지
	9	14	192	0	0	0	0	0	0	2040	// 사이클론조합쪽지
	9	14	193	0	0	0	0	0	0	2040	// 블래스트조합쪽지
	9	14	194	0	0	0	0	0	0	2040	// 마그마조합쪽지
	9	14	195	0	0	0	0	0	0	2040	// 호른조합쪽지
	9	14	196	0	0	0	0	0	0	2040	// 엔젤릭조합쪽지
	9	14	197	0	0	0	0	0	0	2040	// 데빌크로스조합쪽지
	9	14	198	0	0	0	0	0	0	2040	// 미라클조합쪽지
	9	14	199	0	0	0	0	0	0	2040	// 스파이트조합쪽지
	9	14	200	0	0	0	0	0	0	2040	// 아수라조합쪽지
	9	14	201	0	0	0	0	0	0	2040	// 썬더조합쪽지
	9	14	202	0	0	0	0	0	0	2040	// 스피릿조합쪽지
//	9	14	203	0	0	0	0	0	0	2040	// 프릭클조합쪽지
end											
	10	14	186	0	0	0	0	0	0	4500	// 다크자이언트의도끼
	10	14	191	0	0	0	0	0	0	2310	// 소닉조합쪽지
	10	14	192	0	0	0	0	0	0	2310	// 사이클론조합쪽지
	10	14	193	0	0	0	0	0	0	2310	// 블래스트조합쪽지
	10	14	194	0	0	0	0	0	0	2310	// 마그마조합쪽지
	10	14	195	0	0	0	0	0	0	2310	// 호른조합쪽지
	10	14	196	0	0	0	0	0	0	2310	// 엔젤릭조합쪽지
	10	14	197	0	0	0	0	0	0	2310	// 데빌크로스조합쪽지
	10	14	198	0	0	0	0	0	0	2310	// 미라클조합쪽지
	10	14	199	0	0	0	0	0	0	2310	// 스파이트조합쪽지
	10	14	200	0	0	0	0	0	0	2310	// 아수라조합쪽지
	10	14	201	0	0	0	0	0	0	2310	// 썬더조합쪽지
	10	14	202	0	0	0	0	0	0	2310	// 스피릿조합쪽지
//	10	14	203	0	0	0	0	0	0	2310	// 프릭클조합쪽지
end											
	11	14	187	0	0	0	0	0	0	3250	// 다크쿨러틴의피
	11	14	191	0	0	0	0	0	0	2430	// 소닉조합쪽지
	11	14	192	0	0	0	0	0	0	2430	// 사이클론조합쪽지
	11	14	193	0	0	0	0	0	0	2430	// 블래스트조합쪽지
	11	14	194	0	0	0	0	0	0	2430	// 마그마조합쪽지
	11	14	195	0	0	0	0	0	0	2430	// 호른조합쪽지
	11	14	196	0	0	0	0	0	0	2430	// 엔젤릭조합쪽지
	11	14	197	0	0	0	0	0	0	2430	// 데빌크로스조합쪽지
	11	14	198	0	0	0	0	0	0	2430	// 미라클조합쪽지
	11	14	199	0	0	0	0	0	0	2430	// 스파이트조합쪽지
	11	14	200	0	0	0	0	0	0	2430	// 아수라조합쪽지
	11	14	201	0	0	0	0	0	0	2430	// 썬더조합쪽지
	11	14	202	0	0	0	0	0	0	2430	// 스피릿조합쪽지
//	11	14	203	0	0	0	0	0	0	2430	// 프릭클조합쪽지
end											
	12	14	188	0	0	0	0	0	0	5900	// 다크아이언나이트의검
	12	14	191	0	0	0	0	0	0	2580	// 소닉조합쪽지
	12	14	192	0	0	0	0	0	0	2580	// 사이클론조합쪽지
	12	14	193	0	0	0	0	0	0	2580	// 블래스트조합쪽지
	12	14	194	0	0	0	0	0	0	2580	// 마그마조합쪽지
	12	14	195	0	0	0	0	0	0	2580	// 호른조합쪽지
	12	14	196	0	0	0	0	0	0	2580	// 엔젤릭조합쪽지
	12	14	197	0	0	0	0	0	0	2580	// 데빌크로스조합쪽지
	12	14	198	0	0	0	0	0	0	2580	// 미라클조합쪽지
	12	14	199	0	0	0	0	0	0	2580	// 스파이트조합쪽지
	12	14	200	0	0	0	0	0	0	2580	// 아수라조합쪽지
	12	14	201	0	0	0	0	0	0	2580	// 썬더조합쪽지
	12	14	202	0	0	0	0	0	0	2580	// 스피릿조합쪽지
//	12	14	203	0	0	0	0	0	0	2580	// 프릭클조합쪽지
end											
	13	13	173	0	0	0	0	0	0	10000	//궁극의고리+0
	13	13	173	0	0	0	0	1	0	4500	//궁극의고리+0 (자생)
	13	13	175	0	0	0	0	0	0	10000	//수호자보호반지+0
	13	13	175	0	0	0	0	1	0	4500	//수호자보호반지+0 (자생)
	13	13	176	0	0	0	0	0	0	10000	//보호반지+0
	13	13	176	0	0	0	0	1	0	4500	//보호반지+0 (자생)
end											
	14	13	173	1	1	0	0	0	0	10000	//궁극의고리+1
	14	13	173	1	1	0	0	1	0	4500	//궁극의고리+1 (자생)
	14	13	175	1	1	0	0	0	0	10000	//수호자보호반지+1
	14	13	175	1	1	0	0	1	0	4500	//수호자보호반지+1 (자생)
	14	13	176	1	1	0	0	0	0	10000	//보호반지+1
	14	13	176	1	1	0	0	1	0	4500	//보호반지+1 (자생)
end											
	15	13	173	2	2	0	0	0	0	10000	//궁극의고리+2
	15	13	173	2	2	0	0	1	0	4500	//궁극의고리+2 (자생)
	15	13	175	2	2	0	0	0	0	10000	//수호자보호반지+2
	15	13	175	2	2	0	0	1	0	4500	//수호자보호반지+2 (자생)
	15	13	176	2	2	0	0	0	0	10000	//보호반지+2
	15	13	176	2	2	0	0	1	0	4500	//보호반지+2 (자생)
end											
	16	13	173	3	3	0	0	0	0	10000	//궁극의고리+3
	16	13	173	3	3	0	0	1	0	4500	//궁극의고리+3 (자생)
	16	13	175	3	3	0	0	0	0	10000	//수호자보호반지+3
	16	13	175	3	3	0	0	1	0	4500	//수호자보호반지+3 (자생)
	16	13	176	3	3	0	0	0	0	10000	//보호반지+3
	16	13	176	3	3	0	0	1	0	4500	//보호반지+3 (자생)
end											
	17	13	171	0	0	0	0	0	0	10000	//고뇌의목걸이+0
	17	13	171	0	0	0	0	1	0	4500	//고뇌의목걸이+0 (자생)
	17	13	172	0	0	0	0	0	0	10000	//단단한징표+0
	17	13	172	0	0	0	0	1	0	4500	//단단한징표+0 (자생)
end											
	18	13	171	1	1	0	0	0	0	10000	//고뇌의목걸이+1
	18	13	171	1	1	0	0	1	0	4500	//고뇌의목걸이+1 (자생)
	18	13	172	1	1	0	0	0	0	10000	//단단한징표+1
	18	13	172	1	1	0	0	1	0	4500	//단단한징표+1 (자생)
end											
	19	13	171	2	2	0	0	0	0	10000	//고뇌의목걸이+2
	19	13	171	2	2	0	0	1	0	4500	//고뇌의목걸이+2 (자생)
	19	13	172	2	2	0	0	0	0	10000	//단단한징표+2
	19	13	172	2	2	0	0	1	0	4500	//단단한징표+2 (자생)
end											
	20	13	171	3	3	0	0	0	0	10000	//고뇌의목걸이+3
	20	13	171	3	3	0	0	1	0	4500	//고뇌의목걸이+3 (자생)
	20	13	172	3	3	0	0	0	0	10000	//단단한징표+3
	20	13	172	3	3	0	0	1	0	4500	//단단한징표+3 (자생)
end											
	21	13	173	0	0	0	0	0	1	5	//궁극의고리 (엑설런트)
	21	13	175	0	0	0	0	0	1	5	//수호자보호반지 (엑설런트)
	21	13	176	0	0	0	0	0	1	5	//보호반지 (엑설런트)
end											
	22	13	171	0	0	0	0	0	1	5	//고뇌의목걸이 (엑설런트)
	22	13	172	0	0	0	0	0	1	5	//단단한징표 (엑설런트)
end											
	23	13	171	0	0	0	0	1	1	5000	//고뇌의목걸이 (엑설런트)(자생)
	23	13	172	0	0	0	0	1	1	5000	//단단한징표 (엑설런트)(자생)
	23	13	173	0	0	0	0	1	1	5000	//궁극의고리 (엑설런트)(자생)
	23	13	175	0	0	0	0	1	1	5000	//수호자보호반지 (엑설런트)(자생)
	23	13	176	0	0	0	0	1	1	5000	//보호반지 (엑설런트)(자생)
end											
//==================================================================================================================================											
// 마스터리 장비 (티어1) 아이템 드랍 리스트 (일반 아이템)											
//	Number	type	index	minLevel	maxLevel	skill	luck	addoption	exitemflag	Rate	
//	부츠										
//	블러드엔젤부츠 (무옵션)										
	24	11	98	0	0	0	0	0	0	1000	//블러드엔젤나이트부츠
	24	11	99	0	0	0	0	0	0	1000	//블러드엔젤위자드부츠
	24	11	100	0	0	0	0	0	0	1000	//블러드엔젤엘프부츠
	24	11	101	0	0	0	0	0	0	1000	//블러드엔젤서머너부츠
	24	11	102	0	0	0	0	0	0	1000	//블러드엔젤매직부츠
	24	11	103	0	0	0	0	0	0	1000	//블러드엔젤로드부츠
	24	11	104	0	0	0	0	0	0	1000	//블러드엔젤파이터부츠
	24	11	105	0	0	0	0	0	0	1000	//블러드엔젤랜서부츠
//	블러드엔젤부츠 (옵션)										
	24	11	98	0	0	0	0	1	0	1000	//블러드엔젤나이트부츠 (옵션)
	24	11	99	0	0	0	0	1	0	1000	//블러드엔젤위자드부츠 (옵션)
	24	11	100	0	0	0	0	1	0	1000	//블러드엔젤엘프부츠 (옵션)
	24	11	101	0	0	0	0	1	0	1000	//블러드엔젤서머너부츠 (옵션)
	24	11	102	0	0	0	0	1	0	1000	//블러드엔젤매직부츠 (옵션)
	24	11	103	0	0	0	0	1	0	1000	//블러드엔젤로드부츠 (옵션)
	24	11	104	0	0	0	0	1	0	1000	//블러드엔젤파이터부츠 (옵션)
	24	11	105	0	0	0	0	1	0	1000	//블러드엔젤랜서부츠 (옵션)
//	블러드엔젤부츠 (무옵션/행운)										
	24	11	98	0	0	0	1	0	0	1000	//블러드엔젤나이트부츠 (행운)
	24	11	99	0	0	0	1	0	0	1000	//블러드엔젤위자드부츠 (행운)
	24	11	100	0	0	0	1	0	0	1000	//블러드엔젤엘프부츠 (행운)
	24	11	101	0	0	0	1	0	0	1000	//블러드엔젤서머너부츠 (행운)
	24	11	102	0	0	0	1	0	0	1000	//블러드엔젤매직부츠 (행운)
	24	11	103	0	0	0	1	0	0	1000	//블러드엔젤로드부츠 (행운)
	24	11	104	0	0	0	1	0	0	1000	//블러드엔젤파이터부츠 (행운)
	24	11	105	0	0	0	1	0	0	1000	//블러드엔젤랜서부츠 (행운)
//	블러드엔젤부츠 (옵션/행운)										
	24	11	98	0	0	0	1	1	0	1000	//블러드엔젤나이트부츠 (옵션/행운)
	24	11	99	0	0	0	1	1	0	1000	//블러드엔젤위자드부츠 (옵션/행운)
	24	11	100	0	0	0	1	1	0	1000	//블러드엔젤엘프부츠 (옵션/행운)
	24	11	101	0	0	0	1	1	0	1000	//블러드엔젤서머너부츠 (옵션/행운)
	24	11	102	0	0	0	1	1	0	1000	//블러드엔젤매직부츠 (옵션/행운)
	24	11	103	0	0	0	1	1	0	1000	//블러드엔젤로드부츠 (옵션/행운)
	24	11	104	0	0	0	1	1	0	1000	//블러드엔젤파이터부츠 (옵션/행운)
	24	11	105	0	0	0	1	1	0	1000	//블러드엔젤랜서부츠 (옵션/행운)
//	Number	type	index	minLevel	maxLevel	skill	luck	addoption	exitemflag	Rate	
//	장갑										
//	블러드엔젤장갑 (무옵션)										
	24	10	98	0	0	0	0	0	0	1000	//블러드엔젤나이트장갑
	24	10	99	0	0	0	0	0	0	1000	//블러드엔젤위자드장갑
	24	10	100	0	0	0	0	0	0	1000	//블러드엔젤엘프장갑
	24	10	101	0	0	0	0	0	0	1000	//블러드엔젤서머너장갑
	24	10	102	0	0	0	0	0	0	1000	//블러드엔젤매직장갑
	24	10	103	0	0	0	0	0	0	1000	//블러드엔젤로드장갑
//	24	10	104	0	0	0	0	0	0	1000	//블러드엔젤파이터장갑
	24	10	105	0	0	0	0	0	0	1000	//블러드엔젤랜서장갑
//	블러드엔젤장갑 (옵션)										
	24	10	98	0	0	0	0	1	0	1000	//블러드엔젤나이트장갑 (옵션)
	24	10	99	0	0	0	0	1	0	1000	//블러드엔젤위자드장갑 (옵션)
	24	10	100	0	0	0	0	1	0	1000	//블러드엔젤엘프장갑 (옵션)
	24	10	101	0	0	0	0	1	0	1000	//블러드엔젤서머너장갑 (옵션)
	24	10	102	0	0	0	0	1	0	1000	//블러드엔젤매직장갑 (옵션)
	24	10	103	0	0	0	0	1	0	1000	//블러드엔젤로드장갑 (옵션)
//	24	10	104	0	0	0	0	1	0	1000	//블러드엔젤파이터장갑 (옵션)
	24	10	105	0	0	0	0	1	0	1000	//블러드엔젤랜서장갑 (옵션)
//	블러드엔젤장갑 (무옵션/행운)										
	24	10	98	0	0	0	1	0	0	1000	//블러드엔젤나이트장갑 (행운)
	24	10	99	0	0	0	1	0	0	1000	//블러드엔젤위자드장갑 (행운)
	24	10	100	0	0	0	1	0	0	1000	//블러드엔젤엘프장갑 (행운)
	24	10	101	0	0	0	1	0	0	1000	//블러드엔젤서머너장갑 (행운)
	24	10	102	0	0	0	1	0	0	1000	//블러드엔젤매직장갑 (행운)
	24	10	103	0	0	0	1	0	0	1000	//블러드엔젤로드장갑 (행운)
//	24	10	104	0	0	0	1	0	0	1000	//블러드엔젤파이터장갑 (행운)
	24	10	105	0	0	0	1	0	0	1000	//블러드엔젤랜서장갑 (행운)
//	블러드엔젤장갑 (옵션/행운)										
	24	10	98	0	0	0	1	1	0	1000	//블러드엔젤나이트장갑 (옵션/행운)
	24	10	99	0	0	0	1	1	0	1000	//블러드엔젤위자드장갑 (옵션/행운)
	24	10	100	0	0	0	1	1	0	1000	//블러드엔젤엘프장갑 (옵션/행운)
	24	10	101	0	0	0	1	1	0	1000	//블러드엔젤서머너장갑 (옵션/행운)
	24	10	102	0	0	0	1	1	0	1000	//블러드엔젤매직장갑 (옵션/행운)
	24	10	103	0	0	0	1	1	0	1000	//블러드엔젤로드장갑 (옵션/행운)
//	24	10	104	0	0	0	1	1	0	1000	//블러드엔젤파이터장갑 (옵션/행운)
	24	10	105	0	0	0	1	1	0	1000	//블러드엔젤랜서장갑 (옵션/행운)
//	Number	type	index	minLevel	maxLevel	skill	luck	addoption	exitemflag	Rate	
//	투구										
//	블러드엔젤투구 (무옵션)										
	24	7	98	0	0	0	0	0	0	1000	//블러드엔젤나이트투구
	24	7	99	0	0	0	0	0	0	1000	//블러드엔젤위자드투구
	24	7	100	0	0	0	0	0	0	1000	//블러드엔젤엘프투구
	24	7	101	0	0	0	0	0	0	1000	//블러드엔젤서머너투구
//	24	7	102	0	0	0	0	0	0	1000	//블러드엔젤매직투구
	24	7	103	0	0	0	0	0	0	1000	//블러드엔젤로드투구
	24	7	104	0	0	0	0	0	0	1000	//블러드엔젤파이터투구
	24	7	105	0	0	0	0	0	0	1000	//블러드엔젤랜서투구
//	블러드엔젤투구 (옵션)										
	24	7	98	0	0	0	0	1	0	1000	//블러드엔젤나이트투구 (옵션)
	24	7	99	0	0	0	0	1	0	1000	//블러드엔젤위자드투구 (옵션)
	24	7	100	0	0	0	0	1	0	1000	//블러드엔젤엘프투구 (옵션)
	24	7	101	0	0	0	0	1	0	1000	//블러드엔젤서머너투구 (옵션)
//	24	7	102	0	0	0	0	1	0	1000	//블러드엔젤매직투구 (옵션)
	24	7	103	0	0	0	0	1	0	1000	//블러드엔젤로드투구 (옵션)
	24	7	104	0	0	0	0	1	0	1000	//블러드엔젤파이터투구 (옵션)
	24	7	105	0	0	0	0	1	0	1000	//블러드엔젤랜서투구 (옵션)
//	블러드엔젤투구 (무옵션/행운)										
	24	7	98	0	0	0	0	0	0	1000	//블러드엔젤나이트투구 (행운)
	24	7	99	0	0	0	0	0	0	1000	//블러드엔젤위자드투구 (행운)
	24	7	100	0	0	0	0	0	0	1000	//블러드엔젤엘프투구 (행운)
	24	7	101	0	0	0	0	0	0	1000	//블러드엔젤서머너투구 (행운)
//	24	7	102	0	0	0	0	0	0	1000	//블러드엔젤매직투구 (행운)
	24	7	103	0	0	0	0	0	0	1000	//블러드엔젤로드투구 (행운)
	24	7	104	0	0	0	0	0	0	1000	//블러드엔젤파이터투구 (행운)
	24	7	105	0	0	0	0	0	0	1000	//블러드엔젤랜서투구 (행운)
//	블러드엔젤투구 (옵션/행운)										
	24	7	98	0	0	0	0	1	0	1000	//블러드엔젤나이트투구 (옵션/행운)
	24	7	99	0	0	0	0	1	0	1000	//블러드엔젤위자드투구 (옵션/행운)
	24	7	100	0	0	0	0	1	0	1000	//블러드엔젤엘프투구 (옵션/행운)
	24	7	101	0	0	0	0	1	0	1000	//블러드엔젤서머너투구 (옵션/행운)
//	24	7	102	0	0	0	0	1	0	1000	//블러드엔젤매직투구 (옵션/행운)
	24	7	103	0	0	0	0	1	0	1000	//블러드엔젤로드투구 (옵션/행운)
	24	7	104	0	0	0	0	1	0	1000	//블러드엔젤파이터투구 (옵션/행운)
	24	7	105	0	0	0	0	1	0	1000	//블러드엔젤랜서투구 (옵션/행운)
//	Number	type	index	minLevel	maxLevel	skill	luck	addoption	exitemflag	Rate	
//	바지										
//	블러드엔젤바지 (무옵션)										
	24	9	98	0	0	0	0	0	0	1000	//블러드엔젤나이트바지
	24	9	99	0	0	0	0	0	0	1000	//블러드엔젤위자드바지
	24	9	100	0	0	0	0	0	0	1000	//블러드엔젤엘프바지
	24	9	101	0	0	0	0	0	0	1000	//블러드엔젤서머너바지
	24	9	102	0	0	0	0	0	0	1000	//블러드엔젤매직바지
	24	9	103	0	0	0	0	0	0	1000	//블러드엔젤로드바지
	24	9	104	0	0	0	0	0	0	1000	//블러드엔젤파이터바지
	24	9	105	0	0	0	0	0	0	1000	//블러드엔젤랜서바지
//	블러드엔젤바지 (옵션)										
	24	9	98	0	0	0	0	1	0	1000	//블러드엔젤나이트바지 (옵션)
	24	9	99	0	0	0	0	1	0	1000	//블러드엔젤위자드바지 (옵션)
	24	9	100	0	0	0	0	1	0	1000	//블러드엔젤엘프바지 (옵션)
	24	9	101	0	0	0	0	1	0	1000	//블러드엔젤서머너바지 (옵션)
	24	9	102	0	0	0	0	1	0	1000	//블러드엔젤매직바지 (옵션)
	24	9	103	0	0	0	0	1	0	1000	//블러드엔젤로드바지 (옵션)
	24	9	104	0	0	0	0	1	0	1000	//블러드엔젤파이터바지 (옵션)
	24	9	105	0	0	0	0	1	0	1000	//블러드엔젤랜서바지 (옵션)
//	블러드엔젤바지 (무옵션/행운)										
	24	9	98	0	0	0	1	0	0	1000	//블러드엔젤나이트바지 (행운)
	24	9	99	0	0	0	1	0	0	1000	//블러드엔젤위자드바지 (행운)
	24	9	100	0	0	0	1	0	0	1000	//블러드엔젤엘프바지 (행운)
	24	9	101	0	0	0	1	0	0	1000	//블러드엔젤서머너바지 (행운)
	24	9	102	0	0	0	1	0	0	1000	//블러드엔젤매직바지 (행운)
	24	9	103	0	0	0	1	0	0	1000	//블러드엔젤로드바지 (행운)
	24	9	104	0	0	0	1	0	0	1000	//블러드엔젤파이터바지 (행운)
	24	9	105	0	0	0	1	0	0	1000	//블러드엔젤랜서바지 (행운)
//	블러드엔젤바지 (옵션/행운)										
	24	9	98	0	0	0	1	1	0	1000	//블러드엔젤나이트바지 (옵션/행운)
	24	9	99	0	0	0	1	1	0	1000	//블러드엔젤위자드바지 (옵션/행운)
	24	9	100	0	0	0	1	1	0	1000	//블러드엔젤엘프바지 (옵션/행운)
	24	9	101	0	0	0	1	1	0	1000	//블러드엔젤서머너바지 (옵션/행운)
	24	9	102	0	0	0	1	1	0	1000	//블러드엔젤매직바지 (옵션/행운)
	24	9	103	0	0	0	1	1	0	1000	//블러드엔젤로드바지 (옵션/행운)
	24	9	104	0	0	0	1	1	0	1000	//블러드엔젤파이터바지 (옵션/행운)
	24	9	105	0	0	0	1	1	0	1000	//블러드엔젤랜서바지 (옵션/행운)
//	Number	type	index	minLevel	maxLevel	skill	luck	addoption	exitemflag	Rate	
//	갑옷										
//	블러드엔젤갑옷 (무옵션)										
	24	8	98	0	0	0	0	0	0	1000	//블러드엔젤나이트갑옷
	24	8	99	0	0	0	0	0	0	1000	//블러드엔젤위자드갑옷
	24	8	100	0	0	0	0	0	0	1000	//블러드엔젤엘프갑옷
	24	8	101	0	0	0	0	0	0	1000	//블러드엔젤서머너갑옷
	24	8	102	0	0	0	0	0	0	1000	//블러드엔젤매직갑옷
	24	8	103	0	0	0	0	0	0	1000	//블러드엔젤로드갑옷
	24	8	104	0	0	0	0	0	0	1000	//블러드엔젤파이터갑옷
	24	8	105	0	0	0	0	0	0	1000	//블러드엔젤랜서갑옷
//	블러드엔젤갑옷 (옵션)										
	24	8	98	0	0	0	0	1	0	1000	//블러드엔젤나이트갑옷 (옵션)
	24	8	99	0	0	0	0	1	0	1000	//블러드엔젤위자드갑옷 (옵션)
	24	8	100	0	0	0	0	1	0	1000	//블러드엔젤엘프갑옷 (옵션)
	24	8	101	0	0	0	0	1	0	1000	//블러드엔젤서머너갑옷 (옵션)
	24	8	102	0	0	0	0	1	0	1000	//블러드엔젤매직갑옷 (옵션)
	24	8	103	0	0	0	0	1	0	1000	//블러드엔젤로드갑옷 (옵션)
	24	8	104	0	0	0	0	1	0	1000	//블러드엔젤파이터갑옷 (옵션)
	24	8	105	0	0	0	0	1	0	1000	//블러드엔젤랜서갑옷 (옵션)
//	블러드엔젤갑옷 (무옵션/행운)										
	24	8	98	0	0	0	1	0	0	1000	//블러드엔젤나이트갑옷 (행운)
	24	8	99	0	0	0	1	0	0	1000	//블러드엔젤위자드갑옷 (행운)
	24	8	100	0	0	0	1	0	0	1000	//블러드엔젤엘프갑옷 (행운)
	24	8	101	0	0	0	1	0	0	1000	//블러드엔젤서머너갑옷 (행운)
	24	8	102	0	0	0	1	0	0	1000	//블러드엔젤매직갑옷 (행운)
	24	8	103	0	0	0	1	0	0	1000	//블러드엔젤로드갑옷 (행운)
	24	8	104	0	0	0	1	0	0	1000	//블러드엔젤파이터갑옷 (행운)
	24	8	105	0	0	0	1	0	0	1000	//블러드엔젤랜서갑옷 (행운)
//	블러드엔젤갑옷 (옵션/행운)										
	24	8	98	0	0	0	1	1	0	1000	//블러드엔젤나이트갑옷 (옵션/행운)
	24	8	99	0	0	0	1	1	0	1000	//블러드엔젤위자드갑옷 (옵션/행운)
	24	8	100	0	0	0	1	1	0	1000	//블러드엔젤엘프갑옷 (옵션/행운)
	24	8	101	0	0	0	1	1	0	1000	//블러드엔젤서머너갑옷 (옵션/행운)
	24	8	102	0	0	0	1	1	0	1000	//블러드엔젤매직갑옷 (옵션/행운)
	24	8	103	0	0	0	1	1	0	1000	//블러드엔젤로드갑옷 (옵션/행운)
	24	8	104	0	0	0	1	1	0	1000	//블러드엔젤파이터갑옷 (옵션/행운)
	24	8	105	0	0	0	1	1	0	1000	//블러드엔젤랜서갑옷 (옵션/행운)
end											
// 마스터리 장비 (티어1) 아이템 드랍 리스트 (엑설런트 아이템)											
//	Number	type	index	minLevel	maxLevel	skill	luck	addoption	exitemflag	Rate	
//	부츠										
//	블러드엔젤부츠 (무옵션)										
	25	11	98	0	0	0	0	0	1	1000	//블러드엔젤나이트부츠
	25	11	99	0	0	0	0	0	1	1000	//블러드엔젤위자드부츠
	25	11	100	0	0	0	0	0	1	1000	//블러드엔젤엘프부츠
	25	11	101	0	0	0	0	0	1	1000	//블러드엔젤서머너부츠
	25	11	102	0	0	0	0	0	1	1000	//블러드엔젤매직부츠
	25	11	103	0	0	0	0	0	1	1000	//블러드엔젤로드부츠
	25	11	104	0	0	0	0	0	1	1000	//블러드엔젤파이터부츠
	25	11	105	0	0	0	0	0	1	1000	//블러드엔젤랜서부츠
//	블러드엔젤부츠 (옵션)										
	25	11	98	0	0	0	0	1	1	1000	//블러드엔젤나이트부츠 (옵션)
	25	11	99	0	0	0	0	1	1	1000	//블러드엔젤위자드부츠 (옵션)
	25	11	100	0	0	0	0	1	1	1000	//블러드엔젤엘프부츠 (옵션)
	25	11	101	0	0	0	0	1	1	1000	//블러드엔젤서머너부츠 (옵션)
	25	11	102	0	0	0	0	1	1	1000	//블러드엔젤매직부츠 (옵션)
	25	11	103	0	0	0	0	1	1	1000	//블러드엔젤로드부츠 (옵션)
	25	11	104	0	0	0	0	1	1	1000	//블러드엔젤파이터부츠 (옵션)
	25	11	105	0	0	0	0	1	1	1000	//블러드엔젤랜서부츠 (옵션)
//	블러드엔젤부츠 (무옵션/행운)										
	25	11	98	0	0	0	1	0	1	1000	//블러드엔젤나이트부츠 (행운)
	25	11	99	0	0	0	1	0	1	1000	//블러드엔젤위자드부츠 (행운)
	25	11	100	0	0	0	1	0	1	1000	//블러드엔젤엘프부츠 (행운)
	25	11	101	0	0	0	1	0	1	1000	//블러드엔젤서머너부츠 (행운)
	25	11	102	0	0	0	1	0	1	1000	//블러드엔젤매직부츠 (행운)
	25	11	103	0	0	0	1	0	1	1000	//블러드엔젤로드부츠 (행운)
	25	11	104	0	0	0	1	0	1	1000	//블러드엔젤파이터부츠 (행운)
	25	11	105	0	0	0	1	0	1	1000	//블러드엔젤랜서부츠 (행운)
//	블러드엔젤부츠 (옵션/행운)										
	25	11	98	0	0	0	1	1	1	1000	//블러드엔젤나이트부츠 (옵션/행운)
	25	11	99	0	0	0	1	1	1	1000	//블러드엔젤위자드부츠 (옵션/행운)
	25	11	100	0	0	0	1	1	1	1000	//블러드엔젤엘프부츠 (옵션/행운)
	25	11	101	0	0	0	1	1	1	1000	//블러드엔젤서머너부츠 (옵션/행운)
	25	11	102	0	0	0	1	1	1	1000	//블러드엔젤매직부츠 (옵션/행운)
	25	11	103	0	0	0	1	1	1	1000	//블러드엔젤로드부츠 (옵션/행운)
	25	11	104	0	0	0	1	1	1	1000	//블러드엔젤파이터부츠 (옵션/행운)
	25	11	105	0	0	0	1	1	1	1000	//블러드엔젤랜서부츠 (옵션/행운)
//	Number	type	index	minLevel	maxLevel	skill	luck	addoption	exitemflag	Rate	
//	장갑										
//	블러드엔젤장갑 (무옵션)										
	25	10	98	0	0	0	0	0	1	1000	//블러드엔젤나이트장갑
	25	10	99	0	0	0	0	0	1	1000	//블러드엔젤위자드장갑
	25	10	100	0	0	0	0	0	1	1000	//블러드엔젤엘프장갑
	25	10	101	0	0	0	0	0	1	1000	//블러드엔젤서머너장갑
	25	10	102	0	0	0	0	0	1	1000	//블러드엔젤매직장갑
	25	10	103	0	0	0	0	0	1	1000	//블러드엔젤로드장갑
//	25	10	104	0	0	0	0	0	1	1000	//블러드엔젤파이터장갑
	25	10	105	0	0	0	0	0	1	1000	//블러드엔젤랜서장갑
//	블러드엔젤장갑 (옵션)										
	25	10	98	0	0	0	0	1	1	1000	//블러드엔젤나이트장갑 (옵션)
	25	10	99	0	0	0	0	1	1	1000	//블러드엔젤위자드장갑 (옵션)
	25	10	100	0	0	0	0	1	1	1000	//블러드엔젤엘프장갑 (옵션)
	25	10	101	0	0	0	0	1	1	1000	//블러드엔젤서머너장갑 (옵션)
	25	10	102	0	0	0	0	1	1	1000	//블러드엔젤매직장갑 (옵션)
	25	10	103	0	0	0	0	1	1	1000	//블러드엔젤로드장갑 (옵션)
//	25	10	104	0	0	0	0	1	1	1000	//블러드엔젤파이터장갑 (옵션)
	25	10	105	0	0	0	0	1	1	1000	//블러드엔젤랜서장갑 (옵션)
//	블러드엔젤장갑 (무옵션/행운)										
	25	10	98	0	0	0	1	0	1	1000	//블러드엔젤나이트장갑 (행운)
	25	10	99	0	0	0	1	0	1	1000	//블러드엔젤위자드장갑 (행운)
	25	10	100	0	0	0	1	0	1	1000	//블러드엔젤엘프장갑 (행운)
	25	10	101	0	0	0	1	0	1	1000	//블러드엔젤서머너장갑 (행운)
	25	10	102	0	0	0	1	0	1	1000	//블러드엔젤매직장갑 (행운)
	25	10	103	0	0	0	1	0	1	1000	//블러드엔젤로드장갑 (행운)
//	25	10	104	0	0	0	1	0	1	1000	//블러드엔젤파이터장갑 (행운)
	25	10	105	0	0	0	1	0	1	1000	//블러드엔젤랜서장갑 (행운)
//	블러드엔젤장갑 (옵션/행운)										
	25	10	98	0	0	0	1	1	1	1000	//블러드엔젤나이트장갑 (옵션/행운)
	25	10	99	0	0	0	1	1	1	1000	//블러드엔젤위자드장갑 (옵션/행운)
	25	10	100	0	0	0	1	1	1	1000	//블러드엔젤엘프장갑 (옵션/행운)
	25	10	101	0	0	0	1	1	1	1000	//블러드엔젤서머너장갑 (옵션/행운)
	25	10	102	0	0	0	1	1	1	1000	//블러드엔젤매직장갑 (옵션/행운)
	25	10	103	0	0	0	1	1	1	1000	//블러드엔젤로드장갑 (옵션/행운)
//	25	10	104	0	0	0	1	1	1	1000	//블러드엔젤파이터장갑 (옵션/행운)
	25	10	105	0	0	0	1	1	1	1000	//블러드엔젤랜서장갑 (옵션/행운)
//	Number	type	index	minLevel	maxLevel	skill	luck	addoption	exitemflag	Rate	
//	투구										
//	블러드엔젤투구 (무옵션)										
	25	7	98	0	0	0	0	0	1	1000	//블러드엔젤나이트투구
	25	7	99	0	0	0	0	0	1	1000	//블러드엔젤위자드투구
	25	7	100	0	0	0	0	0	1	1000	//블러드엔젤엘프투구
	25	7	101	0	0	0	0	0	1	1000	//블러드엔젤서머너투구
//	25	7	102	0	0	0	0	0	1	1000	//블러드엔젤매직투구
	25	7	103	0	0	0	0	0	1	1000	//블러드엔젤로드투구
	25	7	104	0	0	0	0	0	1	1000	//블러드엔젤파이터투구
	25	7	105	0	0	0	0	0	1	1000	//블러드엔젤랜서투구
//	블러드엔젤투구 (옵션)										
	25	7	98	0	0	0	0	1	1	1000	//블러드엔젤나이트투구 (옵션)
	25	7	99	0	0	0	0	1	1	1000	//블러드엔젤위자드투구 (옵션)
	25	7	100	0	0	0	0	1	1	1000	//블러드엔젤엘프투구 (옵션)
	25	7	101	0	0	0	0	1	1	1000	//블러드엔젤서머너투구 (옵션)
//	25	7	102	0	0	0	0	1	1	1000	//블러드엔젤매직투구 (옵션)
	25	7	103	0	0	0	0	1	1	1000	//블러드엔젤로드투구 (옵션)
	25	7	104	0	0	0	0	1	1	1000	//블러드엔젤파이터투구 (옵션)
	25	7	105	0	0	0	0	1	1	1000	//블러드엔젤랜서투구 (옵션)
//	블러드엔젤투구 (무옵션/행운)										
	25	7	98	0	0	0	0	0	1	1000	//블러드엔젤나이트투구 (행운)
	25	7	99	0	0	0	0	0	1	1000	//블러드엔젤위자드투구 (행운)
	25	7	100	0	0	0	0	0	1	1000	//블러드엔젤엘프투구 (행운)
	25	7	101	0	0	0	0	0	1	1000	//블러드엔젤서머너투구 (행운)
//	25	7	102	0	0	0	0	0	1	1000	//블러드엔젤매직투구 (행운)
	25	7	103	0	0	0	0	0	1	1000	//블러드엔젤로드투구 (행운)
	25	7	104	0	0	0	0	0	1	1000	//블러드엔젤파이터투구 (행운)
	25	7	105	0	0	0	0	0	1	1000	//블러드엔젤랜서투구 (행운)
//	블러드엔젤투구 (옵션/행운)										
	25	7	98	0	0	0	0	1	1	1000	//블러드엔젤나이트투구 (옵션/행운)
	25	7	99	0	0	0	0	1	1	1000	//블러드엔젤위자드투구 (옵션/행운)
	25	7	100	0	0	0	0	1	1	1000	//블러드엔젤엘프투구 (옵션/행운)
	25	7	101	0	0	0	0	1	1	1000	//블러드엔젤서머너투구 (옵션/행운)
//	25	7	102	0	0	0	0	1	1	1000	//블러드엔젤매직투구 (옵션/행운)
	25	7	103	0	0	0	0	1	1	1000	//블러드엔젤로드투구 (옵션/행운)
	25	7	104	0	0	0	0	1	1	1000	//블러드엔젤파이터투구 (옵션/행운)
	25	7	105	0	0	0	0	1	1	1000	//블러드엔젤랜서투구 (옵션/행운)
//	Number	type	index	minLevel	maxLevel	skill	luck	addoption	exitemflag	Rate	
//	바지										
//	블러드엔젤바지 (무옵션)										
	25	9	98	0	0	0	0	0	1	1000	//블러드엔젤나이트바지
	25	9	99	0	0	0	0	0	1	1000	//블러드엔젤위자드바지
	25	9	100	0	0	0	0	0	1	1000	//블러드엔젤엘프바지
	25	9	101	0	0	0	0	0	1	1000	//블러드엔젤서머너바지
	25	9	102	0	0	0	0	0	1	1000	//블러드엔젤매직바지
	25	9	103	0	0	0	0	0	1	1000	//블러드엔젤로드바지
	25	9	104	0	0	0	0	0	1	1000	//블러드엔젤파이터바지
	25	9	105	0	0	0	0	0	1	1000	//블러드엔젤랜서바지
//	블러드엔젤바지 (옵션)										
	25	9	98	0	0	0	0	1	1	1000	//블러드엔젤나이트바지 (옵션)
	25	9	99	0	0	0	0	1	1	1000	//블러드엔젤위자드바지 (옵션)
	25	9	100	0	0	0	0	1	1	1000	//블러드엔젤엘프바지 (옵션)
	25	9	101	0	0	0	0	1	1	1000	//블러드엔젤서머너바지 (옵션)
	25	9	102	0	0	0	0	1	1	1000	//블러드엔젤매직바지 (옵션)
	25	9	103	0	0	0	0	1	1	1000	//블러드엔젤로드바지 (옵션)
	25	9	104	0	0	0	0	1	1	1000	//블러드엔젤파이터바지 (옵션)
	25	9	105	0	0	0	0	1	1	1000	//블러드엔젤랜서바지 (옵션)
//	블러드엔젤바지 (무옵션/행운)										
	25	9	98	0	0	0	1	0	1	1000	//블러드엔젤나이트바지 (행운)
	25	9	99	0	0	0	1	0	1	1000	//블러드엔젤위자드바지 (행운)
	25	9	100	0	0	0	1	0	1	1000	//블러드엔젤엘프바지 (행운)
	25	9	101	0	0	0	1	0	1	1000	//블러드엔젤서머너바지 (행운)
	25	9	102	0	0	0	1	0	1	1000	//블러드엔젤매직바지 (행운)
	25	9	103	0	0	0	1	0	1	1000	//블러드엔젤로드바지 (행운)
	25	9	104	0	0	0	1	0	1	1000	//블러드엔젤파이터바지 (행운)
	25	9	105	0	0	0	1	0	1	1000	//블러드엔젤랜서바지 (행운)
//	블러드엔젤바지 (옵션/행운)										
	25	9	98	0	0	0	1	1	1	1000	//블러드엔젤나이트바지 (옵션/행운)
	25	9	99	0	0	0	1	1	1	1000	//블러드엔젤위자드바지 (옵션/행운)
	25	9	100	0	0	0	1	1	1	1000	//블러드엔젤엘프바지 (옵션/행운)
	25	9	101	0	0	0	1	1	1	1000	//블러드엔젤서머너바지 (옵션/행운)
	25	9	102	0	0	0	1	1	1	1000	//블러드엔젤매직바지 (옵션/행운)
	25	9	103	0	0	0	1	1	1	1000	//블러드엔젤로드바지 (옵션/행운)
	25	9	104	0	0	0	1	1	1	1000	//블러드엔젤파이터바지 (옵션/행운)
	25	9	105	0	0	0	1	1	1	1000	//블러드엔젤랜서바지 (옵션/행운)
//	Number	type	index	minLevel	maxLevel	skill	luck	addoption	exitemflag	Rate	
//	갑옷										
//	블러드엔젤갑옷 (무옵션)										
	25	8	98	0	0	0	0	0	1	1000	//블러드엔젤나이트갑옷
	25	8	99	0	0	0	0	0	1	1000	//블러드엔젤위자드갑옷
	25	8	100	0	0	0	0	0	1	1000	//블러드엔젤엘프갑옷
	25	8	101	0	0	0	0	0	1	1000	//블러드엔젤서머너갑옷
	25	8	102	0	0	0	0	0	1	1000	//블러드엔젤매직갑옷
	25	8	103	0	0	0	0	0	1	1000	//블러드엔젤로드갑옷
	25	8	104	0	0	0	0	0	1	1000	//블러드엔젤파이터갑옷
	25	8	105	0	0	0	0	0	1	1000	//블러드엔젤랜서갑옷
//	블러드엔젤갑옷 (옵션)										
	25	8	98	0	0	0	0	1	1	1000	//블러드엔젤나이트갑옷 (옵션)
	25	8	99	0	0	0	0	1	1	1000	//블러드엔젤위자드갑옷 (옵션)
	25	8	100	0	0	0	0	1	1	1000	//블러드엔젤엘프갑옷 (옵션)
	25	8	101	0	0	0	0	1	1	1000	//블러드엔젤서머너갑옷 (옵션)
	25	8	102	0	0	0	0	1	1	1000	//블러드엔젤매직갑옷 (옵션)
	25	8	103	0	0	0	0	1	1	1000	//블러드엔젤로드갑옷 (옵션)
	25	8	104	0	0	0	0	1	1	1000	//블러드엔젤파이터갑옷 (옵션)
	25	8	105	0	0	0	0	1	1	1000	//블러드엔젤랜서갑옷 (옵션)
//	블러드엔젤갑옷 (무옵션/행운)										
	25	8	98	0	0	0	1	0	1	1000	//블러드엔젤나이트갑옷 (행운)
	25	8	99	0	0	0	1	0	1	1000	//블러드엔젤위자드갑옷 (행운)
	25	8	100	0	0	0	1	0	1	1000	//블러드엔젤엘프갑옷 (행운)
	25	8	101	0	0	0	1	0	1	1000	//블러드엔젤서머너갑옷 (행운)
	25	8	102	0	0	0	1	0	1	1000	//블러드엔젤매직갑옷 (행운)
	25	8	103	0	0	0	1	0	1	1000	//블러드엔젤로드갑옷 (행운)
	25	8	104	0	0	0	1	0	1	1000	//블러드엔젤파이터갑옷 (행운)
	25	8	105	0	0	0	1	0	1	1000	//블러드엔젤랜서갑옷 (행운)
//	블러드엔젤갑옷 (옵션/행운)										
	25	8	98	0	0	0	1	1	1	1000	//블러드엔젤나이트갑옷 (옵션/행운)
	25	8	99	0	0	0	1	1	1	1000	//블러드엔젤위자드갑옷 (옵션/행운)
	25	8	100	0	0	0	1	1	1	1000	//블러드엔젤엘프갑옷 (옵션/행운)
	25	8	101	0	0	0	1	1	1	1000	//블러드엔젤서머너갑옷 (옵션/행운)
	25	8	102	0	0	0	1	1	1	1000	//블러드엔젤매직갑옷 (옵션/행운)
	25	8	103	0	0	0	1	1	1	1000	//블러드엔젤로드갑옷 (옵션/행운)
	25	8	104	0	0	0	1	1	1	1000	//블러드엔젤파이터갑옷 (옵션/행운)
	25	8	105	0	0	0	1	1	1	1000	//블러드엔젤랜서갑옷 (옵션/행운)
end											
//==================================================================================================================================											
end											
											
											

											
											
											
											
											
											
											
											
											
											
											
											
											
											
											
											
											
											
											
											
											
											
											
											
											
											
											
											
											
											
											
											
											
											
											
											
											
											
											
											
											
											
											
											
											
											
											
											
											
											
											
											
											
											
											
											
											
											
											
											
											
											
											
											
											
											
											
											
											
											
											
											
											
											
											
											
											
											
											
											
											
											
											
											
											
											
											
											
											
											
											
											
											
											
											
											
											
											
											
											
											
											
											
											
											
											
											
											
											
											
											
											
											
											
											
											
											
											
											
											
											
											
											
											
											
											
											
											
											
											
											
											
											
											
											
											
											
											
											
											
											
											
											
											
											
											
											
											
											
											
											
											
											
											
											
