// Text Ver. 0.0.0.2																				
// Version 0.99y  - T서버																				
// Version 0.99y  - M서버																				
// 최종 작업자 - 김현지																				
// 최종 작업일 - 2008-05-20  2:35:49 PM																				
// 내용: 빨간혼돈의상자 아이템백 제작 (eventitembag39)																				
//드롭가능맵 설정																				
0																				
//	MapIndex	Drop Flag	Min Monster Level	Max MonsterLevel																
	0	0	0	1000	//로랜시아															
	1	0	0	1000	//던전															
	2	0	0	1000	//데비아스															
	3	0	0	1000	//노리아															
	4	0	0	1000	//로스트타워															
	5	0	0	1000	//빈공간															
	6	0	0	1000	//경기장(배틀사커)															
	7	0	0	1000	//아틀란스															
	8	0	0	1000	//타르칸															
	9	0	0	1000	//악마의광장															
	10	0	0	1000	//이카루스															
end																				
																				
//드롭젠 및 아이템드롭 확률																				
//이벤트아이템 드롭 확률은 EventItemDropRate/1000																				
//아이템드롭 확률은 ItemDropRate/100. ExItemDropRate/1000																				
1																				
//	EventName	DropZen	EventItemType	EventItemIndex	EventItemLevel	EventItemDropRate	ItemDropRate	ExItemDropRate												
	"PCBangGage_R"	60000	0	0	0	0	1000	0												
end																				
																				
//skill. luck. addtoption 의 값이 1이면 랜덤으로 적용. 0이면 적용안함 																				
2																				
//	type	index	minLevel	maxLevel	skill	luck	addoption	exitemflag												
//2007년 3월 27일 ~																				
//획득확률 : 200/10000																				
200																				
	0	12	6	9	1	1	1	0	//태양검											
	0	14	6	9	1	1	1	0	//번개검											
	3	9	6	9	1	1	1	0	//발록의낫											
	4	5	6	9	1	1	1	0	//실버보우											
	4	13	6	9	1	1	1	0	//블루윙석궁											
	5	4	6	9	0	1	1	0	//고르곤지팡이											
	5	5	6	9	0	1	1	0	//전설의지팡이											
	5	15	6	9	0	1	1	0	//바이올렌윈드스틱											
end																				
//획득확률 : 500/10000																				
500																				
	7	9	6	9	0	1	1	0	//철판헬멧											
	8	9	6	9	0	1	1	0	//철판갑옷											
	9	9	6	9	0	1	1	0	//철판바지											
	10	9	6	9	0	1	1	0	//철판장갑											
	11	9	6	9	0	1	1	0	//철판부츠											
	7	13	6	9	0	1	1	0	//정령헬멧											
	8	13	6	9	0	1	1	0	//정령갑옷											
	9	13	6	9	0	1	1	0	//정령바지											
	10	13	6	9	0	1	1	0	//정령장갑											
	11	13	6	9	0	1	1	0	//정령부츠											
	7	25	6	9	0	1	1	0	//라운드마스크											
	8	25	6	9	0	1	1	0	//라운드갑옷											
	9	25	6	9	0	1	1	0	//라운드바지											
	10	25	6	9	0	1	1	0	//라운드장갑											
	11	25	6	9	0	1	1	0	//라운드부츠											
end																				
//획득확률 : 200/10000																				
200																				
	7	1	6	9	0	1	1	0	//드라곤투구											
	8	1	6	9	0	1	1	0	//드라곤갑옷											
	9	1	6	9	0	1	1	0	//드라곤바지											
	10	1	6	9	0	1	1	0	//드라곤장갑											
	11	1	6	9	0	1	1	0	//드라곤부츠											
	7	14	6	9	0	1	1	0	//수호헬멧											
	8	14	6	9	0	1	1	0	//수호갑옷											
	9	14	6	9	0	1	1	0	//수호바지											
	10	14	6	9	0	1	1	0	//수호장갑											
	11	14	6	9	0	1	1	0	//수호부츠											
	7	3	6	9	0	1	1	0	//전설의헬멧											
	8	3	6	9	0	1	1	0	//전설의갑옷											
	9	3	6	9	0	1	1	0	//전설의바지											
	10	3	6	9	0	1	1	0	//전설의장갑											
	11	3	6	9	0	1	1	0	//전설의부츠											
	7	26	6	9	0	1	1	0	//다크소울마스크											
	8	26	6	9	0	1	1	0	//다크소울갑옷											
	9	26	6	9	0	1	1	0	//다크소울바지											
	10	26	6	9	0	1	1	0	//다크소울장갑											
end																				
//획득확률 : 100/10000																				
100																				
	7	34	6	9	0	1	1	0	//애쉬크로우헬멧											
	8	34	6	9	0	1	1	0	//애쉬크로우갑옷											
	9	34	6	9	0	1	1	0	//애쉬크로우바지											
	10	34	6	9	0	1	1	0	//애쉬크로우장갑											
	11	34	6	9	0	1	1	0	//애쉬크로우부츠											
	7	35	6	9	0	1	1	0	//이클립스헬멧											
	8	35	6	9	0	1	1	0	//이클립스갑옷											
	9	35	6	9	0	1	1	0	//이클립스바지											
	10	35	6	9	0	1	1	0	//이클립스장갑											
	11	35	6	9	0	1	1	0	//이클립스부츠											
	7	36	6	9	0	1	1	0	//아이리스헬멧											
	8	36	6	9	0	1	1	0	//아이리스갑옷											
	9	36	6	9	0	1	1	0	//아이리스바지											
	10	36	6	9	0	1	1	0	//아이리스장갑											
	11	36	6	9	0	1	1	0	//아이리스부츠											
end																				
//획득확률 : 500/10000																				
500																				
	6	14	6	9	1	1	1	0	//전설의방패											
	6	12	6	9	1	1	1	0	//브론즈방패											
	6	13	6	9	1	1	1	0	//드라곤방패											
end																				
//획득확률 : 50/10000																				
50																				
	5	2	0	0	0	1	1	1	//독사지팡이											
	5	3	0	0	0	1	1	1	//번개지팡이											
	1	3	0	0	1	1	1	1	//토마호크											
	0	5	0	0	1	1	1	1	//블레이드											
	4	4	0	0	1	1	1	1	//타이거보우											
	4	12	0	0	1	1	1	1	//서팬트석궁											
	2	8	0	0	1	1	1	1	//베틀셉터											
end																				
//획득확률 : 50/10000																				
50																				
	7	6	0	0	0	1	1	1	//비늘헬멧											
	8	6	0	0	0	1	1	1	//비늘갑옷											
	9	6	0	0	0	1	1	1	//비늘바지											
	10	6	0	0	0	1	1	1	//비늘장갑											
	11	6	0	0	0	1	1	1	//비늘부츠											
	7	11	0	0	0	1	1	1	//실크헬멧											
	8	11	0	0	0	1	1	1	//실크갑옷											
	9	11	0	0	0	1	1	1	//실크바지											
	10	11	0	0	0	1	1	1	//실크장갑											
	11	11	0	0	0	1	1	1	//실크부츠											
	7	4	0	0	0	1	1	1	//뼈헬멧											
	8	4	0	0	0	1	1	1	//뼈갑옷											
	9	4	0	0	0	1	1	1	//뼈바지											
	10	4	0	0	0	1	1	1	//뼈장갑											
	11	4	0	0	0	1	1	1	//뼈부츠											
end																				
//획득확률 : 50/10000																				
50																				
	6	5	0	0	1	1	1	1	//드래곤슬레이어방패											
	6	11	0	0	1	1	1	1	//서펜트방패											
end																				
//획득확률 : 20/10000																				
20																				
	12	15	0	0	0	0	0	0	//혼돈의보석											
	14	13	0	0	0	0	0	0	//축복의보석											
	14	14	0	0	0	0	0	0	//영혼의보석											
	14	22	0	0	0	0	0	0	//창조의보석											
end																				
//획득확률 : 30/10000																				
30																				
	14	19	3	4	0	0	0	0	//데빌스퀘어초대권											
	13	18	4	5	0	0	0	0	//투명망토											
end																				
end																				
