// Text Ver. 0.0.0.4																			
// 상용화 7주년 이벤트 행운의 동전 교환																			
// 최종 작업자 - 이기수																			
// 최종 작업일 - 2009-07-16  10:01:00 AM																			
// 내용: 행운의동전 20개 교환 아이템백 수정																			
//드롭가능맵 설정																			
0																			
//	MapIndex	Drop Flag	Min Monster Level	Max MonsterLevel															
	0	0	0	1000	//로랜시아														
	1	0	0	1000	//던전														
	2	0	0	1000	//데비아스														
	3	0	0	1000	//노리아														
	4	0	0	1000	//로스트타워														
	5	0	0	1000	//빈공간														
	6	0	0	1000	//경기장(배틀사커)														
	7	0	0	1000	//아틀란스														
	8	0	0	1000	//타르칸														
	9	0	0	1000	//악마의광장														
	10	0	0	1000	//이카루스														
end																			
																			
//드롭젠 및 아이템드롭 확률																			
//이벤트아이템 드롭 확률은 EventItemDropRate/1000																			
//아이템드롭 확률은 ItemDropRate/100. ExItemDropRate/1000																			
1																			
//	EventName	DropZen	EventItemType	EventItemIndex	EventItemLevel	EventItemDropRate	ItemDropRate	ExItemDropRate											
	"LuckyCoinEvent20"	90000	0	0	0	0	1000	0											
end																			
																			
//skill. luck. addtoption 의 값이 1이면 랜덤으로 적용. 0이면 적용안함 																			
2																			
//	type	index	minLevel	maxLevel	skill	luck	addoption	exitemflag											
//2009년 7월 17일 ~																			
//획득확률 : 3883/10000																			
3883																			
	0	16	5	7	1	1	1	0	//파괴의검										
	0	17	5	7	1	1	1	0	//다크브레이커										
	0	18	5	7	1	1	1	0	//선더블레이드										
	0	31	5	7	1	1	1	0	//데스브로드										
	2	11	5	7	1	1	1	0	//로드셉터										
	3	10	5	7	1	1	1	0	//드라곤스피어										
	4	17	5	7	1	1	1	0	//홀리사이트보우										
	5	8	5	7	0	1	1	0	//파멸의지팡이										
	5	9	5	7	0	1	1	0	//드래곤소울지팡이										
	5	17	5	7	0	1	1	0	//에이션트스틱										
	5	22	5	7	1	1	1	0	//닐의서										
	7	16	5	7	0	1	1	0	//블랙드라곤투구										
	8	16	5	7	0	1	1	0	//블랙드라곤갑옷										
	9	16	5	7	0	1	1	0	//블랙드라곤바지										
	10	16	5	7	0	1	1	0	//블랙드라곤장갑										
	11	16	5	7	0	1	1	0	//블랙드라곤부츠										
	7	17	5	7	0	1	1	0	//다크피닉스투구										
	8	17	5	7	0	1	1	0	//다크피닉스갑옷										
	9	17	5	7	0	1	1	0	//다크피닉스바지										
	10	17	5	7	0	1	1	0	//다크피닉스장갑										
	11	17	5	7	0	1	1	0	//다크피닉스부츠										
end																			
//획득확률 : 3875/10000																			
3875																			
	7	18	5	7	0	1	1	0	//그랜드소울헬멧										
	8	18	5	7	0	1	1	0	//그랜드소울갑옷										
	9	18	5	7	0	1	1	0	//그랜드소울바지										
	10	18	5	7	0	1	1	0	//그랜드소울장갑										
	11	18	5	7	0	1	1	0	//그랜드소울부츠										
	7	19	5	7	0	1	1	0	//홀리스프릿헬멧										
	8	19	5	7	0	1	1	0	//홀리스프릿갑옷										
	9	19	5	7	0	1	1	0	//홀리스프릿바지										
	10	19	5	7	0	1	1	0	//홀리스프릿장갑										
	11	19	5	7	0	1	1	0	//홀리스프릿부츠										
	7	27	5	7	0	1	1	0	//다크브리즌마스크										
	8	27	5	7	0	1	1	0	//다크브리즌갑옷										
	9	27	5	7	0	1	1	0	//다크브리즌바지										
	10	27	5	7	0	1	1	0	//다크브리즌장갑										
	11	27	5	7	0	1	1	0	//다크브리즌부츠										
end																			
//획득확률 : 150/10000																			
150																			
	0	13	0	0	1	1	1	1	//더블블레이드										
	2	10	0	0	1	1	1	1	//그레이트셉터										
	2	9	0	0	1	1	1	1	//마스터셉터										
	2	7	0	0	1	1	1	1	//엘리멘탈메이스										
	3	9	0	0	1	1	1	1	//발록의낫										
	4	14	0	0	1	1	1	1	//아쿠아골드석궁										
	4	16	0	0	1	1	1	1	//세인트크로스석궁										
	5	16	0	0	0	1	1	1	//레드윙스틱										
	5	21	0	0	1	1	1	1	//사아무트의서										
end																			
//획득확률 : 150/10000																			
150																			
	7	1	0	0	1	1	1	1	//드라곤투구										
	8	1	0	0	1	1	1	1	//드라곤갑옷										
	9	1	0	0	1	1	1	1	//드라곤바지										
	10	1	0	0	1	1	1	1	//드라곤장갑										
	11	1	0	0	1	1	1	1	//드라곤부츠										
	7	14	0	0	1	1	1	1	//수호헬멧										
	8	14	0	0	1	1	1	1	//수호갑옷										
	9	14	0	0	1	1	1	1	//수호바지										
	10	14	0	0	1	1	1	1	//수호장갑										
	11	14	0	0	1	1	1	1	//수호부츠										
	7	3	0	0	1	1	1	1	//전설의헬멧										
	8	3	0	0	1	1	1	1	//전설의갑옷										
	9	3	0	0	1	1	1	1	//전설의바지										
	10	3	0	0	1	1	1	1	//전설의장갑										
	11	3	0	0	1	1	1	1	//전설의부츠										
	8	15	0	0	1	1	1	1	//아틀란스갑옷										
	9	15	0	0	1	1	1	1	//아틀란스바지										
	10	15	0	0	1	1	1	1	//아틀란스장갑										
	11	15	0	0	1	1	1	1	//아틀란스부츠										
	7	26	0	0	1	1	1	1	//다크소울마스크										
	8	26	0	0	1	1	1	1	//다크소울갑옷										
	9	26	0	0	1	1	1	1	//다크소울바지										
	10	26	0	0	1	1	1	1	//다크소울장갑										
	11	26	0	0	1	1	1	1	//다크소울부츠										
	7	34	0	0	1	1	1	1	//애쉬크로우헬멧										
	8	34	0	0	1	1	1	1	//애쉬크로우갑옷										
	9	34	0	0	1	1	1	1	//애쉬크로우바지										
	10	34	0	0	1	1	1	1	//애쉬크로우장갑										
	11	34	0	0	1	1	1	1	//애쉬크로우부츠										
	7	35	0	0	1	1	1	1	//이클립스헬멧										
	8	35	0	0	1	1	1	1	//이클립스갑옷										
	9	35	0	0	1	1	1	1	//이클립스바지										
	10	35	0	0	1	1	1	1	//이클립스장갑										
	11	35	0	0	1	1	1	1	//이클립스부츠										
	7	36	0	0	1	1	1	1	//아이리스헬멧										
	8	36	0	0	1	1	1	1	//아이리스갑옷										
	9	36	0	0	1	1	1	1	//아이리스바지										
	10	36	0	0	1	1	1	1	//아이리스장갑										
	11	36	0	0	1	1	1	1	//아이리스부츠										
	8	37	0	0	1	1	1	1	//발리언트갑옷										
	9	37	0	0	1	1	1	1	//발리언트바지										
	10	37	0	0	1	1	1	1	//발리언트장갑										
	11	37	0	0	1	1	1	1	//발리언트부츠										
	7	34	0	0	1	1	1	1	//애쉬크로우헬멧										
	8	34	0	0	1	1	1	1	//애쉬크로우갑옷										
	9	34	0	0	1	1	1	1	//애쉬크로우바지										
	10	34	0	0	1	1	1	1	//애쉬크로우장갑										
	11	34	0	0	1	1	1	1	//애쉬크로우부츠										
	7	35	0	0	1	1	1	1	//이클립스헬멧										
	8	35	0	0	1	1	1	1	//이클립스갑옷										
	9	35	0	0	1	1	1	1	//이클립스바지										
	10	35	0	0	1	1	1	1	//이클립스장갑										
	11	35	0	0	1	1	1	1	//이클립스부츠										
	7	36	0	0	1	1	1	1	//아이리스헬멧										
	8	36	0	0	1	1	1	1	//아이리스갑옷										
	9	36	0	0	1	1	1	1	//아이리스바지										
	10	36	0	0	1	1	1	1	//아이리스장갑										
	11	36	0	0	1	1	1	1	//아이리스부츠										
	7	38	0	0	1	1	1	1	//글로리어스마스크										
	8	38	0	0	1	1	1	1	//글로리어스갑옷										
	9	38	0	0	1	1	1	1	//글로리어스바지										
	10	38	0	0	1	1	1	1	//글로리어서장갑										
	11	38	0	0	1	1	1	1	//글로리어스부츠										
	7	40	0	0	1	1	1	1	//레드윙헬멧										
	8	40	0	0	1	1	1	1	//레드윙갑옷										
	9	40	0	0	1	1	1	1	//레드윙바지										
	10	40	0	0	1	1	1	1	//레드윙장갑										
	11	40	0	0	1	1	1	1	//레드윙부츠										
	6	13	0	0	1	1	1	1	//드라곤방패										
	6	14	0	0	1	1	1	1	//전설의방패										
	6	16	0	0	1	1	1	1	//엘리멘탈방패										
end																			
//획득확률 : 1910/10000																			
1910																			
	12	15	0	0	0	0	0	0	//혼돈의보석										
	14	14	0	0	0	0	0	0	//영혼의보석										
	14	13	0	0	0	0	0	0	//축복의보석										
	14	22	0	0	0	0	0	0	//창조의보석										
	14	42	0	0	0	0	0	0	//조화의보석										
	14	16	0	0	0	0	0	0	//생명의보석										
end																			
//획득확률 : 20/10000																			
20																			
	13	65	0	0	0	0	0	0	//수호정령										
end																			
//획득확률 : 10/10000																			
10																			
	13	80	0	0	0	0	0	0	//팬더펫										
	13	64	0	0	0	0	0	0	//데몬										
end																			
//획득확률 : 2/10000																			
2																			
	14	96	0	0	0	0	0	0	//카오스조합부적										
end																			
end																			
