//////////////////////////////////////////////////////////////////////////////////////																	
// EventItemBag 114																	
//	[ Start  ] 	2013.10.21															
//	[ Latest ]	2013-10-25 05:28 PM															
//	[ Author ]	김의건															
//	[ Version ]	0.0.0.2															
//	[ Text ]	로드실베스터 드롭 아이템															
//	[ Desc ]	아이템 백 변경(4차스피어,400소켓,펜타그램 추가)															
//////////////////////////////////////////////////////////////////////////////////////																	
// 젠 드롭 확률은 아이템 드롭확률을 제외한 나머지 확률임																	
//드롭가능맵 설정																	
0																	
//	MapIndex	Drop Flag	Min Monster Level	Max MonsterLevel													
	0	0	0	1000	//로랜시아												
	1	0	0	1000	//던전												
	2	0	0	1000	//데비아스												
	3	0	0	1000	//노리아												
	4	0	0	1000	//로스트타워												
	5	0	0	1000	//빈공간												
	6	0	0	1000	//경기장(배틀사커)												
	7	0	0	1000	//아틀란스												
	8	0	0	1000	//타르칸												
	9	0	0	1000	//악마의광장												
	10	0	0	1000	//이카루스												
end																	
																	
//드롭젠 및 아이템드롭 확률																	
//이벤트아이템 드롭 확률은 EventItemDropRate/1000																	
//아이템드롭 확률은 ItemDropRate/100. ExItemDropRate/1000																	
1																	
//	EventName	DropZen	EventItemType	EventItemIndex	EventItemLevel	EventItemDropRate	ItemDropRate	ExItemDropRate									
	"Lord Silvester_Drop"	0	0	0	0	0	100	1									
end																	
																	
//skill. luck. addtoption 의 값이 1이면 랜덤으로 적용. 0이면 적용안함 																	
// 확률값 내부에 확률 지정 카테고리 개수가 20개를 초과하면 안됨.																	
// 젠 드롭 확률 : 1-(n/10000) 의 확률																	
// 2-3 카테고리 내 확률이 총합 n/10000이 되어야함. (초과하면 안됨)																	
2																	
//	type	index	minLevel	maxLevel	skill	luck	addoption	exitemflag									
//2013년 10월 21일 ~																	
//획득확률 : 1500/10000																	
1500																	
//380소켓 아이템류																	
	0	26	3	5	1	1	1	0	//플랑베루주								
	0	27	3	5	1	1	1	0	//소드브레이커								
	0	28	3	5	1	1	1	0	//룬바스타드								
	2	16	3	5	1	1	1	0	//프로스트메이스								
	2	17	3	5	1	1	1	0	//앱솔루트셉터								
	4	23	3	5	1	1	1	0	//다크스팅거								
	5	30	3	5	0	1	1	0	//데들리스태프								
	5	31	3	5	0	1	1	0	//인베리알스태프								
	6	17	3	5	1	1	1	0	//크림슨글로리								
	6	18	3	5	1	1	1	0	//샐러맨더실드								
	6	19	3	5	1	1	1	0	//프로스트배리어								
	6	20	3	5	1	1	1	0	//가디안방패								
end																	
//획득확률 : 4000/10000																	
4000																	
//400소켓 아이템류																	
	6	22	3	5	0	1	1	0	//레이지윈드방패								
	6	23	3	5	0	1	1	0	//라이트로드방패								
	6	24	3	5	0	1	1	0	//다크데빌방패								
	6	25	3	5	0	1	1	0	//매직나이트방패								
	6	26	3	5	0	1	1	0	//엠비션투방패								
	7	53	3	5	0	1	1	0	//서큐버스투구								
	7	54	3	5	0	1	1	0	//레이지윈드투구								
	7	55	3	5	0	1	1	0	//다크데빌투구								
	7	56	3	5	0	1	1	0	//스티키투구								
	7	58	3	5	0	1	1	0	//엠비션투구								
	7	74	3	5	0	1	1	0	//스톰윙투구								
	7	75	3	5	0	1	1	0	//라이트로드투구								
	8	53	3	5	0	1	1	0	//서큐버스갑옷								
	8	54	3	5	0	1	1	0	//레이지윈드갑옷								
	8	55	3	5	0	1	1	0	//다크데빌갑옷								
	8	56	3	5	0	1	1	0	//스티키갑옷								
	8	57	3	5	0	1	1	0	//헬나이트갑옷								
	8	58	3	5	0	1	1	0	//엠비션갑옷								
	8	74	3	5	0	1	1	0	//스톰윙갑옷								
	8	75	3	5	0	1	1	0	//라이트로드갑옷								
	8	76	3	5	0	1	1	0	//매직나이트갑옷								
	9	53	3	5	0	1	1	0	//서큐버스바지								
	9	54	3	5	0	1	1	0	//레이지윈드바지								
	9	55	3	5	0	1	1	0	//다크데빌바지								
	9	56	3	5	0	1	1	0	//스티키바지								
	9	57	3	5	0	1	1	0	//헬나이트바지								
	9	58	3	5	0	1	1	0	//엠비션바지								
	9	74	3	5	0	1	1	0	//스톰윙바지								
	9	75	3	5	0	1	1	0	//라이트로드바지								
	9	76	3	5	0	1	1	0	//매직나이트바지								
	10	53	3	5	0	1	1	0	//서큐버스장갑								
	10	54	3	5	0	1	1	0	//레이지윈드장갑								
	10	55	3	5	0	1	1	0	//다크데빌장갑								
	10	56	3	5	0	1	1	0	//스티키장갑								
	10	57	3	5	0	1	1	0	//헬나이트장갑								
	10	58	3	5	0	1	1	0	//엠비션장갑								
	10	74	3	5	0	1	1	0	//스톰윙장갑								
	10	75	3	5	0	1	1	0	//라이트로드장갑								
	10	76	3	5	0	1	1	0	//매직나이트장갑								
	11	53	3	5	0	1	1	0	//서큐버스부츠								
	11	54	3	5	0	1	1	0	//레이지윈드부츠								
	11	55	3	5	0	1	1	0	//다크데빌부츠								
	11	56	3	5	0	1	1	0	//스티키부츠								
	11	57	3	5	0	1	1	0	//헬나이트부츠								
	11	58	3	5	0	1	1	0	//엠비션부츠								
	11	74	3	5	0	1	1	0	//스톰윙부츠								
	11	75	3	5	0	1	1	0	//라이트로드부츠								
	11	76	3	5	0	1	1	0	//매직나이트부츠								
end																	
//획득확률 : 1500/10000																	
2000																	
//4차스피어아이템류																	
	12	73	0	0	0	0	0	0	//스피어(테트라)								
	14	246	0	0	0	0	0	0	//테트라 결정체(중급)								
	14	247	0	0	0	0	0	0	//테트라 결정체(하급)								
end																	
//획득확률 : 500/10000																	
500																	
//4차스피어아이템류																	
	14	245	0	0	0	0	0	0	//테트라 결정체(상급)								
end																	
//획득확률 : 1600/10000																	
1600																	
//펜타그램 아이템류																	
	12	202	0	0	0	0	0	0	//로랜시아 기사단 철벽방패								
	12	203	0	0	0	0	0	0	//마력깃든 기사단 철벽방패								
	12	204	0	0	0	0	0	0	//영웅의 비약								
end																	
//획득확률 : 350/10000																	
350																	
//펜타그램(레어) 아이템류																	
	12	205	0	0	0	0	0	0	//용맹스런 영웅의 비약								
	12	206	0	0	0	0	0	0	//검투사의 단도								
	12	207	0	0	0	0	0	0	//무자비한 검투사의 단도								
	12	208	0	0	0	0	0	0	//쿤둔의 광기 칼날								
	12	209	0	0	0	0	0	0	//쿤둔의 마법 주문서								
	12	210	0	0	0	0	0	0	//제국수호군의 보루								
	12	211	0	0	0	0	0	0	//이카루스의 고서								
end																	
//획득확률 : 50/10000																	
50																	
//펜타그램(희귀) 아이템류																	
	12	212	0	0	0	0	0	0	//아르카나 예언서								
	12	213	0	0	0	0	0	0	//안토니아스의 검								
	12	214	0	0	0	0	0	0	//쿤둔의 봉인서								
end																	
end																	
