// Text Ver. 0.0.0.1																		
// Version 0.10  - T서버																		
// Version 0.10  - M서버																		
// 최종 작업자 - 이민정																		
// 최종 작업일 - 2007-01-17  11:37:53 AM																		
// 내용: 용사의반지(eventitembag35.txt)																		
//	type	index	Level	skill	Option	addoption												
// 일반 무기류 - 기사																		
	1	3	7	1	1	1	//토마호크											
	0	3	7	1	1	1	//카타치											
	0	7	7	1	1	1	//펄션											
	0	9	7	1	1	1	//셀러멘더검											
// 일반 방어구류 - 기사																		
	7	5	7	0	1	1	//가죽헬멧											
	8	5	7	0	1	1	//가죽갑옷											
	9	5	7	0	1	1	//가죽바지											
	10	5	7	0	1	1	//가죽장갑
	11	5	7	0	1	1	//가죽부츠
	7	0	7	0	1	1	//청동투구
	8	0	7	0	1	1	//청동갑옷
	9	0	7	0	1	1	//청동바지
	10	0	7	0	1	1	//청동장갑
	11	0	7	0	1	1	//청동부츠
	7	6	7	0	1	1	//비늘헬멧
	8	6	7	0	1	1	//비늘갑옷
	9	6	7	0	1	1	//비늘바지
	10	6	7	0	1	1	//비늘장갑
	11	6	7	0	1	1	//비늘부츠
// 일반 무기류 - 흑마법사							
	5	0	7	0	1	1	//해골지팡이
	5	2	7	0	1	1	//독사지팡이
	5	3	7	0	1	1	//번개지팡이
// 일반 무기류 - 흑마법사							
	7	2	7	0	1	1	//패드투구
	8	2	7	0	1	1	//패드갑옷
	9	2	7	0	1	1	//패드바지
	10	2	7	0	1	1	//패드장갑
	11	2	7	0	1	1	//패드부츠
	7	4	7	0	1	1	//뼈헬멧
	8	4	7	0	1	1	//뼈갑옷
	9	4	7	0	1	1	//뼈바지
	10	4	7	0	1	1	//뼈장갑
	11	4	7	0	1	1	//뼈부츠
// 일반 무기류 - 요정							
	4	9	7	1	1	1	//황금석궁
	4	10	7	1	1	1	//아큐버스
	4	3	7	1	1	1	//전투활
	4	11	7	1	1	1	//빛의석궁
// 일반 방어구류 - 요정							
	7	10	7	0	1	1	//넝쿨헬멧
	8	10	7	0	1	1	//넝쿨갑옷
	9	10	7	0	1	1	//넝쿨바지
	10	10	7	0	1	1	//넝쿨장갑
	11	10	7	0	1	1	//넝쿨부츠
