// Text Ver. 0.0.0.1																	
// Version 0.99y  - T서버																	
// Version 0.99y  - M서버																	
// 최종 작업자 - 이민정																	
// 최종 작업일 - 2006-04-06  10:32:18 AM																	
// 내용: 발가스 아이템백 추가																	
																	
//드롭가능맵 설정																	
0																	
//	MapIndex	Drop Flag	Min Monster Level	Max MonsterLevel													
	0	0	0	1000	//로랜시아												
	1	0	0	1000	//던전												
	2	0	0	1000	//데비아스												
	3	0	0	1000	//노리아												
	4	0	0	1000	//로스트타워												
	5	0	0	1000	//빈공간												
	6	0	0	1000	//경기장(배틀사커)												
	7	0	0	1000	//아틀란스												
	8	0	0	1000	//타르칸												
	9	0	0	1000	//악마의광장												
	10	0	0	1000	//이카루스												
end																	
																	
//드롭젠 및 아이템드롭 확률																	
//이벤트아이템 드롭 확률은 EventItemDropRate/1000																	
//아이템드롭 확률은 ItemDropRate/100, ExItemDropRate/1000																	
1																	
//	EventName	DropZen	EventItemType	EventItemIndex	EventItemLevel	EventItemDropRate	ItemDropRate	ExItemDropRate									
	"none"	1000000	0	0	0	0	100	1									
end																	
																	
//skill, luck, addtoption 의 값이 1이면 랜덤으로 적용, 0이면 적용안함																	
2																	
//	type	index	minLevel	maxLevel	skill	luck	addoption	exitemflag									
//엑설런트 무기류																	
	0	16	0	0	1	1	1	1	//"파괴의검"								
	2	10	0	0	1	1	1	1	//"그레이트셉터"								
	3	10	0	0	1	1	1	1	//"드라곤스피어"								
	4	16	0	0	1	1	1	1	//"세인트크로스석궁"								
	4	17	0	0	1	1	1	1	//"홀리사이트보우"								
	5	8	0	0	1	1	1	1	//"파멸의지팡이"								
	5	9	0	0	1	1	1	1	//"드래곤소울지팡이"								
//방어구류																	
	7	21	3	5	0	1	1	0	//"그레이트드라곤투구"								
	7	22	3	5	0	1	1	0	//"블랙소울헬멧"								
	7	24	3	5	0	1	1	0	//"레드스피릿헬멧"								
	7	28	3	5	0	1	1	0	//"다크마스터마스크"								
	8	21	3	5	0	1	1	0	//"그레이트드라곤갑옷"								
	8	22	3	5	0	1	1	0	//"블랙소울갑옷"
	8	23	3	5	0	1	1	0	//"아스릴갑옷"
	8	24	3	5	0	1	1	0	//"레드스피릿갑옷"
	8	28	3	5	0	1	1	0	//"다크마스터갑옷"
	9	21	3	5	0	1	1	0	//"그레이트드라곤바지"
	9	22	3	5	0	1	1	0	//"블랙소울바지"
	9	23	3	5	0	1	1	0	//"아스릴바지"
	9	24	3	5	0	1	1	0	//"레드스피릿바지"
	9	28	3	5	0	1	1	0	//"다크마스터바지"
	10	21	3	5	0	1	1	0	//"그레이트드라곤장갑"
	10	22	3	5	0	1	1	0	//"블랙소울장갑"
	10	23	3	5	0	1	1	0	//"아스릴장갑"
	10	24	3	5	0	1	1	0	//"레드스피릿장갑"
	10	28	3	5	0	1	1	0	//"다크마스터장갑"
	11	21	3	5	0	1	1	0	//"그레이트드라곤부츠"
	11	22	3	5	0	1	1	0	//"블랙소울부츠"
	11	23	3	5	0	1	1	0	//"아스릴부츠"
	11	24	3	5	0	1	1	0	//"레드스피릿부츠"
	11	28	3	5	0	1	1	0	//"다크마스터부츠"
//엑설런트 방어구류									
	7	16	0	0	0	1	1	1	//"블랙드라곤투구"
	7	18	0	0	0	1	1	1	//"그랜드소울헬멧"
	7	19	0	0	0	1	1	1	//"홀리스프릿헬멧"
	7	27	0	0	0	1	1	1	//"다크브리즌마스크"
	8	16	0	0	0	1	1	1	//"블랙드라곤갑옷"
	8	18	0	0	0	1	1	1	//"그랜드소울갑옷"
	8	19	0	0	0	1	1	1	//"홀리스프릿갑옷"
	8	27	0	0	0	1	1	1	//"다크브리즌갑옷"
	8	20	0	0	0	1	1	1	//"선더호크갑옷"
	9	16	0	0	0	1	1	1	//"블랙드라곤바지"
	9	18	0	0	0	1	1	1	//"그랜드소울바지"
	9	19	0	0	0	1	1	1	//"홀리스프릿바지"
	9	27	0	0	0	1	1	1	//"다크브리즌바지"
	9	20	0	0	0	1	1	1	//"선더호크바지"
	10	16	0	0	0	1	1	1	//"블랙드라곤장갑"
	10	18	0	0	0	1	1	1	//"그랜드소울장갑"
	10	19	0	0	0	1	1	1	//"홀리스프릿장갑"
	10	27	0	0	0	1	1	1	//"다크브리즌장갑"
	10	20	0	0	0	1	1	1	//"선더호크장갑"
	11	16	0	0	0	1	1	1	//"블랙드라곤부츠"
	11	18	0	0	0	1	1	1	//"그랜드소울부츠"
	11	19	0	0	0	1	1	1	//"홀리스프릿부츠"
	11	27	0	0	0	1	1	1	//"다크브리즌부츠"
	11	20	0	0	0	1	1	1	//"선더호크부츠"
