// 대상 : 엘베란드 (실비아) (44/229)							
//Text ver : 0.0.0.1							
// 대상서버 : 블루 뮤 서버							
//최종작업자 : 사재일							
//최종작업일 : 2015-02-13 12:11 PM							
//작업내용 : 점핑서버							
//type	index	level	dur	op1	op2	op3	
// 블러드캐슬 입장권							
13	16	1	0	0	0	0	//대천사의서+1
13	16	2	0	0	0	0	//대천사의서+2
13	16	3	0	0	0	0	//대천사의서+3
13	16	4	0	0	0	0	//대천사의서+4
13	16	5	0	0	0	0	//대천사의서+5
13	16	6	0	0	0	0	//대천사의서+6
13	16	7	0	0	0	0	//대천사의서+7
13	17	1	0	0	0	0	//블러드본+1
13	17	2	0	0	0	0	//블러드본+2
13	17	3	0	0	0	0	//블러드본+3
13	17	4	0	0	0	0	//블러드본+4
13	17	5	0	0	0	0	//블러드본+5
13	17	6	0	0	0	0	//블러드본+6
13	17	7	0	0	0	0	//블러드본+7
// 악마의광장 입장권							
14	17	1	0	0	0	0	//악마의눈+1
14	17	2	0	0	0	0	//악마의눈+2
14	17	3	0	0	0	0	//악마의눈+3
14	17	4	0	0	0	0	//악마의눈+4
14	17	5	0	0	0	0	//악마의눈+5
14	17	6	0	0	0	0	//악마의눈+6
14	17	7	0	0	0	0	//악마의눈+7
14	18	1	0	0	0	0	//악마의열쇠+1
14	18	2	0	0	0	0	//악마의열쇠+2
14	18	3	0	0	0	0	//악마의열쇠+3
14	18	4	0	0	0	0	//악마의열쇠+4
14	18	5	0	0	0	0	//악마의열쇠+5
14	18	6	0	0	0	0	//악마의열쇠+6
14	18	7	0	0	0	0	//악마의열쇠+7
// 카캐입장권							
13	29	0	1	0	0	0	//근위병의갑옷세트
// 일반, 물약							
14	9	0	1	0	0	0	//술
14	10	0	1	0	0	0	//마을귀환문서
14	5	0	3	0	0	0	//중간마나물약(3)
14	6	0	3	0	0	0	//큰마나물약(3)
14	8	0	3	0	0	0	//해독물약(3)
// 물약리스트+1							
14	1	1	3	0	0	0	//작은치료물약(3)
14	2	1	3	0	0	0	//중간치료물약(3)
14	3	1	3	0	0	0	//큰치료물약(3)
// 활/석궁통							
4	7	0	255	0	0	0	//석궁용화살
4	7	1	255	0	0	0	//석궁용화살(+1)
4	7	2	255	0	0	0	//석궁용화살(+2)
4	7	3	255	0	0	0	//석궁용화살(+3)
4	15	0	255	0	0	0	//화살
4	15	1	255	0	0	0	//화살(+1)
4	15	2	255	0	0	0	//화살(+2)
4	15	3	255	0	0	0	//화살(+3)
// 뮨 에너지 변환기							
13	239	0	0	0	0	0	//뮨 에너지 변환기
//추가							
13	31	0	0	0	0	0	//다크호스의영혼
13	31	1	0	0	0	0	//다크스피릿의영혼
13	14	0	0	0	0	0	//로크의깃털
13	14	1	0	0	0	0	//렉스밀론의문장
13	52	0	0	0	0	0	//콘도르의불꽃
13	53	0	0	0	0	0	//콘도르의깃털
2	6	4	0	1	1	4	//카오스드라곤의도끼
12	15	0	0	0	0	0	//혼돈의보석
end							
