// 대상 : 로랜시아 주점 아가씨(리아먼) (123.135)								
//Text ver : 0.0.0.1								
// 대상서버 : 블루 뮤 서버								
//최종작업자 : 이기수								
//최종작업일 : 2013-07-24 4:59 PM								
//작업내용 : 칼루탄 볼로 판매리스트 삭제, 각 마을 스킬북 추가								
//type	index	level	dur	op1	op2	op3		
// 구슬류								
12	13	0	1	0	0	0	//창찌르기구슬	
12	7	0	1	0	0	0	//회오리베기구슬	
12	14	0	1	0	0	0	//스웰라이프구슬	
12	12	0	1	0	0	0	//분노의일격구	
12	16	0	1	0	0	0	//블러드어택구슬	
12	19	0	1	0	0	0	//블로우구슬	
12	44	0	1	0	0	0	//파괴의일격구슬	
12	47	0	1	0	0	0	//플레임스트라이크구슬	
// 마법서류								
15	0	0	1	0	0	0	//포이즌법서	
15	1	0	1	0	0	0	//운석법서	
15	2	0	1	0	0	0	//번개법서	
15	3	0	1	0	0	0	//파이어볼법서	
15	4	0	1	0	0	0	//불기둥법서	
15	5	0	1	0	0	0	//순간이동법서	
15	6	0	1	0	0	0	//얼음법서	
15	7	0	1	0	0	0	//회오리법서	
15	8	0	1	0	0	0	//악령법서	
15	9	0	1	0	0	0	//헬파이어법서	
15	10	0	1	0	0	0	//파워웨이브법서	
15	11	0	1	0	0	0	//아쿠아플래쉬법서	
15	12	0	1	0	0	0	//블래스트법서	
15	13	0	1	0	0	0	//인페르노법서	
15	14	0	1	0	0	0	//텔레키네시스법서	
15	15	0	1	0	0	0	//소울바리어법서	
15	16	0	1	0	0	0	//데쓰포이즌법서	
15	17	0	1	0	0	0	//서든아이스법서	
15	18	0	1	0	0	0	//헬버스트법서	
15	28	0	1	0	0	0	//마력증대법서	
15	29	0	1	0	0	0	//기간틱스톰법서	
15	30	0	1	0	0	0	//	체인드라이브양피지 (추가)
15	31	0	1	0	0	0	//	다크사이드양피지(추가)
15	32	0	1	0	0	0	//	드레곤로어양피지(추가)
15	33	0	1	0	0	0	//	드레곤슬레셔양피지(추가)
15	34	0	1	0	0	0	//	적방어력무시양피지(추가)
15	35	0	1	0	0	0	//	체력향상양피지(추가)
15	36	0	1	0	0	0	//	방어성공율향상양피지(추가)
14	9	0	0	0	0	0	//술	
14	10	0	1	0	0	0	//마을귀환문서	
14	5	0	3	0	0	0	//중간마나물약(3)	
14	6	0	3	0	0	0	//큰마나물약(3)	
14	8	0	3	0	0	0	//해독물약(3)	
// 물약리스트+1								
14	1	1	3	0	0	0	//작은치료물약(3)	
14	2	1	3	0	0	0	//중간치료물약(3)	
14	3	1	3	0	0	0	//큰치료물약(3)	
end								
