///////////////////////////////////////////////////////////////////////////////////////////////																																	
//		[ Text Version ]	1.5.4.0																														
//		[ Test Sever ver ]	-																														
//		[ Main Sever ver ]	-																														
//		[ Athor ]	홍승욱																														
//		[ Data ]	2014-04-25 11:23 AM																														
//		[ 내용 ]	마스터 스킬 리뉴얼에 대한 소환 몬스터 추가 #2																														
///////////////////////////////////////////////////////////////////////////////////////////////																																	
//index	rate	name	Level	HP	MP	damagemin	damagemax	defence	magicdefence	attackrating	successfulbloking	moverange	attacktype	attackrange	viewrange	movespeed	attackspeed	regentime	attribute	itemrate	moneyrate	maxItemlevel	skill	얼음	독	번개	불	속성	속성패턴	속성방어력	몬스터 구분		
3	1	"거미"	2	30 	0	4	7	1	1	8	1	2	0	1	5	400	1800	10	2	120	0	6	0	0	0	0	0	0	0	0	0		
26	1	"고블린"	3	45 	0	7	10	2	2	13	2	2	0	1	4	400	1800	10	2	120	0	6	0	0	0	0	0	0	0	1	0		
2	1	"버지드래곤"	4	60 	0	10	13	3	3	18	3	3	0	1	4	400	2000	10	2	120	0	6	0	0	0	0	0	0	0	2	0		
27	1	"고리전갈"	5	80 	0	13	17	4	4	23	4	3	0	1	4	400	1800	10	2	120	0	6	0	0	0	0	0	0	0	3	0		
0	1	"소뿔전사"	6	100 	0	16	20	6	6	28	6	3	0	1	5	400	1600	10	2	130	0	6	0	0	0	0	0	0	0	4	0		
33	1	"고블린대장"	8	120 	0	19	23	8	8	33	8	3	0	1	5	400	1600	10	2	130	0	6	0	0	0	0	0	0	0	6	0		
1	1	"하운드"	9	140 	0	22	27	9	9	39	9	3	0	1	5	400	1600	10	2	130	0	6	0	0	0	0	0	0	0	6	0		
28	1	"풍뎅이괴물"	10	165 	0	26	31	10	10	44	10	3	0	1	5	400	1600	10	2	140	0	6	0	0	0	0	0	0	0	7	0		
4	1	"소뿔전사대장"	12	190 	0	31	36	12	12	50	12	3	0	1	4	400	1400	10	2	140	0	6	0	0	0	0	0	0	0	9	0		
29	1	"헌터"	13	220 	0	36	41	13	13	56	13	3	0	4	4	400	1600	10	2	140	0	6	0	0	0	0	0	0	0	9	0		
6	1	"리치"	14	255 	0	41	46	14	14	62	14	3	2	4	7	400	2000	10	2	150	0	6	0	0	0	0	1	0	0	10	0		
30	1	"숲의괴물"	15	295 	0	46	51	15	15	68	15	3	0	1	4	400	1600	10	2	150	0	6	0	0	0	0	0	0	0	11	0		
31	1	"아곤"	16	340 	0	51	57	16	16	74	16	2	0	1	4	400	1400	10	2	150	0	6	0	0	0	0	0	0	0	12	0		
7	1	"자이언트"	17	400 	0	57	62	18	18	80	18	2	0	2	3	400	2200	10	2	150	0	6	0	0	0	0	0	0	0	13	0		
32	1	"돌괴물"	18	465 	0	62	68	20	20	86	20	2	0	2	3	400	2200	10	2	160	0	6	0	0	0	0	0	0	0	15	0		
14	1	"해골전사"	19	525 	0	68	74	22	22	93	22	2	0	1	4	400	1400	10	2	160	0	6	0	0	0	0	0	0	0	16	0		
24	1	"웜"	20	600 	0	75	80	25	25	100	25	3	0	1	4	400	1600	10	2	160	0	6	0	0	2	0	0	0	0	18	0		
22	1	"얼음괴물"	22	650 	0	80	85	27	27	110	27	2	7	1	5	400	2000	10	2	170	0	6	0	0	3	0	0	0	0	20	0		
23	1	"호머드"	24	700 	0	85	90	29	29	120	29	3	0	1	5	400	1600	10	2	170	0	6	0	0	3	0	0	0	0	21	0		
12	1	"유충"	25	750 	0	90	95	31	31	125	31	3	1	1	4	400	1800	10	2	200	0	6	0	2	0	0	0	0	0	23	0		
21	1	"암살자"	26	800 	0	95	100	33	33	130	33	2	0	1	7	400	2000	10	2	180	0	6	0	0	0	0	0	0	0	24	0		
17	1	"싸이크롭스"	28	850 	0	100	105	35	35	140	35	3	0	1	4	400	1600	10	2	170	0	6	0	2	0	0	0	0	0	26	0		
19	1	"설인"	30	900 	0	105	110	37	37	150	37	2	17	4	6	400	2000	10	2	180	0	6	0	0	3	0	0	0	0	27	0		
11	1	"고스트"	32	1000 	0	110	115	40	40	160	39	3	0	1	5	400	1400	10	2	190	0	6	0	2	2	2	2	0	0	30	0		
15	1	"해골궁수"	34	1100 	0	115	120	45	45	170	41	2	0	5	7	400	2000	10	2	190	0	6	0	1	1	1	1	0	0	33	0		
20	1	"설인대장"	36	1200 	0	120	125	50	50	180	43	3	0	1	6	400	1400	10	2	180	0	6	0	1	4	1	1	0	0	37	0		
5	1	"헬하운드"	38	1400 	0	125	130	55	55	190	45	3	0	1	4	400	1200	10	2	190	0	6	0	1	1	1	3	0	0	41	0		
13	1	"헬스파이더"	40	1600 	0	130	135	60	60	200	47	3	11	4	7	400	1600	10	2	190	0	6	0	3	1	1	1	0	0	45	0		
16	1	"해골전사대장"	42	1800 	0	135	140	65	65	210	49	2	0	1	4	400	1600	10	2	190	0	4	0	1	1	1	1	0	0	48	0		
45	1	"바하무트"	43	2400 	0	130	140	65	65	215	52	2	0	1	4	400	1600	8	2	185	28	3	0	1	1	1	1	0	0	48	0		
9	1	"썬더리치"	44	2000 	0	140	145	70	70	220	55	3	3	4	7	400	2200	10	2	190	0	3	0	2	2	3	2	0	0	52	0		
46	1	"베파르"	45	2800 	0	135	145	70	70	225	58	3	17	4	7	400	1600	8	2	185	28	3	0	2	2	3	2	0	0	52	0		
8	1	"포이즌소뿔전사"	46	2500 	0	145	150	75	75	230	61	3	1	1	5	400	1400	10	2	190	0	3	0	6	2	2	2	0	0	56	0		
47	1	"발키리"	46	3200 	0	140	150	75	75	230	64	3	0	5	7	400	1800	8	2	185	28	3	0	6	2	2	2	0	0	56	0		
36	1	"쉐도우"	47	2800 	0	148	153	78	78	235	67	3	0	1	5	400	1400	10	2	200	28	3	0	3	3	3	5	0	0	58	0		
10	1	"다크나이트"	48	3000 	0	150	155	80	80	240	70	3	0	1	5	400	1400	10	2	200	0	3	0	3	3	3	5	0	0	60	0		
39	1	"포이즌쉐도우"	50	3500 	0	155	160	85	85	250	73	3	1	1	5	400	1400	10	2	200	46	3	0	6	4	4	6	0	0	63	0		
34	1	"저주받은법사"	54	4000 	0	160	170	95	95	270	80	3	2	4	7	400	2000	10	2	200	46	3	0	5	5	7	7	0	0	71	0		
41	1	"데쓰카우"	57	4500 	0	170	180	110	110	285	85	3	0	1	7	400	1600	10	2	200	46	3	0	5	5	5	7	0	0	82	0		
37	1	"데빌"	60	5000 	0	180	195	115	115	300	88	3	3	4	7	400	2000	10	2	200	46	3	0	5	5	5	7	0	0	86	0		
40	1	"데쓰나이트"	62	5500 	0	190	200	120	120	310	91	3	0	1	7	400	1800	10	2	200	46	3	0	6	6	6	7	0	0	90	0		
35	1	"데쓰고르곤"	64	6000 	0	200	210	130	130	320	94	3	150	1	7	400	2000	10	2	180	46	3	0	6	6	6	8	0	0	97	0		
51	1	"대형바하무트"	66	7000 	0	210	230	150	150	330	98	3	0	2	7	400	1600	15	2	175	46	3	0	6	6	6	6	0	0	112	0		
52	1	"실버발키리"	68	8000 	0	230	260	170	170	340	110	3	7	4	7	400	1600	15	2	175	46	3	0	7	7	7	7	0	0	127	0		
48	1	"리자드킹"	70	9000 	0	240	270	180	180	350	115	3	3	3	7	400	1600	15	2	175	46	3	0	7	7	7	7	0	0	135	0		
62	1	"뮤턴트"	72	10000 	0	250	280	190	190	365	120	3	0	1	7	400	1400	10	2	170	46	3	0	8	8	8	8	0	0	142	0		
69	1	"알카모스"	75	11500 	0	255	290	195	195	385	125	3	17	5	5	400	1400	10	2	180	46	3	0	9	9	11	9	0	0	146	0		
60	1	"블러디울프"	76	13500 	0	260	300	200	200	410	130	3	0	2	7	400	1400	10	2	170	46	3	0	8	8	8	8	0	0	150	0		
71	1	"메가크러스트"	78	15000 	0	270	320	210	210	430	140	3	0	1	5	400	1400	10	2	180	46	3	0	9	9	12	9	0	0	157	0		
57	1	"아이언휠"	80	17000 	0	280	330	215	215	446	150	3	0	4	7	400	1400	10	2	160	46	3	0	9	9	9	9	0	0	161	0		
70	1	"퀸레이너"	82	19000 	0	305	350	230	230	475	160	3	17	3	5	400	1400	10	2	180	46	3	0	9	11	12	9	0	0	172	0		
58	1	"탄탈로스"	83	22000 	0	335	385	250	250	500	175	3	150	2	7	400	1400	10	2	160	46	3	0	9	9	9	9	0	0	187	0		
61	1	"빔나이트"	84	25000 	0	375	425	275	275	530	190	3	17	4	7	400	1400	10	2	160	46	3	0	10	10	10	10	0	0	206	0		
73	1	"드라칸"	86	29000 	0	425	480	305	305	570	210	3	150	5	5	400	1400	20	2	180	46	3	0	12	12	13	12	0	0	228	0		
74	1	"알파크러스트"	92	34500 	0	489	540	360	360	620	240	3	0	1	5	400	1400	10	2	180	46	3	0	13	13	14	13	0	0	270	0		
72	1	"팬텀나이트"	96	41000 	0	560	610	425	425	690	270	3	150	2	5	400	1400	30	2	180	46	3	0	14	14	16	14	0	0	318	0		
75	1	"자이언트드라칸"	100	50000 	0	650	700	495	495	800	305	3	150	5	5	400	1400	30	2	180	46	3	0	15	15	17	18	0	0	371	0		
																														 			
//보스																														 			
25	1	"아이스퀸"	52	4000 	0	155	165	90	90	260	76	3	11	4	7	400	1400	50	2	180	0	3	0	4	5	4	4	0	0	67	0		
18	1	"고르곤"	55	6000 	0	165	175	100	100	275	82	3	0	1	7	400	1600	150	2	160	0	3	0	6	6	6	6	0	0	75	0		
38	1	"발록"	66	9000 	0	220	240	160	160	330	99	3	150	2	7	400	1600	150	2	160	46	3	0	10	10	10	15	0	0	120	0		
49	1	"히드라"	74	19000 	0	250	310	200	200	430	125	3	150	4	7	400	1400	150	2	175	46	3	0	12	12	12	12	0	0	150	0		
59	1	"자이칸"	90	34000 	0	510	590	400	400	550	185	3	150	5	7	400	1400	150	2	160	46	3	0	13	13	13	15	0	0	300	0		
63	1	"데쓰빔나이트"	93	40000 	0	590	650	420	420	575	220	3	150	5	7	400	1400	150	2	130	46	3	0	13	13	13	17	0	0	315	0		
76	1	"방어막"	106	73000 	0	850	960	580	580	840	305	3	3	3	5	400	1400	10	2	190	28	3	0	30	30	35	30	0	0	435	0		
77	1	"어둠의불사조"	108	95000 	0	950	1000	600	600	900	350	1	150	6	7	400	1500	150	2	120	46	4	0	30	30	35	30	0	0	450	0		
																														 			
//칼리마1-캐릭터레벨(40~400/20~400)																																	
147	1	"이시스1"	17	440 	0	55	62	17	17	75	17	3	17	1	7	500	1500	10	2	180	0	3	0	8	8	8	8	0	0	12	0		
148	1	"로그센츄리온1"	19	500 	0	60	67	20	20	80	18	3	17	2	5	500	1500	10	2	180	0	3	0	9	9	9	9	0	0	15	0		
146	1	"블러디솔져1"	21	600 	0	70	77	25	25	88	20	3	17	6	7	500	1500	10	2	180	0	3	0	10	10	10	10	0	0	18	0		
144	1	"데스엔젤1"	24	740 	0	80	87	30	30	100	24	3	17	6	7	500	1500	10	2	160	0	3	0	11	11	11	11	0	0	22	0		
149	1	"네크론1"	28	900 	0	95	102	38	38	118	30	3	17	2	5	500	1500	10	2	160	0	3	0	12	12	12	12	0	0	28	0		
145	1	"데스센츄리온1"	33	1250 	0	110	117	50	50	145	39	3	17	6	7	500	1500	10	2	160	0	3	0	13	13	13	13	0	0	37	0		
160	1	"슈리커1"	40	1800 	0	130	137	66	66	180	50	3	17	6	7	500	1600	10	2	160	0	4	0	14	14	14	14	0	0	49	0		
161	1	"쿤둔의잔영1"	52	3000 	0	165	172	90	90	255	70	3	150	10	7	800	1700	10800	2	140	0	4	0	30	30	30	30	0	0	67	0		
																																	
//칼리마2-캐릭터레벨(131~400/111~400)																																	
177	1	"이시스2"	32	1000 	0	105	112	42	42	135	33	3	17	1	7	500	1500	10	2	180	0	3	0	11	11	11	11	0	0	31	0		
178	1	"로그센츄리온2"	34	1200 	0	112	119	45	45	147	36	3	17	2	5	500	1500	10	2	180	0	3	0	12	12	12	12	0	0	33	0		
176	1	"블러디솔져2"	37	1400 	0	120	127	50	50	163	40	3	17	6	7	500	1500	10	2	180	0	3	0	13	13	13	13	0	0	37	0		
174	1	"데스엔젤2"	40	1800 	0	130	137	57	57	182	45	3	17	6	7	500	1500	10	2	160	0	3	0	14	14	14	14	0	0	42	0		
179	1	"네크론2"	44	2300 	0	140	147	68	68	205	50	3	17	2	5	500	1500	10	2	160	0	3	0	15	15	15	15	0	0	51	0		
175	1	"데스센츄리온2"	48	3000 	0	155	162	81	81	235	58	3	17	6	7	500	1500	10	2	160	0	3	0	16	16	16	16	0	0	60	0		
180	1	"슈리커2"	53	3900 	0	180	187	100	100	275	67	3	17	6	7	500	1600	10	2	160	0	4	0	17	17	17	17	0	0	75	0		
181	1	"쿤둔의잔영2"	65	6000 	0	220	227	140	140	355	100	3	150	10	7	800	1700	10800	2	140	0	4	0	35	35	35	35	0	0	105	0		
																																	
//칼리마3-캐릭터레벨(181~400/161~400)																																	
185	1	"이시스3"	46	2700 	0	145	155	73	73	220	54	3	17	1	7	500	1500	10	2	170	0	3	0	14	14	14	14	0	0	54	0		
186	1	"로그센츄리온3"	48	3100 	0	152	162	80	80	232	56	3	17	2	5	500	1500	10	2	170	0	3	0	15	15	15	15	0	0	60	0		
184	1	"블러디솔져3"	50	3650 	0	160	170	90	90	250	60	3	17	6	7	500	1500	10	2	170	0	3	0	16	16	16	16	0	0	67	0		
182	1	"데스엔젤3"	53	4400 	0	175	185	105	105	273	67	3	17	6	7	500	1500	10	2	150	0	3	0	17	17	17	17	0	0	78	0		
187	1	"네크론3"	58	5300 	0	195	205	126	126	296	77	3	17	2	5	500	1500	10	2	150	0	3	0	18	18	18	18	0	0	94	0		
183	1	"데스센츄리온3"	63	6600 	0	225	235	150	150	325	92	3	17	6	7	500	1500	10	2	150	0	3	0	19	19	19	19	0	0	112	0		
188	1	"슈리커3"	69	8400 	0	260	270	180	180	365	110	3	17	6	7	500	1600	10	2	150	0	4	0	20	20	20	20	0	0	135	0		
189	1	"쿤둔의잔영3"	81	14000 	0	350	360	255	255	460	160	3	150	10	7	800	1700	10800	2	130	0	4	0	40	40	40	40	0	0	191	0		
																																	
//칼리마4-캐릭터레벨(231~400/211~400)																																	
193	1	"이시스4"	62	6000 	0	215	235	140	140	310	87	3	17	1	7	500	1500	10	2	160	0	3	0	17	17	17	17	0	0	105	0		
194	1	"로그센츄리온4"	66	6900 	0	230	250	150	150	330	95	3	17	2	5	500	1500	10	2	160	0	3	0	18	18	18	18	0	0	112	0		
192	1	"블러디솔져4"	70	8800 	0	245	265	165	165	360	105	3	17	6	7	500	1500	10	2	160	0	3	0	19	19	19	19	0	0	123	0		
190	1	"데스엔젤4"	74	12000 	0	270	295	185	185	397	120	3	17	6	7	500	1500	10	2	140	0	3	0	20	20	20	20	0	0	138	0		
195	1	"네크론4"	78	16000 	0	305	330	215	215	440	145	3	17	2	5	500	1500	10	2	140	0	3	0	21	21	21	21	0	0	161	0		
191	1	"데스센츄리온4"	83	22500 	0	350	375	255	255	500	175	3	17	6	7	500	1500	10	2	140	0	3	0	22	22	22	22	0	0	191	0		
196	1	"슈리커4"	88	30000 	0	410	435	300	300	575	215	3	17	6	7	500	1600	10	2	140	0	4	0	23	23	23	23	0	0	225	0		
197	1	"쿤둔의잔영4"	100	50000 	0	600	625	500	500	780	295	3	150	10	7	800	1700	10800	2	120	0	4	0	45	45	45	45	0	0	375	0		
																																	
//칼리마5-캐릭터레벨(281~400/261~400)																																	
263	1	"이시스5"	79	18000 	0	310	340	230	230	460	163	3	17	1	7	500	1500	10	2	155	0	3	0	20	20	20	20	0	0	172	0		
264	1	"로그센츄리온5"	82	21000 	0	335	365	250	250	490	168	3	17	2	5	500	1500	10	2	155	0	3	0	21	21	21	21	0	0	187	0		
262	1	"블러디솔져5"	85	26000 	0	365	395	280	280	540	177	3	17	6	7	500	1500	10	2	155	0	3	0	22	22	22	22	0	0	210	0		
260	1	"데스엔젤5"	88	31000 	0	408	443	315	315	587	195	3	17	6	7	500	1500	10	2	135	0	3	0	23	23	23	23	0	0	236	0		
265	1	"네크론5"	93	38500 	0	470	505	370	370	645	220	3	17	2	5	500	1500	10	2	135	0	3	0	24	24	24	24	0	0	277	0		
261	1	"데스센츄리온5"	98	48000 	0	546	581	430	430	715	250	3	17	6	7	500	1500	10	2	135	0	3	0	25	25	25	25	0	0	322	0		
266	1	"슈리커5"	105	60000 	0	640	675	515	515	810	290	3	17	6	7	500	1600	10	2	135	0	4	0	26	26	26	26	0	0	386	0		
267	1	"쿤둔의잔영5"	117	100000 	0	835	870	680	680	1000	360	3	150	10	7	800	1700	10800	2	110	0	4	0	50	50	50	50	0	0	510	0		
																																	
//칼리마6-캐릭터레벨(331~400/311~400)																																	
271	1	"이시스6"	95	42000 	0	520	550	410	410	655	230	3	17	1	7	500	1500	10	2	150	0	3	0	23	23	23	23	0	0	307	0		
272	1	"로그센츄리온6"	98	48500 	0	540	570	432	432	680	240	3	17	2	5	500	1500	10	2	150	0	3	0	24	24	24	24	0	0	324	0		
270	1	"블러디솔져6"	101	56000 	0	570	600	460	460	713	255	3	17	6	7	500	1500	10	2	150	0	3	0	25	25	25	25	0	0	345	0		
268	1	"데스엔젤6"	105	65000 	0	610	645	500	500	760	275	3	17	6	7	500	1500	10	2	130	0	3	0	26	26	26	26	0	0	375	0		
273	1	"네크론6"	109	75500 	0	672	707	550	550	820	303	3	17	2	5	500	1500	10	2	130	0	3	0	27	27	27	27	0	0	412	0		
269	1	"데스센츄리온6"	114	87500 	0	753	788	620	620	900	335	3	17	6	7	500	1500	10	2	130	0	3	0	28	28	28	28	0	0	465	0		
274	1	"슈리커6"	119	105000 	0	850	885	710	710	1000	370	3	17	6	7	500	1600	10	2	130	0	4	0	29	29	29	29	0	0	532	0		
338	1	"쿤둔의잔영6"	140	140000 	0	1070	1105	892	892	1200	450	3	150	10	7	800	1700	10800	2	100	0	4	0	60	60	60	60	0	0	669	0		
																																	
//잃어버린칼리마-캐릭터레벨(350~400/350~400)																																	
331	1	"이시스7"	111	82000 	0	712	752	584	584	850	315	3	17	1	7	500	1500	10	2	150	0	3	0	23	23	23	23	0	0	438	0		
332	1	"로그센츄리온7"	114	88000 	0	751	791	615	615	880	330	3	17	2	5	500	1500	10	2	150	0	3	0	24	24	24	24	0	0	461	0		
333	1	"블러디솔져7"	117	97300 	0	805	845	660	660	920	345	3	17	6	7	500	1500	10	2	150	0	3	0	25	25	25	25	0	0	495	0		
334	1	"데스엔젤7"	121	110000 	0	870	915	720	720	960	370	3	17	6	7	500	1500	10	2	130	0	3	0	26	26	26	26	0	0	540	0		
335	1	"네크론7"	125	125000 	0	951	996	783	783	1015	405	3	17	2	5	500	1500	10	2	130	0	3	0	27	27	27	27	0	0	587	0		
336	1	"데스센츄리온7"	130	145000 	0	1040	1085	865	865	1080	440	3	17	6	7	500	1500	10	2	130	0	3	0	28	28	28	28	0	0	648	0		
337	1	"슈리커7"	135	170000 	0	1168	1213	992	992	1190	485	3	17	6	7	500	1600	10	2	130	0	4	0	29	29	29	29	0	0	744	0		
275	1	"쿤둔7"	147	5000000 	0	2000	2500	1500	1500	2000	1000	3	150	15	10	800	2000	43200	2	100	0	4	0	100	254	100	100	0	0	1125	0		
																														 			
152	1	"마석1"	10	50 	0	0	0	0	0	0	0	0	0	0	0	0	0	0	2	0	0	0	0	0	0	0	0	0	0	0	0		
153	1	"마석2"	10	50 	0	0	0	0	0	0	0	0	0	0	0	0	0	0	2	0	0	0	0	0	0	0	0	0	0	0	0		
154	1	"마석3"	10	50 	0	0	0	0	0	0	0	0	0	0	0	0	0	0	2	0	0	0	0	0	0	0	0	0	0	0	0		
155	1	"마석4"	10	50 	0	0	0	0	0	0	0	0	0	0	0	0	0	0	2	0	0	0	0	0	0	0	0	0	0	0	0		
156	1	"마석5"	10	50 	0	0	0	0	0	0	0	0	0	0	0	0	0	0	2	0	0	0	0	0	0	0	0	0	0	0	0		
157	1	"마석6"	10	50 	0	0	0	0	0	0	0	0	0	0	0	0	0	0	2	0	0	0	0	0	0	0	0	0	0	0	0		
158	1	"마석7"	10	50 	0	0	0	0	0	0	0	0	0	0	0	0	0	0	2	0	0	0	0	0	0	0	0	0	0	0	0		
																												 	 	 			
//시련의땅																																	
294	1	"액스워리어"	75	11500 	0	255	290	195	195	385	125	3	0	1	5	400	1400	10	2	200	46	3	0	25	25	25	25	0	0	146	0		
290	1	"리자드워리어"	78	15000 	0	270	320	210	210	430	140	3	0	1	5	400	1400	10	2	200	46	3	0	26	26	26	26	0	0	157	0		
293	1	"포이즌골렘"	84	25000 	0	375	425	275	275	530	190	3	17	4	6	500	2000	10	2	180	100	3	0	27	27	27	27	0	0	206	0		
292	1	"퀸비"	92	34500 	0	489	540	360	360	620	240	3	3	5	5	500	2000	10	2	180	46	3	0	28	28	28	28	0	0	270	0		
291	1	"파이어골렘"	102	55000 	0	560	600	550	550	870	310	3	0	1	7	500	1600	10	2	150	166	4	0	29	29	29	29	0	0	412	0		
295	1	"에로힘"	128	3000000 	0	1500	2000	1000	1000	1500	800	3	150	6	8	650	1600	43200	2	100	100	4	0	100	254	100	100	0	0	750	0		
																																	
//아이다-캐릭터레벨(130~)																																	
308	1	"데스트리"	72	10000	0	248	272	187	187	362	120	4	0	1	5	450	1400	10	2	180	46	3	0	18	18	18	18	0	0	140	0		
307	1	"포레스트오크"	74	11000	0	258	282	197	197	390	127	4	0	1	5	450	1400	10	2	180	46	3	0	19	19	19	19	0	0	147	0		
306	1	"데스라이더"	78	14000	0	260	294	222	222	402	144	4	0	1	5	450	1400	10	2	180	46	3	0	20	20	20	20	0	0	166	0		
305	1	"블루골렘"	84	25000	0	288	322	277	277	507	170	4	0	2	7	450	1500	10	2	180	46	3	0	21	21	21	21	0	0	207	0		
304	1	"위치퀸"	94	38500	0	408	442	357	357	637	230	4	0	3	7	450	1700	10	2	160	46	3	0	22	22	22	22	0	0	267	0		
309	1	"헬마이네"	98	50000 	0	550	600	520	520	850	300	6	0	5	10	600	2000	150	2	150	46	4	0	50	50	50	50	0	0	390	0		
																																	
//크라이울프-캐릭터레벨(300~)																																	
310	1	"해머스카우트"	97	45000 	0	530	560	420	420	670	250	6	0	1	5	600	1600	10	2	180	28	3	0	15	15	15	15	0	0	315	0		
311	1	"랜스스카우트"	97	45000 	0	530	560	420	420	670	250	6	0	3	6	600	1600	10	2	180	28	3	0	17	17	17	17	0	0	315	0		
312	1	"보우스카우트"	97	45000 	0	530	560	420	420	670	250	6	0	6	7	700	1700	10	2	180	28	3	0	19	19	19	19	0	0	315	0		
313	1	"웨어울프"	118	110000 	0	830	850	680	680	950	355	6	0	1	7	600	1600	10	2	180	28	3	0	21	21	21	21	0	0	510	0		
314	1	"스카우트(영웅)"	123	120000 	0	890	910	740	740	980	370	6	0	2	7	700	1700	10	2	150	28	3	0	23	23	23	23	0	0	555	0		
315	1	"웨어울프(영웅)"	127	123000 	0	964	1015	800	800	1027	397	6	0	2	7	700	1700	10	2	150	28	3	0	25	25	25	25	0	0	600	0		
316	1	"발람"	132	140000 	0	1075	1140	885	885	1100	440	6	0	3	7	700	1700	10	2	130	28	3	0	27	27	27	27	0	0	663	0		
317	1	"소람"	134	164000 	0	1200	1300	982	982	1173	500	6	0	7	7	700	1700	10	2	130	28	3	0	29	29	29	29	0	0	736	0		
//318	1	"빔나이트(영웅)"	140	200000 	0	1400	1600	1100	1100	1300	600	6	0	3	7	700	1700	10	2	130	28	3	0	31	31	31	31	0	0	825	0		
//319	1	"크롬드라곤"	145	3500000 	0	1230	1270	1200	1200	1800	900	6	0	4	10	800	3000	1800	2	100	28	4	0	100	100	100	100	0	0	900	0		
																																	
//이벤트보스																																	
64	1	"오크궁수"	70	10000 	0	220	250	170	170	350	115	3	0	4	7	400	1600	10	2	200	28	3	0	7	7	7	7	0	0	127	0		
65	1	"오크대장"	74	14000 	0	260	290	190	190	400	125	3	150	1	7	400	2000	100	2	180	28	3	0	8	8	8	8	0	0	142	0		
67	1	"실버발록"	77	26000 	0	300	360	220	220	385	150	3	150	2	7	400	1600	200	2	160	28	3	0	9	9	9	9	0	0	165	0		
66	1	"저주받은왕"	86	38000 	0	500	570	350	350	525	200	3	150	4	7	400	1400	70	2	200	60	3	0	17	17	17	17	0	0	262	0		
																																	
//블러드캐슬1-캐릭터레벨(15~80)																																	
84	1	"오크전사1"	33	1100 	0	100	120	55	55	190	45	3	0	1	3	400	2000	10	2	300	400	3	0	0	0	0	0	0	0	41	0		
85	1	"오크궁수1"	37	1400 	0	110	130	65	65	210	49	3	0	5	7	400	1600	10	2	300	400	3	0	0	0	0	0	0	0	48	0		
86	1	"흑해골전사1"	41	1700 	0	120	140	75	75	230	61	3	0	1	3	400	2000	10	2	250	300	3	0	0	0	0	0	0	0	56	0		
87	1	"자이언트오거1"	44	2100 	0	130	150	85	85	250	73	3	17	5	7	400	1600	10	2	250	300	3	0	0	0	0	0	0	0	63	0		
88	1	"붉은해골기사1"	47	2800 	0	140	160	95	95	270	77	3	0	1	3	400	2000	10	2	200	200	3	0	0	0	0	0	0	0	71	0		
89	1	"마법해골1"	51	3700 	0	150	180	115	115	300	88	4	150	4	6	400	1600	10	2	150	100	4	0	3	3	3	3	0	0	86	0		
																																	
//블러드캐슬2-캐릭터레벨(81~130)																																	
90	1	"오크전사2"	49	3500 	0	140	170	90	90	250	76	3	0	1	3	400	2000	10	2	300	400	3	0	1	1	1	1	0	0	67	0		
91	1	"오크궁수2"	53	4100 	0	150	180	100	100	275	80	3	0	5	7	400	1600	10	2	300	400	3	0	1	1	1	1	0	0	75	0		
92	1	"흑해골전사2"	56	5000 	0	160	190	115	115	300	88	3	0	1	3	400	2000	10	2	250	300	3	0	1	1	1	1	0	0	86	0		
93	1	"자이언트오거2"	60	6000 	0	175	210	130	130	320	95	3	17	5	7	400	1600	10	2	250	300	3	0	1	1	1	1	0	0	97	0		
94	1	"붉은해골기사2"	64	7000 	0	185	220	170	170	360	110	3	0	1	3	400	2000	10	2	200	200	3	0	1	1	1	1	0	0	127	0		
95	1	"마법해골2"	69	8000 	0	200	240	190	190	400	130	4	150	4	6	400	1800	10	2	150	100	4	0	4	4	4	4	0	0	142	0		
																																	
//블러드캐슬3-캐릭터레벨(131~180)																																	
96	1	"오크전사3"	56	5000 	0	160	180	110	110	300	85	3	0	1	3	400	2000	10	2	300	400	3	0	2	2	2	2	0	0	82	0		
97	1	"오크궁수3"	61	6500 	0	180	200	120	120	330	93	3	0	5	7	400	1600	10	2	300	400	3	0	2	2	2	2	0	0	90	0		
98	1	"흑해골전사3"	66	8000 	0	190	220	150	150	360	98	3	0	1	3	400	2000	10	2	250	300	3	0	2	2	2	2	0	0	112	0		
99	1	"자이언트오거3"	70	9500 	0	210	240	180	180	400	115	3	17	5	7	400	1600	10	2	250	300	3	0	2	2	2	2	0	0	135	0		
111	1	"붉은해골기사3"	74	12000 	0	220	260	190	190	440	130	3	0	1	3	400	2000	10	2	200	200	3	0	2	2	2	2	0	0	142	0		
112	1	"마법해골3"	79	15000 	0	230	280	240	240	500	180	4	150	4	6	400	1800	10	2	150	100	4	0	5	5	5	5	0	0	180	0		
																																	
//블러드캐슬4-캐릭터레벨(181~230)																																	
113	1	"오크전사4"	64	7500 	0	180	220	150	150	340	98	3	0	1	3	400	2000	10	2	300	400	3	0	4	4	4	4	0	0	112	0		
114	1	"오크궁수4"	69	9500 	0	200	240	170	170	380	110	3	0	5	7	400	1600	10	2	300	400	3	0	4	4	4	4	0	0	127	0		
115	1	"흑해골전사4"	75	12000 	0	220	260	190	190	440	130	3	0	1	3	400	2000	10	2	250	300	3	0	4	4	4	4	0	0	142	0		
116	1	"자이언트오거4"	79	15000 	0	250	290	210	210	500	150	3	17	5	7	400	1600	10	2	250	300	3	0	4	4	4	4	0	0	157	0		
117	1	"붉은해골기사4"	82	18000 	0	270	320	290	290	560	170	3	0	1	3	400	2000	10	2	200	200	3	0	4	4	4	4	0	0	217	0		
118	1	"마법해골4"	84	24000 	0	300	350	360	360	640	200	4	150	4	6	400	1800	10	2	150	100	4	0	7	7	7	7	0	0	270	0		
																																	
//블러드캐슬5-캐릭터레벨(231~280)																																	
119	1	"오크전사5"	70	12000 	0	210	270	185	185	380	125	3	0	1	3	400	2000	10	2	300	400	3	0	5	5	5	5	0	0	138	0		
120	1	"오크궁수5"	75	15000 	0	240	300	190	190	420	130	3	0	5	7	400	1600	10	2	300	400	3	0	5	5	5	5	0	0	142	0		
121	1	"흑해골전사5"	80	19000 	0	280	340	220	220	470	175	3	0	1	3	400	2000	10	2	250	300	3	0	5	5	5	5	0	0	165	0		
122	1	"자이언트오거5"	85	23000 	0	340	390	300	300	520	190	3	17	5	7	400	1600	10	2	250	300	3	0	5	5	5	5	0	0	225	0		
123	1	"붉은해골기사5"	87	26000 	0	370	410	400	400	650	200	3	0	1	3	400	2000	10	2	200	200	3	0	5	5	5	5	0	0	300	0		
124	1	"마법해골5"	90	32000 	0	400	460	450	450	720	260	4	150	4	6	400	1800	10	2	150	100	4	0	8	8	8	8	0	0	337	0		
																																	
//블러드캐슬6-캐릭터레벨(281~330)																																	
125	1	"오크전사6"	76	17000 	0	260	290	210	210	460	150	3	0	1	3	400	2000	10	2	300	400	3	0	6	6	6	6	0	0	157	0		
126	1	"오크궁수6"	81	20000 	0	320	350	270	270	520	160	3	0	5	7	400	1600	10	2	300	400	3	0	6	6	6	6	0	0	202	0		
127	1	"흑해골전사6"	86	25000 	0	390	420	360	360	580	195	3	0	1	3	400	2000	10	2	250	300	3	0	6	6	6	6	0	0	270	0		
128	1	"자이언트오거6"	90	32000 	0	440	500	400	400	660	230	3	17	5	7	400	1600	10	2	250	300	3	0	6	6	6	6	0	0	300	0		
129	1	"붉은해골기사6"	94	38000 	0	480	540	450	450	720	260	3	0	1	3	400	2000	10	2	200	200	3	0	6	6	6	6	0	0	337	0		
130	1	"마법해골6"	99	47000 	0	530	580	500	500	840	280	4	150	4	6	400	1800	10	2	150	100	4	0	9	9	9	9	0	0	375	0		
																																	
//블러드캐슬7-캐릭터레벨(331~400)																																	
138	1	"오크전사7"	85	23000 	0	340	390	340	340	520	190	3	0	1	3	400	2000	10	2	300	400	3	0	7	7	7	7	0	0	255	0		
139	1	"오크궁수7"	87	26000 	0	390	430	380	380	590	200	3	0	5	7	400	1600	10	2	300	400	3	0	7	7	7	7	0	0	285	0		
140	1	"흑해골전사7"	90	32000 	0	430	480	400	400	660	230	3	0	1	3	400	2000	10	2	250	300	3	0	7	7	7	7	0	0	300	0		
141	1	"자이언트오거7"	93	37000 	0	470	520	440	440	730	250	3	17	5	7	400	1600	10	2	250	300	3	0	7	7	7	7	0	0	330	0		
142	1	"붉은해골기사7"	98	45000 	0	510	560	490	490	800	270	3	0	1	3	400	2000	10	2	200	200	3	0	7	7	7	7	0	0	367	0		
143	1	"마법해골7"	102	55000 	0	560	600	550	550	870	310	4	150	4	6	400	1800	10	2	150	100	4	0	10	10	10	10	0	0	412	0		
																																	
//블러드캐슬성문석관																																	
131	1	"성문"	2	2000 	0	0	0	0	0	0	1	0	0	0	0	0	0	0	0	0	0	0	0	100	100	100	100	0	0	0	0		
//절대지팡이석관																																	
132	1	"석관"	2	3000 	0	0	0	0	0	0	1	0	0	0	0	0	0	0	0	0	0	0	0	100	100	100	100	0	0	0	0		
//절대검석관																																	
133	1	"석관"	2	3000 	0	0	0	0	0	0	1	0	0	0	0	0	0	0	0	0	0	0	0	100	100	100	100	0	0	0	0		
//절대석궁석관																																	
134	1	"석관"	2	3000 	0	0	0	0	0	0	1	0	0	0	0	0	0	0	0	0	0	0	0	100	100	100	100	0	0	0	0		
																																	
//카오스캐슬1																																	
162	1	"카오스전사1"	30	700 	0	70	90	30	30	160	20	50	0	1	7	400	2000	10	2	300	400	3	0	0	0	0	0	0	0	22	0		
163	1	"카오스궁수1"	32	800 	0	80	100	40	40	180	30	50	17	6	7	400	1600	10	2	300	400	3	0	0	0	0	0	0	0	30	0		
																																	
//카오스캐슬2 - 방어력 기존 2배 (060522 이민정)																																	
164	1	"카오스전사2"	40	1600 	0	132	135	75	75	225	60	50	0	1	7	400	2000	10	2	300	400	3	0	1	1	1	1	0	0	56	0		
165	1	"카오스궁수2"	45	2700 	0	150	150	90	90	250	70	50	17	6	7	400	1600	10	2	300	400	3	0	1	1	1	1	0	0	67	0		
																																	
//카오스캐슬3 - 방어력 기존 2배 (060522 이민정)																																	
166	1	"카오스전사3"	54	4000 	0	168	165	105	105	270	80	50	0	1	7	400	2000	10	2	300	400	3	0	2	2	2	2	0	0	78	0		
167	1	"카오스궁수3"	60	5000 	0	180	180	120	120	290	90	50	17	6	7	400	1600	10	2	300	400	3	0	2	2	2	2	0	0	90	0		
																																	
//카오스캐슬4 																																	
168	1	"카오스전사4"	65	6500 	0	185	210	145	145	320	110	50	0	1	7	400	2000	10	2	300	400	3	0	4	4	4	4	0	0	108	0		
169	1	"카오스궁수4"	68	8000 	0	205	230	160	160	350	120	50	17	6	7	400	1600	10	2	300	400	3	0	4	4	4	4	0	0	120	0		
																																	
//카오스캐슬5																																	
170	1	"카오스전사5"	70	10000 	0	215	240	170	170	370	120	50	0	1	7	400	2000	10	2	300	400	3	0	5	5	5	5	0	0	127	0		
171	1	"카오스궁수5"	75	12500 	0	235	260	190	190	400	130	50	17	6	7	400	1600	10	2	300	400	3	0	5	5	5	5	0	0	142	0		
																																	
//카오스캐슬6																																	
172	1	"카오스전사6"	76	15000 	0	255	280	215	215	430	140	50	0	1	7	400	2000	10	2	300	400	3	0	6	6	6	6	0	0	161	0		
173	1	"카오스궁수6"	80	18000 	0	280	300	240	240	470	150	50	17	6	7	400	1600	10	2	300	400	3	0	6	6	6	6	0	0	180	0		
																																	
//이벤트환수드래곤																																	
44	1	"드래곤"	60	15000 	0	190	210	120	120	300	88	3	150	2	7	400	1800	100	2	50	20	0	0	9	7	9	9	0	0	90	0		
																																	
//이벤트황금환수드래곤																																	
43	1	"황금버지드래곤"	15	2200 	0	120	125	45	45	75	30	3	0	1	7	400	1400	600	2	10	20	0	0	2	2	2	2	0	0	33	0		
																																	
//이벤트솔져																																	
55	1	"데쓰킹"	88	30000 	0	430	500	120	120	150	37	2	0	2	6	400	1800	120	2	110	28	3	0	2	2	2	2	0	0	90	0		
56	1	"데쓰본"	24	700 	0	85	90	29	29	120	29	3	0	1	5	400	1600	20	2	200	28	4	0	1	1	1	1	0	0	21	0		
																																	
//엘도라도의상자를찾아라!!이벤트몬스터																																	
//황금고블린(로랜시아노리아)																																	
78	1	"황금고블린"	20	3100 	0	125	130	50	50	100	30	3	0	1	7	400	1400	600	2	10	20	0	0	2	2	2	2	0	0	37	0		
																																	
//지하군단습격(데비아스)																																	
53	1	"황금타이탄"	53	8000 	0	170	180	105	105	265	77	3	150	3	7	400	2000	20	2	200	28	3	0	5	5	5	5	0	0	78	0		
54	1	"황금솔져"	46	3500 	0	140	150	75	75	230	64	3	0	5	7	400	1800	20	2	200	28	3	0	3	3	3	3	0	0	56	0		
																																	
//골드데르콘습격(로랜시아노리아데비아스)																																	
79	1	"황금데르콘"	80	23000 	0	300	350	230	230	400	90	3	150	2	7	400	1800	5	2	50	20	0	0	9	7	9	9	0	0	172	0		
																																	
//아틀란스습격(아틀란스)																																	
80	1	"황금리자드킹"	83	25000 	0	310	360	240	240	415	150	3	3	3	7	400	1600	15	2	175	28	3	0	9	7	9	9	0	0	180	0		
81	1	"황금베파르"	61	6300 	0	190	200	110	110	310	90	3	17	4	7	400	1600	8	2	185	28	3	0	0	0	3	0	0	0	82	0		
																																	
//칸투르의지하군단(타르칸)																																	
82	1	"황금탄탈로스"	90	30000 	0	450	560	300	300	450	185	3	150	2	7	400	1400	70	2	180	60	3	0	9	7	9	9	0	0	225	0		
83	1	"황금휠"	77	15000 	0	320	360	230	230	385	160	3	0	4	7	400	1400	70	2	180	60	3	0	9	7	9	9	0	0	172	0		
																																	
150	1	"발리"	52	5000 	0	165	170	100	100	260	75	3	0	1	7	400	1600	100	2	160	20	3	0	6	6	6	6	0	0	75	0		
151	1	"솔져"	58	4000 	0	175	180	110	110	290	86	3	0	4	7	400	1600	100	2	160	20	3	0	6	6	6	6	0	0	82	0		
																																	
///백색마법사의습격이벤트																																	
136	1	"파괴의오크전사"	70	9500 	0	210	240	180	180	400	125	3	0	1	3	400	1500	10	2	300	400	3	0	7	7	7	7	0	0	135	0		
137	1	"파괴의오크궁수"	74	12000 	0	220	260	190	190	440	130	3	0	5	5	400	1800	10	2	300	400	3	0	8	8	8	8	0	0	142	0		
135	1	"백색의마법사"	87	26000 	0	370	410	400	400	550	200	4	3	5	6	400	2200	10	2	150	100	4	0	15	15	20	15	0	0	300	0		
																																	
//트랩																																	
100	1	"표창"	80	1000 	0	100	110	0	0	400	500	0	0	4	1	500	1000	3	1	200	20	0	0	0	0	0	0	0	0	0	0		
101	1	"쇠꼬챙이"	80	1000 	0	110	130	0	0	400	500	0	0	0	1	500	1000	3	1	200	20	0	0	0	0	0	0	0	0	0	0		
102	1	"불"	80	1000 	0	130	150	0	0	400	500	0	0	2	1	500	1000	3	1	200	20	0	0	0	0	0	0	0	0	0	0		
103	1	"운석"	90	1000 	0	160	190	0	0	450	500	0	50	0	1	500	1000	3	1	200	20	0	0	0	0	0	0	0	0	0	0		
																																	
200	1	"축구공"	12	1000 	0	150	200	0	0	60	500	0	0	4	1	500	1000	3	1	200	20	0	0	0	0	0	0	0	0	0	0		
																																	
//NPC																																	
229	1	"말론"	2	50 	0	15	30	70	70	10	30	0	0	0	5	400	1500	10	0	200	10	0	0	0	0	0	0	0	0	52	0		
230	1	"톰슨켄넬의무기상"	2	50 	0	15	30	70	70	10	30	0	0	0	5	400	1500	10	0	200	10	0	0	0	0	0	0	0	0	52	0		
231	1	"알렉스"	2	50 	0	15	30	70	70	10	30	0	0	0	5	400	1500	10	0	200	10	0	0	0	0	0	0	0	0	52	0		
234	1	"문지기고블린"	2	50 	0	15	30	70	70	10	30	0	0	0	5	400	1500	10	0	200	10	0	0	0	0	0	0	0	0	52	0		
235	1	"여사제세비나"	2	50 	0	15	30	70	70	10	30	0	0	0	5	400	1500	10	0	200	10	0	0	0	0	0	0	0	0	52	0		
233	1	"대천사의전령"	2	50 	0	15	30	70	70	10	30	0	0	0	5	400	1500	10	0	200	10	0	0	0	0	0	0	0	0	52	0		
232	1	"대천사"	2	50 	0	15	30	70	70	10	30	0	0	0	5	400	1500	10	0	200	10	0	0	0	0	0	0	0	0	52	0		
236	1	"황금의궁수"	2	50 	0	15	30	70	70	10	30	0	0	0	5	400	1500	10	0	200	10	0	0	0	0	0	0	0	0	52	0		
237	1	"카론"	2	50 	0	15	30	70	70	10	30	0	0	0	5	400	1500	10	0	200	10	0	0	0	0	0	0	0	0	52	0		
238	1	"카오스고블린"	2	50 	0	15	30	70	70	10	30	0	0	0	5	400	1500	10	0	200	10	0	0	0	0	0	0	0	0	52	0		
239	1	"경기장경비"	2	50 	0	15	30	70	70	10	30	0	0	0	5	400	1500	10	0	200	10	0	0	0	0	0	0	0	0	52	0		
240	1	"세이프티가디언"	2	50 	0	15	30	70	70	10	30	0	0	0	5	400	1500	10	0	200	10	0	0	0	0	0	0	0	0	52	0		
241	1	"친위대장로렌스"	2	50 	0	15	30	70	70	10	30	0	0	0	5	400	1500	10	0	200	10	0	0	0	0	0	0	0	0	52	0		
242	1	"라라요정"	2	50 	0	15	30	70	70	10	30	0	0	0	5	400	1500	10	0	200	10	0	0	0	0	0	0	0	0	52	0		
243	1	"장로가루스"	2	50 	0	15	30	70	70	10	30	0	0	0	5	400	1500	10	0	200	10	0	0	0	0	0	0	0	0	52	0		
244	1	"장로가루스"	2	50 	0	15	30	70	70	10	30	0	0	0	5	400	1500	10	0	200	10	0	0	0	0	0	0	0	0	52	0		
245	1	"마법사이자벨"	2	50 	0	15	30	70	70	10	30	0	0	0	5	400	1500	10	0	200	10	0	0	0	0	0	0	0	0	52	0		
246	1	"무기상인소피아"	20	1000 	0	15	30	70	70	100	30	0	0	0	5	400	1500	10	0	200	10	0	0	0	0	0	0	0	0	52	0		
247	1	"활경비병"	90	9000000 	0	10000	15000	5000	5000	10000	10000	5	0	6	8	1000	500	10	1	200	10	0	0	3000	5000	10000	10000	0	1	3750	0		
248	1	"떠돌이상인마틴"	20	1000 	0	15	30	70	70	100	30	0	0	0	5	400	1500	10	0	200	10	0	0	0	0	0	0	0	0	52	0		
249	1	"창경비병"	90	9000000 	0	10000	15000	5000	5000	10000	10000	5	0	2	8	1000	500	10	1	200	10	0	0	3000	5000	10000	10000	0	1	3750	0		
250	1	"떠돌이상인헤럴드"	20	1000 	0	15	30	70	70	100	30	0	0	0	5	400	1000	10	0	200	10	0	0	0	0	0	0	0	0	52	0		
251	1	"대장장이한스"	20	1000 	0	15	30	70	70	100	30	0	0	0	5	400	1500	10	0	200	10	0	0	0	0	0	0	0	0	52	0		
252	1	"--------"	2	50 	0	15	30	70	70	10	30	0	0	2	5	400	1000	10	0	200	10	0	0	0	0	0	0	0	0	52	0		
253	1	"물약소녀에이미"	2	50 	0	15	30	70	70	10	30	0	0	0	5	400	1500	10	0	200	10	0	0	0	0	0	0	0	0	52	0		
254	1	"마법사파시"	2	50 	0	15	30	70	70	10	30	0	0	0	5	400	1500	10	0	200	10	0	0	0	0	0	0	0	0	52	0		
255	1	"술집아가씨리아먼"	2	50 	0	15	30	70	70	10	30	0	0	0	5	400	1500	10	0	200	10	0	0	0	0	0	0	0	0	52	0		
226	1	"조련사"	2	50 	0	15	30	70	70	10	30	0	0	0	5	400	1500	10	0	200	10	0	0	0	0	0	0	0	0	52	0		
//로랜협곡NPC																																	
104	1	"트랙"	2	50 	0	500	600	0	0	800	30	0	50	0	1	0	1000	0	0	0	0	0	0	0	0	0	0	0	0	0	0		
215	1	"방어막"	2	50 	0	15	30	70	70	10	30	0	0	0	5	400	1500	10	0	200	10	0	0	0	0	0	0	0	0	52	0		
216	1	"왕관"	2	50 	0	15	30	70	70	10	30	0	0	0	0	0	0	0	0	0	0	0	0	0	0	0	0	0	0	52	0		
217	1	"왕관스위치1"	2	50 	0	15	30	70	70	10	30	0	0	0	0	0	0	0	0	0	0	0	0	0	0	0	0	0	0	52	0		
218	1	"왕관스위치2"	2	50 	0	15	30	70	70	10	30	0	0	0	0	0	0	0	0	0	0	0	0	0	0	0	0	0	0	52	0		
219	1	"성문스위치"	2	50 	0	15	30	70	70	10	30	0	0	0	0	0	0	0	0	0	0	0	0	0	0	0	0	0	0	52	0		
220	1	"문지기"	2	50 	0	15	30	70	70	10	30	0	0	0	0	400	1500	0	0	0	0	0	0	0	0	0	0	0	0	52	0		
221	1	"투석기공격"	2	50 	0	15	30	70	70	10	30	0	0	0	0	400	1500	0	0	0	0	0	0	0	0	0	0	0	0	52	0		
222	1	"투석기방어"	2	50 	0	15	30	70	70	10	30	0	0	0	0	400	1500	0	0	0	0	0	0	0	0	0	0	0	0	52	0		
223	1	"원로원"	2	50 	0	15	30	70	70	10	30	0	0	0	0	0	0	0	0	0	0	0	0	0	0	0	0	0	0	52	0		
224	1	"근위병"	2	50 	0	15	30	70	70	10	30	0	0	0	0	0	0	0	0	0	0	0	0	0	0	0	0	0	0	52	0		
283	1	"수호석상"	2	50 	0	15	30	70	70	10	30	0	0	0	0	0	0	0	0	0	0	0	0	0	0	0	0	0	0	52	0		
288	1	"캐논타워"	200	50 	0	575	610	500	500	1000	30	0	150	7	6	400	2000	0	0	0	0	0	0	0	0	0	0	0	0	375	0		
277	1	"성문1"	2	50 	0	15	30	70	70	10	30	0	0	0	0	0	0	0	0	0	0	0	0	0	0	0	0	0	0	52	0		
278	1	"라이프스톤"	2	250000 	0	15	30	70	70	10	30	0	0	0	0	0	0	0	0	0	0	0	0	0	0	0	0	0	0	52	0		
284	1	"왕관"	2	50 	0	15	30	70	70	10	30	0	0	0	0	0	0	0	0	0	0	0	0	0	0	0	0	0	0	52	0		
285	1	"가디언"	2	30000 	0	15	30	70	70	10	30	0	0	0	5	400	1500	10	0	200	10	0	0	0	0	0	0	0	0	52	0		
286	1	"활용병"	100	23000 	0	340	390	340	340	520	190	0	0	6	7	400	2000	0	2	0	0	0	0	7	7	7	7	0	0	255	0		
287	1	"창용병"	100	26000 	0	390	430	380	380	590	200	0	0	1	3	400	1600	0	2	0	0	0	0	7	7	7	7	0	0	285	0		
256	1	"세르비스"	2	50 	0	15	30	70	70	10	30	0	0	0	5	400	1500	10	0	200	10	0	0	0	0	0	0	0	0	52	0		
257	1	"쉐도우팬텀부대원"	2	50 	0	15	30	70	70	10	30	0	0	0	5	400	1500	10	0	200	10	0	0	0	0	0	0	0	0	52	0		
																																	
//경품지급전용이벤트NPC																																	
258	1	"도우미루크"	90	10000 	0	180	195	70	70	300	100	5	0	5	5	400	1500	10	1	200	10	0	0	0	0	0	0	0	0	52	0		
																																	
//칼리마 상점 NPC																																	
259	1	"신관레이라"	2	50 	0	15	30	70	70	10	30	0	0	0	5	400	1500	10	0	200	10	0	0	0	0	0	0	0	0	52	0		
																																	
//화이트엔젤 이벤트아이템 지급 NPC																																	
371	1	"도우미레오"	90	10000 	0	180	195	70	70	300	100	5	0	5	5	400	1500	10	1	200	10	0	0	0	0	0	0	0	0	52	0		
																																	
//로랜협곡이벤트몬스터																																	
300	1	"영웅뮤턴트"	82	20000 	0	500	560	380	380	415	170	20	0	1	10	800	1600	10	2	150	10	3	0	16	16	16	16	0	0	285	0		
302	1	"액슬히어로"	85	23000 	0	510	580	390	390	435	175	20	0	1	10	800	1600	10	2	150	10	3	0	50	50	50	50	0	0	292	0		
303	1	"기가스골렘"	94	50000 	0	750	850	550	550	580	240	20	17	5	10	1000	2500	10	2	150	10	3	0	54	54	54	54	0	0	412	0		
301	1	"오메가윙"	102	69000 	0	978	1080	720	720	670	290	20	0	1	10	800	1600	10	2	150	10	3	0	26	26	28	26	0	0	540	0		
																																	
//크라이울프공방전출현몹데이터																																	
340	1	"다크엘프"	135	1500000 	0	800	900	900	900	1500	370	6	0	6	10	700	1700	10	2	150	28	3	0	23	23	23	23	0	0	675	0		
341	1	"소람"	134	100000 	0	600	700	500	500	1500	397	6	0	4	7	700	1700	10	2	150	28	3	0	25	25	25	25	0	0	375	0		
344	1	"발람"	134	90000 	0	600	700	500	500	1500	370	6	0	7	7	700	1700	10	2	150	28	3	0	23	23	23	23	0	0	375	0		
345	1	"데스스피릿"	134	95000 	0	600	700	500	500	1500	397	6	0	6	7	700	1700	10	2	150	28	3	0	25	25	25	25	0	0	375	0		
348	1	"발리스타"	133	450000 	0	800	1000	840	840	1500	370	6	0	6	7	700	1700	10	2	150	28	3	0	23	23	23	23	0	0	630	0		
//MVP보스																																	
349	1	"발가스"	135	500000 	0	1000	1500	800	800	2000	370	6	0	6	7	700	1700	10	2	150	14	3	0	23	23	23	23	0	0	600	0		
																																	
//크라이울프신상및오브젝트넘버																																	
204	1	"늑대신상"	2	50 	0	15	30	70	70	10	30	0	0	0	0	0	0	0	0	0	0	0	0	0	0	0	0	0	0	52	0		
205	1	"늑대제단1"	2	50 	0	15	30	70	70	10	30	0	0	0	0	0	0	0	0	0	0	0	0	0	0	0	0	0	0	52	0		
206	1	"늑대제단2"	2	50 	0	15	30	70	70	10	30	0	0	0	0	0	0	0	0	0	0	0	0	0	0	0	0	0	0	52	0		
207	1	"늑대제단3"	2	50 	0	15	30	70	70	10	30	0	0	0	0	0	0	0	0	0	0	0	0	0	0	0	0	0	0	52	0		
208	1	"늑대제단4"	2	50 	0	15	30	70	70	10	30	0	0	0	0	0	0	0	0	0	0	0	0	0	0	0	0	0	0	52	0		
209	1	"늑대제단5"	2	50 	0	15	30	70	70	10	30	0	0	0	0	0	0	0	0	0	0	0	0	0	0	0	0	0	0	52	0		
																																	
//칸투르 몬스터 추가 - 2006.7.14 (김보경&김성준)																																	
350	1	"버서커"	100	44370 	0 	555 	590 	443 	443 	728 	255 	3 	0 	2 	7 	500 	1550 	10 	2 	180 	33 	4 	0 	25 	25 	25 	25 	0	0	332	0		
351	1	"스플린터울프"	80	16000 	0	310	340	230	230	460	163	3	0	2	7	500	1500	10	2	180	33	3	0	20	20	20	20	0	0	172	0		
352	1	"아이언라이더"	82	18000 	0	335	365	250	250	490	168	3	0	2	5	500	1500	10	2	180	33	3	0	21	21	21	21	0	0	187	0		
353	1	"사티로스"	85	22000 	0	365	395	280	280	540	177	3	0	2	7	500	1500	10	2	180	33	3	0	22	22	22	22	0	0	210	0		
354	1	"블레이드헌터"	88	32000 	0	408	443	315	315	587	195	3	0	1	7	500	1500	10	2	180	33	3	0	23	23	23	23	0	0	236	0		
355	1	"켄타우로스"	93	38500 	0	470	505	370	370	645	220	3	0	4	5	500	1500	10	2	180	33	3	0	24	24	24	24	0	0	277	0		
356	1	"기간티스"	98	43000 	0	546	581	430	430	715	250	3	0	2	7	500	1500	10	2	180	33	3	0	25	25	25	25	0	0	322	0		
357	1	"제노사이더"	105	48500 	0	640	675	515	515	810	290	3	0	2	7	500	1600	10	2	180	33	4	0	26	26	26	26	0	0	386	0		
358	1	"페르소나"	118	68000 	0	1168	1213	615	615	1190	485	3	0	5	7	500	1600	10	2	130	33	4	0	29	29	29	29	0	0	461	0		
359	1	"트윈테일"	117	87500 	0	830	1085	865	865	1080	440	3	0	4	7	500	1500	10	2	130	33	3	0	28	28	28	28	0	0	648	0		
360	1	"드레드피어"	119	94000 	0	946	996	783	783	1015	905	3	0	2	5	500	1500	10	2	130	33	3	0	27	27	27	27	0	0	587	0		
361	1	"나이트메어"	135	1500000 	0	1225	1468	1000	1000	2000	420	6	0	2	7	700	1700	10	2	150	46	3	0	150	255	150	150	0	0	750	0		
362	1	"마야의손"	135	400000 	0	732	932	315	315	2000	1445	6	0	3	7	700	1700	10	2	150	46	3	0	100	100	100	100	0	0	236	0		
363	1	"마야의손"	135	350000 	0	732	932	800	800	2000	550	6	0	3	7	700	1700	10	2	150	46	3	0	100	100	100	100	0	0	600	0		
364	1	"마야"	111	300 	0	712	752	584	584	850	315	3	0	1	7	500	1500	10	2	150	0	3	0	100	100	100	100	0	0	438	0		
//트랩 추가 및 인덱스 변경																																	
105	1	"캐논형트랩"	80	1000 	0	200	203	0	0	400	500	0	0	4	2	500	1000	3	1	200	10	0	0	0	0	0	0	0	0	0	0		
106	1	"레이저형트랩"	80	1000 	0	150	152	0	0	400	500	0	0	1	1	500	1000	3	1	200	10	0	0	0	0	0	0	0	0	0	0		
//시즌2 관련 NPC추가 인덱스																																	
367	1	"출입관리장치"	20	1000 	0	15	30	70	70	100	30	0	0	0	5	400	1500	10	0	200	10	0	0	0	0	0	0	0	0	52	0		
368	1	"엘피스"	20	1000 	0	15	30	70	70	100	30	0	0	0	5	400	1500	10	0	200	10	0	0	0	0	0	0	0	0	52	0		
369	1	"오스본"	20	1000 	0	15	30	70	70	100	30	0	0	0	5	400	1500	10	0	200	10	0	0	0	0	0	0	0	0	52	0		
370	1	"제리든"	20	1000 	0	15	30	70	70	100	30	0	0	0	5	400	1500	10	0	200	10	0	0	0	0	0	0	0	0	52	0		
372	1	"엘리트해골전사"	10	10 	0	10	10	10	10	10	10	0	0	0	0	0	0	0	0	0	0	0	0	0	0	0	0	0	0	7	0		
373	1	"잭오랜턴"	10	10 	0	10	10	10	10	10	10	0	0	0	0	0	0	0	0	0	0	0	0	0	0	0	0	0	0	7	0		
374	1	"산타"	10	10 	0	10	10	10	10	10	10	0	0	0	0	0	0	0	0	0	0	0	0	0	0	0	0	0	0	7	0		
375	1	"카오스카드마스터"	10	10 	0	10	10	10	10	10	10	0	0	0	0	0	0	0	0	0	0	0	0	0	0	0	0	0	0	7	0		
376	1	"물자보급관파멜라"	20	1000 	0	15	30	70	70	100	30	0	0	0	5	400	1500	10	0	200	10	0	0	0	0	0	0	0	0	52	0		
377	1	"물자보급관안젤라"	20	1000 	0	15	30	70	70	100	30	0	0	0	5	400	1500	10	0	200	10	0	0	0	0	0	0	0	0	52	0		
365	1	"복주머니"	100	25000 	0	0	0	100	100	0	100	3	0	0	1	100	0	120	1	200	10	0	0	254	254	254	254	0	0	75	0		
378	1	"GameMaster"	2	10 	0	10	10	10	10	10	10	0	0	0	0	0	0	0	0	0	0	0	0	0	0	0	0	0	0	7	0		
379	1	"폭죽판매상인나타샤"	2	10 	0	10	10	10	10	10	10	0	0	0	0	0	0	0	0	0	0	0	0	0	0	0	0	0	0	7	0		
//환영사원																																	
380	1	"석상"	2	10 	0	10	10	10	10	10	10	0	0	0	0	0	0	0	0	0	0	0	0	0	0	0	0	0	0	7	0		
381	1	"뮤연합군대장"	2	10 	0	10	10	10	10	10	10	0	0	0	0	0	0	0	0	0	0	0	0	0	0	0	0	0	0	7	0		
382	1	"환영교단장로"	2	10 	0	10	10	10	10	10	10	0	0	0	0	0	0	0	0	0	0	0	0	0	0	0	0	0	0	7	0		
383	1	"성물보관함(연합군)"	2	10 	0	10	10	10	10	10	10	0	0	0	0	0	0	0	0	0	0	0	0	0	0	0	0	0	0	7	0		
384	1	"성물보관함(환영교)"	2	10 	0	10	10	10	10	10	10	0	0	0	0	0	0	0	0	0	0	0	0	0	0	0	0	0	0	7	0		
385	1	"미라쥬"	2	10 	0	10	10	10	10	10	10	0	0	0	0	0	0	0	0	0	0	0	0	0	0	0	0	0	0	7	0		
// 신규 이벤트맵 1 (레벨 220~270)																																	
386	1	"환영교단의망령A"	65	7150 	0	195	245	150	150	340	98	4	3	4	4	800	1600	0	2	200	400	3	0	4	4	4	4	0	0	112	0		
387	1	"환영교단의망령B"	65	7150 	0	215	265	170	170	380	110	4	7	4	4	800	1600	0	2	200	400	3	0	4	4	4	4	0	0	127	0		
388	1	"환영교단의망령C"	67	7370 	0	235	285	190	190	440	130	5	0	1	6	1600	2000	0	2	200	300	3	0	4	4	4	4	0	0	142	0		
// 신규 이벤트맵 2 (레벨 271~320)																																	
389	1	"환영교단의망령A"	70	8680 	0	280	330	210	210	500	150	4	3	4	4	800	1600	0	2	180	300	3	0	4	4	4	4	0	0	157	0		
390	1	"환영교단의망령B"	70	8680 	0	300	350	230	230	560	170	4	7	4	4	800	1600	0	2	180	200	3	0	4	4	4	4	0	0	172	0		
391	1	"환영교단의망령C"	72	8928 	0	320	370	250	250	640	200	5	0	1	6	1600	2000	0	2	180	100	4	0	7	7	7	7	0	0	187	0		
// 신규 이벤트맵 3 (레벨 321~350)																																	
392	1	"환영교단의망령A"	75	15000 	0	375	395	280	280	460	150	4	3	4	4	800	1600	0	2	150	400	3	0	6	6	6	6	0	0	210	0		
393	1	"환영교단의망령B"	75	15000 	0	395	415	300	300	520	160	4	7	4	4	800	1600	0	2	150	400	3	0	6	6	6	6	0	0	225	0		
394	1	"환영교단의망령C"	77	15400 	0	415	435	320	320	580	195	5	0	1	6	1600	2000	0	2	150	300	3	0	6	6	6	6	0	0	240	0		
// 신규 이벤트맵 4 (레벨 351~380)																																	
395	1	"환영교단의망령A"	80	19200 	0	480	500	360	360	660	230	4	3	4	4	800	1600	0	2	150	300	3	0	6	6	6	6	0	0	270	0		
396	1	"환영교단의망령B"	80	19200 	0	500	520	380	380	720	260	4	7	4	4	800	1600	0	2	150	200	3	0	6	6	6	6	0	0	285	0		
397	1	"환영교단의망령C"	82	19680 	0	520	540	400	400	840	280	5	0	1	6	1600	2000	0	2	150	100	4	0	9	9	9	9	0	0	300	0		
// 신규 이벤트맵 5 (레벨 381~399)																																	
398	1	"환영교단의망령A"	85	25500 	0	595	615	450	450	760	275	4	3	4	4	800	1600	0	2	130	0	3	0	26	26	26	26	0	0	337	0		
399	1	"환영교단의망령B"	85	25500 	0	615	635	470	470	820	303	4	7	4	4	800	1600	0	2	130	0	3	0	27	27	27	27	0	0	352	0		
400	1	"환영교단의망령C"	87	26100 	0	635	655	490	490	900	335	5	0	1	6	1600	2000	0	2	130	0	3	0	28	28	28	28	0	0	367	0		
// 신규 이벤트맵 6 (레벨 400)																																	
401	1	"환영교단의망령A"	112	36000 	0	720	740	550	550	1015	405	4	3	4	4	800	1600	0	2	130	0	3	0	27	27	27	27	0	0	412	0		
402	1	"환영교단의망령B"	112	36000 	0	740	760	570	570	1080	440	4	7	4	4	800	1600	0	2	130	0	3	0	28	28	28	28	0	0	427	0		
403	1	"환영교단의망령C"	114	36800 	0	760	780	590	590	1190	485	5	0	1	6	1600	2000	0	2	130	0	4	0	29	29	29	29	0	0	442	0		
// 이벤트맵 캐릭터 변신용 인덱스																																	
404	1	"뮤연합군"	2	10 	0	10	10	10	10	10	10	0	0	0	0	0	0	0	0	0	0	0	0	0	0	0	0	0	0	7	0		
405	1	"환영교단"	2	10 	0	10	10	10	10	10	10	0	0	0	0	0	0	0	0	0	0	0	0	0	0	0	0	0	0	7	0		
// 3차 체인지업																																	
406	1	"사제데빈"	2	10 	0	10	10	10	10	10	10	0	0	0	0	0	0	0	0	0	0	0	0	0	0	0	0	0	0	7	0		
407	1	"웨어울프쿼렐"	2	10 	0	10	10	10	10	10	10	0	0	0	0	0	0	0	0	0	0	0	0	0	0	0	0	0	0	7	0		
408	1	"문지기"	2	10 	0	10	10	10	10	10	10	0	0	0	0	0	0	0	0	0	0	0	0	0	0	0	0	0	0	7	0		
409	1	"발람(훈련병)"	117	75000 	0	550	650	480	480	1200	370	6	0	4	7	500	1500	10	2	150	46	3	0	23	23	23	23	0	0	360	0		
410	1	"데스스피릿(훈련병)"	118	85000 	0	580	680	490	490	1200	390	6	0	4	7	500	1500	10	2	150	46	3	0	25	25	25	25	0	0	367	0		
411	1	"소람(훈련병)"	119	90000 	0	600	700	500	500	1200	390	6	0	2	7	500	1500	10	2	150	46	3	0	25	25	25	25	0	0	375	0		
412	1	"다크엘프(훈련병)"	128	1500000 	0	800	900	900	900	1500	400	6	0	6	10	700	1700	10800	2	150	46	3	0	23	254	23	23	0	0	675	0		
// 추석(2007)이벤트																																	
//413	1	"달토끼"	149	25000 	0	0	0	100	100	0	100	3	0	0	1	100	0	120	1	200	10	0	0	254	254	254	254	0	0	75	0		
//414	1	"도우미앨런"	2	10 	0	10	10	10	10	10	10	0	0	0	0	0	0	0	0	0	0	0	0	0	0	0	0	0	0	7	0		
// 엘베란드  NPC																																	
415	1	"실비아"	2	10 	0	10	10	10	10	10	10	0	0	0	0	0	0	0	0	0	0	0	0	0	0	0	0	0	0	7	0		
416	1	"레아"	2	10 	0	10	10	10	10	10	10	0	0	0	0	0	0	0	0	0	0	0	0	0	0	0	0	0	0	7	0		
417	1	"마르세"	2	10 	0	10	10	10	10	10	10	0	0	0	0	0	0	0	0	0	0	0	0	0	0	0	0	0	0	7	0		
// 엘베란드 사냥터 (2007-11-20 김현지)																																	
418	1	"기괴한 토끼"	4	60 	0	10	13	3	3	18	3	3	0	1	4	400	2000	10	2	120	0	6	0	0	0	0	0	0	0	2	0		
419	1	"흉측한 토끼"	19	520 	0	68	72	22	22	93	22	3	0	1	4	400	1400	10	2	160	0	6	0	0	0	0	0	0	0	16	0		
420	1	"늑대 인간"	24	720 	0	85	90	30	30	120	30	3	0	1	5	400	1800	10	2	170	0	6	0	0	0	0	0	0	0	22	0		
421	1	"오염된 나비"	13	230 	0	37	42	13	13	58	13	3	0	1	4	400	1600	10	2	140	0	6	0	0	0	0	0	0	0	9	0		
422	1	"저주 받은 리치"	30	900 	0	105	110	33	33	150	36	3	2	4	7	400	2000	10	2	180	0	6	0	0	2	0	0	0	0	24	0		
423	1	"토템 골렘"	36	1200 	0	120	125	50	50	180	43	3	0	1	6	400	1400	10	2	180	0	6	0	0	0	0	0	0	0	37	0		
424	1	"괴수 우씨"	43	2400 	0	130	140	65	65	215	52	2	17	2	6	400	1600	8	2	185	0	3	0	0	3	0	0	0	0	48	0		
425	1	"괴수우씨 대장"	48	3000 	0	150	155	80	80	240	70	3	0	1	5	400	1400	10	2	200	46	3	0	3	3	3	5	0	0	60	0		
																																	
// 이벤트맵 등급 추가로 인한 몬스터 추가(2007.10.16)																																	
//카오스캐슬7_확장																																	
426	1	"카오스전사7"	111	20000 	0	300	345	245	245	480	190	50	0	1	7	400	2000	10	2	300	400	3	0	7	7	7	7	0	0	183	0		
427	1	"카오스궁수7"	114	23000 	0	330	380	280	280	520	200	50	17	6	7	400	1600	10	2	300	400	3	0	7	7	7	7	0	0	210	0		
//블러드캐슬8_확장																																	
428	1	"오크전사8"	105	29000 	0	475	510	440	440	570	250	3	0	1	3	400	2000	10	2	300	400	3	0	8	8	8	8	0	0	330	0		
429	1	"오크궁수8"	106	32000 	0	510	555	480	480	640	260	3	0	5	7	400	1600	10	2	300	400	3	0	8	8	8	8	0	0	360	0		
430	1	"흑해골전사8"	110	37000 	0	600	650	500	500	710	300	3	0	1	3	400	2000	10	2	250	300	3	0	8	8	8	8	0	0	375	0		
431	1	"자이언트오거8"	112	45000 	0	645	690	540	540	780	310	3	17	5	7	400	1600	10	2	250	300	3	0	8	8	8	8	0	0	405	0		
432	1	"붉은해골기사8"	119	55000 	0	780	820	600	600	850	360	3	0	1	3	400	2000	10	2	200	200	3	0	8	8	8	8	0	0	450	0		
433	1	"마법해골8"	125	65000 	0	830	865	680	680	920	370	4	150	4	6	400	1800	10	2	150	100	4	0	11	11	11	11	0	0	510	0		
//악마의광장7_확장																																	
434	1	"기간티스"	105	30000 	0	475	510	360	360	715	270	3	0	2	7	500	1500	10	2	135	0	3	0	25	25	25	25	0	0	270	0		
435	1	"버서커"	106	33000 	0	500	540	410	410	750	280	3	0	2	7	800	1700	10	2	110	0	3	0	50	50	50	50	0	0	307	0		
436	1	"발람(훈련병)"	117	37000 	0	560	600	460	460	800	320	6	0	4	7	500	1500	10	2	150	28	3	0	23	23	23	23	0	0	345	0		
437	1	"소람(훈련병)"	119	40000 	0	610	650	510	510	835	330	6	0	2	7	500	1500	10	2	150	28	3	0	25	25	25	25	0	0	382	0		
438	1	"페르소나"	121	50000 	0	640	680	560	560	935	370	3	0	5	7	500	1600	10	2	130	0	3	0	29	29	29	29	0	0	420	0		
439	1	"드레드피어"	123	55000 	0	700	740	610	610	1015	380	3	0	2	5	500	1500	10	2	130	0	3	0	27	27	27	27	0	0	457	0		
440	1	"다크엘프"	135	75000 	0	850	900	690	690	1300	430	6	0	6	10	700	1700	10	2	150	28	4	0	23	23	23	23	0	0	517	0		
// 평온의 늪 신규 몬스터																																	
441	1	"사피우누스"	95	37000 	0	475	510	370	370	700	220	4	0	1	7	600	1500	8	2	180	33	3	0	0	20	0	0	0	0	277	0		
442	1	"사피두오"	96	39500 	0	485	505	375	375	730	225	4	0	1	7	600	1500	8	2	180	33	3	0	0	30	0	0	0	0	281	0		
447	1	"썬더네이핀"	97	42000 	0	520	555	395	395	750	235	4	0	2	5	500	2000	8	2	180	33	3	0	0	0	20	0	0	0	296	0		
444	1	"쉐도우폰"	98	48500 	0	540	575	430	430	830	240	4	0	1	5	700	1700	8	2	180	33	3	0	20	20	0	0	0	0	322	0		
445	1	"쉐도우나이트"	100	52000 	0	570	600	455	455	860	255	4	7	1	5	700	1700	8	2	180	33	3	0	30	30	0	0	0	0	341	0		
443	1	"사피트레스"	102	58000 	0	590	625	470	470	880	275	4	17	4	7	600	1500	8	2	180	33	3	0	0	40	0	0	0	0	352	0		
446	1	"쉐도우룩"	104	62000 	0	600	645	500	500	950	290	4	0	1	5	700	1700	8	2	180	33	3	0	40	40	0	0	0	0	375	0		
448	1	"고스트네이핀"	106	68000 	0	635	665	535	535	980	295	4	1	2	5	500	2000	8	2	180	33	3	0	0	30	0	0	0	0	401	0		
449	1	"블레이즈네이핀"	107	70000 	0	670	725	530	530	1000	303	4	0	2	5	500	2000	8	2	180	33	3	0	0	0	0	40	0	0	397	0		
// 벚꽃이벤트 npc 추가																																	
//450	1	"벚꽃의정령"	2	10 	0	10	10	10	10	10	10	0	0	0	0	0	0	0	0	0	0	0	0	0	0	0	0	0	0	7	0		
//451	1	"벚꽃나무"	2	10 	0	10	10	10	10	10	10	0	0	0	0	0	0	0	0	0	0	0	0	0	0	0	0	0	0	7	0		
// 소켓 시스템 NPC																																	
452	1	"시드마스터"	2	10 	0	10	10	10	10	10	10	0	0	0	0	0	0	0	0	0	0	0	0	0	0	0	0	0	0	7	0		
453	1	"시드연구가"	2	10 	0	10	10	10	10	10	10	0	0	0	0	0	0	0	0	0	0	0	0	0	0	0	0	0	0	7	0		
// 라클리온 몬스터 추가																																	
454	1	"아이스워커"	102	68000 	0	1310	1965	615	615	1190	800	3	7	6	7	500	1500	10	2	180	33	3	0	150	30	30	30	0	0	461	0		
455	1	"자이언트매머드"	112	77000 	0	1441	2017	585	585	1350	840	3	0	3	6	500	1500	10	2	180	33	3	0	150	30	30	30	0	0	438	0		
456	1	"아이스자이언트"	122	84000 	0	1585	2060	620	620	1570	770	3	0	3	7	500	1500	10	2	180	33	3	0	150	30	30	30	0	0	465	0		
457	1	"쿨러틴"	132	88000 	0	1743	2092	650	650	1940	840	3	7	6	7	500	1500	10	2	180	33	3	0	150	30	30	30	0	0	487	0		
458	1	"아이언나이트"	142	95000 	0	1917	2301	660	660	2000	800	3	0	6	7	500	1500	10	2	180	33	3	0	150	30	30	30	0	0	495	0		
459	1	"세루판"	145	4800000 	0	2500	3000	1250	1250	2200	1800	3	0	10	8	800	1800	10	2	100	0	4	0	254	254	150	150	0	0	937	0		
460	1	"거미알1"	10	40000 	0	500	540	410	410	750	280	3	0	2	7	800	1700	10	0	110	0	3	0	50	50	50	50	0	0	307	0		
461	1	"거미알2"	10	40000 	0	500	540	410	410	750	280	3	0	2	7	800	1700	10	0	110	0	3	0	50	50	50	50	0	0	307	0		
462	1	"거미알3"	10	40000 	0	500	540	410	410	750	280	3	0	2	7	800	1700	10	0	110	0	3	0	50	50	50	50	0	0	307	0		
// 불꽃주머니 추가																																	
463	1	"불꽃유령"	149	25000 	0	0	0	100	100	0	100	3	0	0	1	100	0	120	1	200	10	0	0	254	254	254	254	0	0	75	0		
// 체험서버용 NPC 추가																																	
464	1	"초기화 도우미"	2	10 	0	10	10	10	10	10	10	0	0	0	0	0	0	0	0	0	0	0	0	0	0	0	0	0	0	7	0		
// 상용화 7주년 이벤트 NPC 추가																																	
478	1	"델가도"	2	10 	0	10	10	10	10	10	10	0	0	0	0	0	0	0	0	0	0	0	0	0	0	0	0	0	0	7	0		
// 크리스마스이벤트(국내 적용 추가)																																	
465	1	"산타클로스"	149	26000	0	370	410	400	400	550	200	4	3	5	6	400	2200	10	2	150	50	4	0	15	15	20	15	0	0	300	0		
466	1	"저주받은 고블린"	70	12000	0	220	260	190	190	440	130	3	0	2	5	400	1800	10	2	300	200	3	0	8	8	8	8	0	0	142	0		
467	1	"눈사람"	10	10 	0	10	10	10	10	10	10	0	0	0	0	0	0	0	0	0	0	0	0	0	0	0	0	0	0	7	0		
468	1	"대셔"	10	10 	0	10	10	10	10	10	10	0	0	0	0	0	0	0	0	0	0	0	0	0	0	0	0	0	0	7	0		
469	1	"커미트"	10	10 	0	10	10	10	10	10	10	0	0	0	0	0	0	0	0	0	0	0	0	0	0	0	0	0	0	7	0		
470	1	"댄서"	10	10 	0	10	10	10	10	10	10	0	0	0	0	0	0	0	0	0	0	0	0	0	0	0	0	0	0	7	0		
471	1	"큐피드"	10	10 	0	10	10	10	10	10	10	0	0	0	0	0	0	0	0	0	0	0	0	0	0	0	0	0	0	7	0		
472	1	"프랜서"	10	10 	0	10	10	10	10	10	10	0	0	0	0	0	0	0	0	0	0	0	0	0	0	0	0	0	0	7	0		
473	1	"도너"	10	10 	0	10	10	10	10	10	10	0	0	0	0	0	0	0	0	0	0	0	0	0	0	0	0	0	0	7	0		
474	1	"빅선"	10	10 	0	10	10	10	10	10	10	0	0	0	0	0	0	0	0	0	0	0	0	0	0	0	0	0	0	7	0		
475	1	"블리즌"	10	10 	0	10	10	10	10	10	10	0	0	0	0	0	0	0	0	0	0	0	0	0	0	0	0	0	0	7	0		
476	1	"저주받은 산타"	149	26000	0	370	410	400	400	550	200	4	0	2	6	400	2200	10	2	150	50	4	0	15	15	20	15	0	0	300	0		
477	1	"변신눈사람"	10	10 	0	10	10	10	10	10	10	0	0	0	0	0	0	0	0	0	0	0	0	0	0	0	0	0	0	0	0		
// 불카누스 몬스터 NPC 추가																																	
479	1	"문지기 타이투스"	10	10 	0	10	10	10	10	10	10	0	0	0	0	0	0	0	0	0	0	0	0	0	0	0	0	0	0	7	0		
480	1	"좀비 투사"	90	20000 	0	300	345	200	200	750	170	3	0	1	7	500	1500	10	2	130	33	3	0	200	200	200	250	0	0	150	0		
481	1	"좀비 투사"	120	500000 	0	850	950	210	210	1190	820	3	0	1	7	500	1500	300	2	130	33	3	0	200	200	200	250	0	0	157	0		
482	1	"되살아난 검투사"	93	23000 	0	320	360	220	220	780	200	3	0	2	7	500	1500	10	2	130	33	3	0	200	200	200	250	0	0	165	0		
483	1	"되살아난 검투사"	121	513000 	0	860	960	230	230	1210	825	3	0	2	7	500	1500	300	2	130	33	3	0	200	200	200	250	0	0	172	0		
484	1	"잿더미 도살자"	100	27000 	0	335	370	270	270	810	230	3	0	2	7	450	1600	10	2	130	33	3	0	200	200	200	250	0	0	202	0		
485	1	"잿더미 도살자"	122	520000 	0	870	970	280	280	1230	830	3	0	2	7	450	1600	300	2	130	33	3	0	200	200	200	250	0	0	210	0		
486	1	"피의 암살자"	107	37000 	0	550	600	475	475	900	300	3	0	1	7	600	1200	10	2	130	33	3	0	200	200	200	250	0	0	356	0		
487	1	"잔혹한 피의 암살자"	109	40000 	0	570	620	490	490	950	325	3	0	1	7	600	1200	10	2	130	33	3	0	200	200	200	250	0	0	367	0		
488	1	"잔혹한 피의 암살자"	123	523000 	0	880	980	500	500	1250	835	3	0	1	7	600	1200	300	2	130	33	3	0	200	200	200	250	0	0	375	0		
489	1	"불타는 용암 거인"	111	50000 	0	600	650	520	520	970	330	3	0	1	7	500	1600	10	2	130	33	3	0	200	200	200	250	0	0	390	0		
490	1	"포악한 용암 거인"	113	55000 	0	630	680	535	535	1000	340	3	0	1	7	500	1600	10	2	130	33	3	0	200	200	200	250	0	0	401	0		
491	1	"포악한 용암 거인"	124	530000 	0	890	990	545	545	1270	840	3	0	1	7	500	1600	300	2	130	33	3	0	200	200	200	250	0	0	408	0		
// 겜블 NPC 추가																																	
492	1	"모스"	2	10 	0	10	10	10	10	10	10	0	0	0	0	0	0	0	0	0	0	0	0	0	0	0	0	0	0	7	0		
// 황금군단이벤트(일본)																																	
502	1	"황금토끼"	40	3000	0	130	135	60	60	200	47	3	11	4	7	400	1600	10	2	190	14	6	0	3	1	1	1	0	0	45	0		
493	1	"황금다크나이트"	60	5000	0	180	195	115	115	300	88	3	3	4	7	400	2000	10	2	200	14	3	0	5	5	5	7	0	0	86	0		
494	1	"황금데빌"	72	10000	0	250	280	190	190	365	120	3	0	1	7	400	1400	10	2	170	30	3	0	8	8	8	8	0	0	142	0		
495	1	"황금돌괴물"	84	25000	0	375	425	275	275	530	190	3	17	4	7	400	1400	20	2	160	30	3	0	10	10	10	10	0	0	206	0		
496	1	"황금크러스트"	92	34500	0	489	540	360	360	620	240	3	0	1	5	400	1400	10	2	160	14	3	0	13	13	14	13	0	0	270	0		
497	1	"황금사티로스"	108	95000	0	950	1000	600	600	900	350	1	150	6	7	400	1500	150	2	120	14	4	0	30	30	35	30	0	0	450	0		
498	1	"황금트윈테일"	130	145000	0	1040	1085	865	865	1080	440	3	17	6	7	500	1500	10	2	130	0	3	0	28	28	28	28	0	0	648	0		
499	1	"황금아이언나이트"	145	200000	0	1743	2092	650	650	1940	840	3	7	6	7	500	1500	10	2	140	10	3	0	150	30	30	30	0	0	487	0		
500	1	"황금네이핀"	112	77000 	0	1441	2017	585	585	1350	840	3	0	3	6	500	1500	10	2	140	10	3	0	150	30	30	30	0	0	438	0		
501	1	"그레이트황금드래곤"	142	95000 	0	1917	2301	660	660	2000	800	3	0	6	7	500	1500	10	2	140	10	3	0	150	30	30	30	0	0	495	0		
// 5월 프리미엄 아이템 (팬더변신반지)																																	
503	1	"변신팬더"	10	10 	0	10	10	10	10	10	10	0	0	0	0	0	0	0	0	0	0	0	0	0	0	0	0	0	0	7	0		
//index	rate	name	Level	HP	MP	damagemin	damagemax	defence	magicdefence	attackrating	successfulbloking	moverange	attacktype	attackrange	viewrange	movespeed	attackspeed	regentime	attribute	itemrate	moneyrate	maxItemlevel	skill	얼음	독	번개	불						
//제국 수호군 몬스터 추가																																	
504	1	"가이온 카레인"	1	1250 	0	45	50	35	35	91	80	6	0	6	10	600	3000	10	2	160	10	6	254	254	254	254	254	0	0	26	0		
505	1	"제린트"	1	930 	0	42	47	30	30	80	70	6	0	2	10	600	1600	10	2	160	10	6	254	254	254	254	254	0	0	22	0		
506	1	"레이몬드"	1	800 	0	39	44	28	28	70	60	6	0	2	10	600	1600	10	2	150	10	6	254	254	254	254	254	0	0	21	0		
507	1	"에르카느"	1	800 	0	39	44	28	28	70	60	6	0	2	10	600	1600	10	2	150	10	6	254	254	254	254	254	0	0	21	0		
508	1	"데슬러"	1	780 	0	36	41	27	27	70	60	6	0	2	10	600	1600	10	2	150	10	6	254	254	254	254	254	0	0	20	0		
509	1	"버몬트"	1	780 	0	36	41	27	27	70	60	6	0	2	10	600	1600	10	2	150	10	6	254	254	254	254	254	0	0	20	0		
510	1	"카토"	1	780 	0	36	41	27	27	70	60	6	0	2	10	600	1400	10	2	160	10	6	254	254	254	254	254	0	0	20	0		
511	1	"갈리아"	1	780 	0	36	41	27	27	70	60	6	0	2	10	600	1400	10	2	160	10	6	254	254	254	254	254	0	0	20	0		
512	1	"병참장교"	1	650 	0	33	38	22	22	50	40	6	0	2	10	600	1600	10	2	130	10	6	254	254	254	254	254	0	0	16	0		
513	1	"전투교관"	1	650 	0	33	38	22	22	50	40	6	0	2	10	600	1600	10	2	130	10	6	254	254	254	254	254	0	0	16	0		
514	1	"기사단장"	1	650 	0	33	38	22	22	50	40	6	0	2	10	600	1600	10	2	130	10	6	254	254	254	254	254	0	0	16	0		
515	1	"대마법사"	1	650 	0	33	38	22	22	50	40	6	2	6	10	600	1600	10	2	140	10	6	254	254	254	254	254	0	0	16	0		
516	1	"암살단장"	1	650 	0	33	38	22	22	50	40	6	0	2	10	600	1200	10	2	140	10	6	254	254	254	254	254	0	0	16	0		
517	1	"기마단장"	1	650 	0	33	38	22	22	50	40	6	0	2	10	600	1600	10	2	140	10	6	254	254	254	254	254	0	0	16	0		
518	1	"방패병"	1	580 	0	30	35	20	20	30	20	6	0	2	7	600	1400	10	2	120	10	6	254	254	254	254	254	0	0	15	0		
519	1	"치유병"	1	500 	0	25	30	15	15	30	20	6	2	6	10	600	1400	10	2	120	10	6	254	254	254	254	254	0	0	11	0		
520	1	"기사단"	1	550 	0	28	33	17	17	30	20	6	0	2	7	600	1400	10	2	120	10	6	254	254	254	254	254	0	0	12	0		
521	1	"호위병"	1	570 	0	30	35	18	18	30	20	6	0	2	10	600	1400	10	2	120	10	6	254	254	254	254	254	0	0	13	0		
//제국 수호군 입장 NPC																																	
522	1	"보좌관 제린트"	2	10 	0	10	10	10	10	10	10	0	0	0	0	0	0	0	0	0	0	0	0	0	0	0	0	0	0	7	0		
//제국 수호군 요새 오브젝트 NPC																																	
523	1	"함정"	2	100 	0	15	52	0	0	45	50	0	0	5	5	0	1000	3	1	0	0	0	0	254	254	254	254	0	0	0	0		
524	1	"성문1"	1	500 	0	0	0	0	0	0	1	0	0	0	0	0	0	0	0	0	0	0	0	254	254	254	254	0	0	0	0		
525	1	"성문2"	1	600 	0	0	0	0	0	0	1	0	0	0	0	0	0	0	0	0	0	0	0	254	254	254	254	0	0	0	0		
526	1	"석상1"	1	650 	0	0	0	0	0	0	1	0	0	0	0	0	0	0	0	0	0	0	0	254	0	0	0	0	0	0	0		
527	1	"성문3"	1	500 	0	0	0	0	0	0	1	0	0	0	0	0	0	0	0	0	0	0	0	254	254	254	254	0	0	0	0		
528	1	"성문4"	1	600 	0	0	0	0	0	0	1	0	0	0	0	0	0	0	0	0	0	0	0	254	254	254	254	0	0	0	0		
//도플갱어 몬스터 추가																																	
529	1	"분노한 도살자"	20	2800 	0	125	135	83	83	2000	1500	3	0	6	7	500	1600	10	0	0	0	6	15	15	15	254	15	0	0	62	0		
530	1	"도살자"	18	2300 	0	110	120	73	73	1000	1000	3	0	6	7	500	1600	10	0	0	0	6	15	15	15	254	15	0	0	54	0		
531	1	"아이스워커"	19	1500 	0	85	90	60	60	800	1000	3	0	8	10	400	2000	10	2	100	0	6	15	15	15	15	15	0	0	45	0		
532	1	"유충"	16	1000 	0	75	80	55	55	800	900	3	1	2	7	400	2000	10	2	100	0	6	15	15	15	15	15	0	0	41	0		
533	1	"도플갱어"	15	600 	0	80	85	45	45	1000	900	3	239	1	3	400	1600	10	2	100	5	6	10	10	10	10	10	0	0	33	0		
534	1	"도플갱어 요정"	14	500 	0	65	70	30	30	700	500	2	235	5	6	400	1400	10	2	100	5	6	10	10	10	10	10	0	0	22	0		
535	1	"도플갱어 기사"	14	500 	0	65	70	30	30	700	500	2	41	1	3	400	2200	10	2	100	5	6	10	10	10	10	10	0	0	22	0		
536	1	"도플갱어 법사"	14	500 	0	65	70	30	30	700	500	2	39	5	4	400	2200	10	2	100	5	6	10	10	10	10	10	0	0	22	0		
537	1	"도플갱어 마검사"	14	500 	0	65	70	30	30	700	500	2	56	4	4	400	1400	10	2	100	5	6	10	10	10	10	10	0	0	22	0		
538	1	"도플갱어 다크로드"	17	900 	0	85	90	55	55	900	800	3	62	4	6	400	1600	10	2	100	5	6	15	15	15	15	15	0	0	41	0		
539	1	"도플갱어 소환술사"	14	500 	0	65	70	30	30	500	300	3	230	2	4	400	1600	10	2	100	5	6	10	10	10	10	10	0	0	22	0		
//도플갱어 입장 NPC																																	
540	1	"루가드"	2	10 	0	10	10	10	10	10	10	0	0	0	0	0	0	0	0	0	0	0	0	0	0	0	0	0	0	7	0		
//중간 보상 상자																																	
541	1	"중간 보상상자"	2	10 	0	10	10	10	10	10	10	0	0	0	0	0	0	0	0	0	0	0	0	0	0	0	0	0	0	7	0		
//최종 보상 상자																																	
542	1	"최종 보상상자"	2	10 	0	10	10	10	10	10	10	0	0	0	0	0	0	0	0	0	0	0	0	0	0	0	0	0	0	7	0		
//겐스 NPC 설희원																																	
543	1	"겐스 듀프리언 집사"	2	10 	0	10	10	10	10	10	10	0	0	0	0	0	0	0	0	0	0	0	0	0	0	0	0	0	0	7	0		
544	1	"겐스 바네르트 집사"	2	10 	0	10	10	10	10	10	10	0	0	0	0	0	0	0	0	0	0	0	0	0	0	0	0	0	0	7	0		
//로랜시장 관련 NPC 3종 추가 2009.11.24 홍승욱																																	
545	1	"잡화상인 크리스틴"	2	10 	0	10	10	10	10	10	10	0	0	0	0	0	0	0	0	0	0	0	0	0	0	0	0	0	0	7	0		
546	1	"보석상인 라울"	2	10 	0	10	10	10	10	10	10	0	0	0	0	0	0	0	0	0	0	0	0	0	0	0	0	0	0	7	0		
547	1	"시장조합원 줄리아"	2	10 	0	10	10	10	10	10	10	0	0	0	0	0	0	0	0	0	0	0	0	0	0	0	0	0	0	7	0		
//스켈레톤변신반지용 변신스켈레톤 추가																																	
548	1	"변신스켈레톤"	10	10 	0	10	10	10	10	10	10	0	0	0	0	0	0	0	0	0	0	0	0	0	0	0	0	0	0	7	0		
//사냥터 확장에 따른 추가 몬스터-아이다																																	
549	1	"블러디오크"	114	117000 	0	675	710	420	420	900	820	4	0	2	9	700	1500	8	2	120	40	3	0	20	20	20	150	0	0	315	0		
550	1	"블러디데스라이더"	115	88000 	0	795	830	460	460	1100	430	4	0	2	9	700	2500	10	2	120	40	3	0	20	20	20	150	0	0	345	0		
551	1	"블러디골렘"	117	129700 	0	715	750	470	470	900	960	4	0	2	9	700	1500	10	2	110	40	4	0	20	20	20	150	0	0	352	0		
552	1	"블러디위치퀸"	120	85700 	0	835	870	480	480	1100	430	4	0	3	9	700	2500	10	2	105	40	4	0	20	20	20	150	0	0	360	0		
//사냥터 확장에 따른 추가 몬스터-칸투르폐허																																	
553	1	"버서커워리어"	123	184370 	0 	915 	990 	543 	543 	1557 	755 	3 	0 	2 	9 	700	2500 	10 	2 	180	40	4 	0 	20	20	150	20	0	0	407	0		
554	1	"켄타우로스워리어"	126	198500 	0	970	1005	570	570	1258 	920	3	0	4	9	700	1500	10	2	180	40	3	0	20	20	150	20	0	0	427	0		
555	1	"기간티스워리어"	128	203000 	0	1046	1181	630	630	1575 	750	3	0	2	9	700	2500	10	2	180	40	3	0	20	20	150	20	0	0	472	0		
556	1	"제노사이더워리어"	129	218500 	0	1240	1375	715	715	1251 	990	3	0	2	9	700	2500	10	2	180	40	4	0	20	20	150	20	0	0	536	0		
//사냥터 확장에 따른 추가 몬스터-평온의 늪																																	
557	1	"사피퀸"	131	218000 	0	1441	2017	670	670	1847	875	4	17	3	9	700	2550	8	2	180	40	4	0	150	20	20	20	0	0	502	0		
558	1	"아이스네이핀"	135	230000 	0	1585	2060	730	730	1544	903	4	0	2	9	700	2500	8	2	180	40	3	0	150	20	20	20	0	0	547	0		
559	1	"쉐도우 마스터"	137	242000 	0	1743	2092	700	700	1646	990	4	0	2	9	700	2500	8	2	180	40	4	0	150	20	20	20	0	0	525	0		
560	1	"메두사 부하 - 사피퀸"	141	358000 	0	1917	2301	740	740	1140	1135	4	17	3	9	700	2000	8	2	180	40	6	0	150	20	20	20	0	0	555	0		
561	1	"메두사"	175	7800000 	0	7040	7800	1450	1450	5900	3800	3	39	7	10	800	4900	10	2	100	0	6	0	254	254	150	150	0	0	1087	0		
//사냥터 확장에 따른 추가 몬스터-라클리온																																	
562	1	"다크매머드"	140	237000 	0	1741	2317	785	785	2240	1440	3	0	3	6	700	2500	10	2	180	40	4	0	30	150	30	30	0	0	588	0		
563	1	"다크자이언트"	143	254000 	0	1885	2360	820	820	2647	970	3	0	3	8	700	2500	10	2	180	40	3	0	30	150	30	30	0	0	615	0		
564	1	"다크쿨러틴"	145	248000 	0	2043	2392	850	850	2142	1440	3	7	6	8	700	2500	10	2	180	40	3	0	30	150	30	30	0	0	637	0		
565	1	"다크아이언나이트"	148	265000 	0	2217	2601	860	860	2441	1430	3	0	3	8	700	2500	10	2	180	40	4	0	30	150	30	30	0	0	645	0		
//도플갱어 입장 NPC																																	
566	1	"용병관리인 테르시아"	2	10 	0	10	10	10	10	10	10	0	0	0	0	0	0	0	0	0	0	0	0	0	0	0	0	0	0	7	0		
567	1	"신녀 베이나"	2	10 	0	10	10	10	10	10	10	0	0	0	0	0	0	0	0	0	0	0	0	0	0	0	0	0	0	7	0		
568	1	"떠돌이 상인 자이로"	2	10 	0	10	10	10	10	10	10	0	0	0	0	0	0	0	0	0	0	0	0	0	0	0	0	0	0	7	0		
// 칼루탄 몬스터 추가 2010-06-30 홍승욱																																	
//index	rate	name	Level	HP	MP	damagemin	damagemax	defence	magicdefence	attackrating	successfulbloking	moverange	attacktype	attackrange	viewrange	movespeed	attackspeed	regentime	attribute	itemrate	moneyrate	maxItemlevel	skill	얼음	독	번개	불						
569	1	"맹독고리전갈"	99 	50000 	0	555	590	445	445	845	248	6	1	2	10	900	1500	10	2	130	33	3	0	100	254	100	200	0	0	333	0		
570	1	"본스콜피온"	103 	60000 	0	595	635	485	485	915	283	6	1	2	10	900	1500	10	2	130	33	3	0	100	254	100	200	0	0	363	0		
571	1	"오르커스"	105 	65000 	0	618	655	518	518	965	293	6	0	2	10	700	1800	10	2	130	33	3	0	100	100	100	240	0	0	388	0		
572	1	"골록"	108 	72000 	0	685	735	545	545	1020	315	6	0	2	10	700	1800	10	2	130	33	3	0	100	100	100	240	0	0	408	0		
573	1	"크립타"	111 	78000 	0	705	755	560	560	1080	340	6	0	1	10	800	1700	10	2	135	33	3	0	150	254	100	150	0	0	420	0		
574	1	"크립포스"	114 	83000 	0	720	770	575	575	1140	375	6	1	2	10	800	1700	10	2	135	33	3	0	150	254	100	150	0	0	431	0		
575	1	"콘드라"	117 	90000 	0	735	790	610	610	1200	405	6	0	2	10	500	2000	10	2	135	33	3	0	150	255	255	255	0	0	457	0		
576	1	"나르콘드라"	120 	96000 	0	750	815	640	640	1265	425	6	0	2	10	500	2000	10	2	135	33	3	0	150	255	255	255	0	0	480	0		
// 칼루탄 NPC 추가 2010-06-30 홍승욱																																	
577	1	"잡화상인 레이나"	2	10 	0	10	10	10	10	10	10	0	0	0	0	0	0	0	0	0	0	0	0	0	0	0	0	0	0	7	0		
578	1	"무기상인 볼로"	2	10 	0	10	10	10	10	10	10	0	0	0	0	0	0	0	0	0	0	0	0	0	0	0	0	0	0	7	0		
// 럭키아이템 NPC 추가 2010-09-01 이기수																																	
579	1	"다비드"	2	10 	0	10	10	10	10	10	10	0	0	0	0	0	0	0	0	0	0	0	0	0	0	0	0	0	0	7	0		
//아케론 아르카쟁 NPC 설희원 2011-03-24																																	
580	1	"스로프 선장"	2	10 	0	10	10	10	10	10	10	0	0	0	0	0	0	0	0	0	0	0	0	0	0	0	0	0	0	7	0		
581	1	"데루비시"	2	10 	0	10	10	10	10	10	10	0	0	0	0	0	0	0	0	0	0	0	0	0	0	0	0	0	0	7	0		
582	1	"아드니엘"	2	10 	0	10	10	10	10	10	10	0	0	0	0	0	0	0	0	0	0	0	0	0	0	0	0	0	0	7	0		
583	1	"진"	2	10 	0	10	10	10	10	10	10	0	0	0	0	0	0	0	0	0	0	0	0	0	0	0	0	0	0	7	0		
584	1	"레스너 경"	2	10 	0	10	10	10	10	10	10	0	0	0	0	0	0	0	0	0	0	0	0	0	0	0	0	0	0	7	0		
//더미 몬스터 추가 김정민 2011-04-01																																	
585	1	"허수아비"	2	99999999 	0	10	10	100	100	10	10	0	0	0	0	0	0	0	0	0	0	0	0	100	100	100	100	0	0	75	0		
//index	rate	name	Level	HP	MP	damagemin	damagemax	defence	magicdefence	attackrating	successfulbloking	moverange	attacktype	attackrange	viewrange	movespeed	attackspeed	regentime	attribute	itemrate	moneyrate	maxItemlevel	skill	damagemin	damagemax	attackrating	successfulbloking	속성	속성패턴	속성방어력	몬스터 구분		
//아케론 아르카쟁 몬스터 설희원 2011-08-29																																	
586	1	"데블페어리"	88	29000	0	408	443	315	315	587	195	3	0	2	7	500	1500	10	2	160	33	3	0	318	342	587	195	6	1	216	0		
587	1	"엘리멘탈 비스트"	91	32000	0	435	465	340	340	550	185	3	0	2	7	500	1500	10	2	160	33	3	0	345	368	550	185	6	1	245	0		
588	1	"엘리멘탈 나이트"	93	33000	0	455	510	370	370	590	220	3	0	2	7	500	1500	10	2	160	33	3	0	365	389	590	220	6	1	277	0		
589	1	"우바이드 데블 페어리"	99	35000	0	520	555	395	395	750	235	3	0	2	7	500	1500	10	2	160	33	3	0	385	417	750	235	6	1	306	0		
590	1	"우바이드 엘리멘탈 비스트"	101	37500	0	540	575	430	430	830	240	3	0	2	7	500	1500	10	2	160	33	3	0	422	446	830	240	6	1	336	0		
591	1	"우바이드 엘리멘탈 나이트"	103	38500	0	570	600	455	455	860	255	3	0	2	7	500	1500	10	2	160	33	3	0	456	481	860	255	6	1	351	0		
592	1	"운디네"	113	11100	0	600	635	515	515	950	315	6	1	2	10	900	1500	3600	2	130	33	3	0	472	499	950	315	2	2	240	0		
593	1	"살라만더"	113	10000	0	620	655	495	495	1020	315	6	0	2	10	700	1800	3600	2	130	33	3	0	463	486	950	315	1	2	255	0		
594	1	"실피드"	113	9500	0	635	675	475	475	1020	315	6	0	2	10	700	1800	3600	2	130	33	3	0	495	512	950	315	4	2	275	0		
595	1	"노옴"	113	12000	0	590	635	545	545	960	295	6	0	1	10	800	1700	3600	2	135	33	3	0	458	485	950	315	3	2	225	0		
596	1	"힐라사"	113	9000	0	600	630	475	475	1020	305	6	1	2	10	800	1700	3600	2	135	33	3	0	467	483	950	315	5	2	235	0		
// 마스터 스킬 신규 소환 몬스터 사티로스 인덱스 추가 (2011-07-01 홍승욱)																																	
597	1	"소환된 사티로스"	85 	30000 	0	555	590	300	300	2500	500	6	0	2	7	1000	1000	10	2	155	33	3	0	555	590	450	250	0	0	300	0		
//아케론오벨리스크 추가  2011-07-25																																	
598	1	"화염의 탑"	2	3000 	0	0	0	0	0	0	1	0	0	0	0	0	0	0	0	0	0	0	0	0	0	0	0	0	0	0	0		
599	1	"물의 탑"	2	3000 	0	0	0	0	0	0	1	0	0	0	0	0	0	0	0	0	0	0	0	0	0	0	0	0	0	0	0		
600	1	"대지의 탑"	2	3000 	0	0	0	0	0	0	1	0	0	0	0	0	0	0	0	0	0	0	0	0	0	0	0	0	0	0	0		
601	1	"바람의 탑"	2	3000 	0	0	0	0	0	0	1	0	0	0	0	0	0	0	0	0	0	0	0	0	0	0	0	0	0	0	0		
602	1	"어둠의 탑"	2	3000 	0	0	0	0	0	0	1	0	0	0	0	0	0	0	0	0	0	0	0	0	0	0	0	0	0	0	0		
603	1	"아르카쟁 결계"	2	10 	0	10	10	10	10	10	10	0	0	0	0	0	0	0	0	0	0	0	0	0	0	0	0	0	0	3	0		
//아케론 아르카쟁 상점 NPC추가 설희원 2011-09-15																																	
604	1	"진"	2	10 	0	10	10	10	10	10	10	0	0	0	0	0	0	0	0	0	0	0	0	0	0	0	0	0	0	3	0		
//eX702 채굴 시스템 개체 추가 김정민 2012-04-02																																	
605	1	"채굴구역(소)"	95	5 	0	10	10	10	10	10	10	0	0	0	0	0	0	10	1	0	0	0	0	0	0	0	0	0	0	3	0		
606	1	"채굴구역(중)"	100	5 	0	10	10	10	10	10	10	0	0	0	0	0	0	20	1	0	0	0	0	0	0	0	0	0	0	3	0		
607	1	"채굴구역(대)"	105	5 	0	10	10	10	10	10	10	0	0	0	0	0	0	30	1	0	0	0	0	0	0	0	0	0	0	3	0		
//아케론 데벤테르 골짜기 몬스터 추가 (2012-09-05 홍승욱)																																	
608	1	"데벤테르 데블 페어리"	105	57000	0	590	620	480	480	890	270	3	0	2	7	500	1500	10	2	160	33	3	0	486	511	890	270	6	1	371	0		
609	1	"데벤테르 엘리멘탈 비스트"	107	63000	0	610	640	500	500	920	285	3	0	2	7	500	1500	10	2	160	33	3	0	516	541	920	285	6	1	391	0		
610	1	"데벤테르 엘리멘탈 나이트"	109	70000	0	630	660	520	520	950	300	3	0	2	7	500	1500	10	2	160	33	3	0	546	571	950	300	6	1	411	0		
611	1	"셀리호든"	119	12210	0	630	666	540	540	997	346	6	1	2	10	900	1500	3600	2	130	33	3	0	495	523	997	330	1	2	252	0		
612	1	"우칸바"	119	11000	0	651	687	519	519	1071	346	6	0	2	10	700	1800	3600	2	130	33	3	0	486	510	997	330	2	2	267	0		
613	1	"실라"	119	10450	0	666	708	498	498	1071	346	6	0	2	10	700	1800	3600	2	130	33	3	0	519	537	997	330	4	2	288	0		
614	1	"노르무스"	119	13200	0	619	666	572	572	1008	324	6	0	1	10	800	1700	3600	2	135	33	3	0	480	509	997	330	3	2	236	0		
615	1	"무프"	119	10800	0	630	661	498	498	1071	324	6	1	2	10	800	1700	3600	2	135	33	3	0	490	507	997	330	5	2	246	0		
// 일본 이벤트 아이템 (팬더변신반지)																																	
//616	1	"갈색곰변신반지"	10	10 	0	10	10	10	10	10	10	0	0	0	0	0	0	0	0	0	0	0	0	0	0	0	0	0	0	7	0		
//617	1	"분홍곰변신반지"	10	10 	0	10	10	10	10	10	10	0	0	0	0	0	0	0	0	0	0	0	0	0	0	0	0	0	0	7	0		
//GM몬스터 추가 (2012-09-05 사재일)																																	
618	1	"[GM]승리"	30	3500 	0	70	90	30	30	160	20	6	0	1	7	400	2000	10	2	300	400	3	0	0	0	0	0	0	0	22	0		
619	1	"[GM]토토"	40	8000 	0	132	135	75	75	225	60	6	0	1	7	400	2000	10	2	300	400	3	0	1	1	1	1	0	0	56	0		
620	1	"[GM]화니"	54	20000 	0	168	165	105	105	270	80	6	0	1	7	400	2000	10	2	300	400	3	0	2	2	2	2	0	0	78	0		
621	1	"[GM]미카엘"	65	32500 	0	185	210	145	145	320	110	6	0	1	7	400	2000	10	2	300	400	3	0	4	4	4	4	0	0	108	0		
622	1	"[GM]오렌지"	70	400000 	0	215	240	170	170	370	120	6	0	1	7	400	2000	10	2	300	400	3	0	5	5	5	5	0	0	127	0		
623	1	"[GM]아바타"	76	900000 	0	255	280	215	215	430	140	6	0	1	7	400	2000	10	2	300	400	3	0	6	6	6	6	0	0	161	0		
624	1	"[GM]루나"	111	1600000 	0	300	345	245	245	480	190	6	0	1	7	400	2000	10	2	300	400	3	0	7	7	7	7	0	0	183	0		
// 추가 변신반지 아이템																																	
625	1	"로봇기사변신반지"	10	10 	0	10	10	10	10	10	10	0	0	0	0	0	0	0	0	0	0	0	0	0	0	0	0	0	0	7	0		
626	1	"미니로봇변신반지"	10	10 	0	10	10	10	10	10	10	0	0	0	0	0	0	0	0	0	0	0	0	0	0	0	0	0	0	7	0		
// 아케론 수호자 이벤트 몬스터 추가 (2012-09-27 홍승욱)																																	
// 저주받은 오벨리스크																																	
//index	rate	name	Level	HP	MP	damagemin	damagemax	defence	magicdefence	attackrating	successfulbloking	moverange	attacktype	attackrange	viewrange	movespeed	attackspeed	regentime	attribute	itemrate	moneyrate	maxItemlevel	skill	damagemin	damagemax	attackrating	successfulbloking	속성	속성패턴	속성방어력	몬스터 구분		
627	1	"저주받은 화염의 탑"	2	10000000 	0	0	0	600	600	0	600	0	0	0	0	0	0	0	0	0	0	0	0	0	0	0	0	1	1	200	0		
628	1	"저주받은 물의 탑"	2	10000000 	0	0	0	600	600	0	600	0	0	0	0	0	0	0	0	0	0	0	0	0	0	0	0	2	1	200	0		
629	1	"저주받은 대지의 탑"	2	10000000 	0	0	0	600	600	0	600	0	0	0	0	0	0	0	0	0	0	0	0	0	0	0	0	3	1	200	0		
630	1	"저주받은 바람의 탑"	2	10000000 	0	0	0	600	600	0	600	0	0	0	0	0	0	0	0	0	0	0	0	0	0	0	0	4	1	200	0		
631	1	"저주받은 암흑의 탑"	2	10000000 	0	0	0	600	600	0	600	0	0	0	0	0	0	0	0	0	0	0	0	0	0	0	0	5	1	200	0		
// 저주받은 정령 몬스터 (알크마르, 우바이드)																																	
632	1	"저주받은 운디네"	119	100000	0	1	2000	600	600	1500	1200	6	1	2	10	900	1500	0	2	130	33	3	0	594	627	1196	396	2	2	302	0		
633	1	"저주받은 살라만더"	119	100000	0	1	2000	600	600	1500	1200	6	0	2	10	700	1800	0	2	130	33	3	0	583	612	1196	396	1	2	320	0		
634	1	"저주받은 실피드"	119	100000	0	1	2000	600	600	1500	1200	6	0	2	10	700	1800	0	2	130	33	3	0	622	644	1196	396	4	2	345	0		
635	1	"저주받은 노옴"	119	100000	0	1	2000	600	600	1500	1200	6	0	1	10	800	1700	0	2	135	33	3	0	576	610	1196	396	3	2	283	0		
636	1	"저주받은 힐라사"	119	100000	0	1	2000	600	600	1500	1200	6	1	2	10	800	1700	0	2	135	33	3	0	588	608	1196	396	5	2	295	0		
// 저주받은 정령 몬스터 (데벤테르)																																	
637	1	"저주받은 셀리호든"	129	150000	0	1	2200	700	700	1800	1500	6	1	2	10	900	1500	0	2	130	33	3	0	712	752	1435	475	1	2	362	0		
638	1	"저주받은 우칸바"	129	150000	0	1	2200	700	700	1800	1500	6	0	2	10	700	1800	0	2	130	33	3	0	699	734	1435	475	2	2	384	0		
639	1	"저주받은 실라"	129	150000	0	1	2200	700	700	1800	1500	6	0	2	10	700	1800	0	2	130	33	3	0	746	772	1435	475	4	2	414	0		
640	1	"저주받은 노르무스"	129	150000	0	1	2200	700	700	1800	1500	6	0	1	10	800	1700	0	2	135	33	3	0	691	732	1435	475	3	2	339	0		
641	1	"저주받은 무프"	129	150000	0	1	2200	700	700	1800	1500	6	1	2	10	800	1700	0	2	135	33	3	0	705	729	1435	475	5	2	354	0		
// 추가 변신반지 아이템																																	
642	1	"제천대성변신반지"	10	10 	0	10	10	10	10	10	10	0	0	0	0	0	0	0	0	0	0	0	0	0	0	0	0	0	0	7	0		
// 최강자전 NPC, 몬스터 추가 2012-11-01 이기수																																	
643	1	"마이트"	2	10 	0	10	10	10	10	10	10	0	0	0	0	0	0	0	0	0	0	0	0	0	0	0	0	0	0	7	0		
644	1	"카오스전사8"	111	20000 	0	300	345	245	245	480	190	50	0	1	7	400	2000	10	2	300	400	3	0	7	7	7	7	0	0	183	0		
645	1	"카오스궁수8"	114	23000 	0	330	380	280	280	520	200	50	17	6	7	400	1600	10	2	300	400	3	0	7	7	7	7	0	0	210	0		
// 갈색팬더변신반지 추가(국내) - (2012-11-16 사재일)																																	
646	1	"갈색팬더변신반지"	10	10 	0	10	10	10	10	10	10	0	0	0	0	0	0	0	0	0	0	0	0	0	0	0	0	0	0	7	0		
// 신년이벤트 몬스터 추가 (2012-12-11) 박혜진																																	
647	1	"신년 뱀(초록)"	100	10000 	0	0	0	100	100	0	100	3	0	0	0	100	0	120	1	200	10	0	0	254	254	254	254	0	0	75	0		
648	1	"신년 뱀(노랑)"	100	10000 	0	0	0	100	100	0	100	3	0	0	0	100	0	120	1	200	10	0	0	254	254	254	254	0	0	75	0		
649	1	"신년 뱀(보라)"	100	10000 	0	0	0	100	100	0	100	3	0	0	0	100	0	120	1	200	10	0	0	254	254	254	254	0	0	75	0		
650	1	"신년 뱀(빨강)"	100	10000 	0	0	0	100	100	0	100	3	0	0	0	100	0	120	1	200	10	0	0	254	254	254	254	0	0	75	0		
// 개인상점 오브젝트 NPC (2013-01-14 최유진)																																	
651	1	"개인상점 게시판"	2	10 	0	10	10	10	1	10	10	0	0	0	0	0	0	0	0	0	0	0	0	0	0	0	0	0	0	7	0		
// 해외 신규 이벤트 관련 몬스터 인덱스 추가 (주석처리 / 2013-04-11 홍승욱)																																	
652	1	"황금 고블린"	100	120000 	0 	100 	200 	200 	200 	500 	300 	3 	0 	1 	7 	400 	1400 	3600 	2 	10 	20 	0 	0 	100 	200 	500 	300 	6 	1 	100 	0		
653	1	"황금 타이탄"	110	400000 	0 	300 	400 	300 	300 	2000 	500 	3 	150 	3 	7 	400 	2000 	0 	2 	200 	28 	0 	0 	200 	500 	1000 	500 	6 	1 	300 	0		
654	1	"황금 탄탈로스"	115	800000 	0 	400 	500 	400 	400 	3000 	600 	3 	150 	2 	7 	400 	1400 	0 	2 	180 	60 	0 	0 	400 	600 	1500 	700 	6 	1 	700 	0		
655	1	"황금 에로힘"	120	1200000 	0 	500 	600 	600 	600 	3000 	800 	3 	150 	6 	8 	650 	1600 	0 	2 	100 	100 	0 	0 	500 	650 	1500 	800 	6 	1 	700 	0		
656	1	"황금 헬마이네"	125	3000000 	0 	600 	700 	700 	700 	3000 	1300 	6 	0 	5 	10 	600 	2000 	0 	2 	150 	46 	0 	0 	550 	750 	1500 	1000 	6 	1 	800 	0		
657	1	"황금 쿤둔"	130	5000000 	0 	700 	800 	800 	800 	3000 	1700 	5 	150 	15 	10 	800 	2000 	0 	2 	100 	0 	0 	0 	650 	850 	1600 	1200 	6 	1 	1000 	0		
// 환영사원 최강자 NPC 추가 (2013-05-16 사재일)																																	
658	1	"저주받은 석상"	2	10 	0	10	10	10	10	10	10	0	0	0	0	0	0	0	0	0	0	0	0	0	0	0	0	0	0	7	0		
659	1	"점령석상"	2	10 	0	10	10	10	10	10	10	0	0	0	0	0	0	0	0	0	0	0	0	0	0	0	0	0	0	7	0		
660	1	"점령석상"	2	10 	0	10	10	10	10	10	10	0	0	0	0	0	0	0	0	0	0	0	0	0	0	0	0	0	0	7	0		
661	1	"점령석상"	2	10 	0	10	10	10	10	10	10	0	0	0	0	0	0	0	0	0	0	0	0	0	0	0	0	0	0	7	0		
662	1	"점령석상"	2	10 	0	10	10	10	10	10	10	0	0	0	0	0	0	0	0	0	0	0	0	0	0	0	0	0	0	7	0		
663	1	"점령석상"	2	10 	0	10	10	10	10	10	10	0	0	0	0	0	0	0	0	0	0	0	0	0	0	0	0	0	0	7	0		
664	1	"점령석상"	2	10 	0	10	10	10	10	10	10	0	0	0	0	0	0	0	0	0	0	0	0	0	0	0	0	0	0	7	0		
665	1	"점령석상"	2	10 	0	10	10	10	10	10	10	0	0	0	0	0	0	0	0	0	0	0	0	0	0	0	0	0	0	7	0		
666	1	"점령석상"	2	10 	0	10	10	10	10	10	10	0	0	0	0	0	0	0	0	0	0	0	0	0	0	0	0	0	0	7	0		
667	1	"점령석상"	2	10 	0	10	10	10	10	10	10	0	0	0	0	0	0	0	0	0	0	0	0	0	0	0	0	0	0	7	0		
668	1	"점령석상"	2	10 	0	10	10	10	10	10	10	0	0	0	0	0	0	0	0	0	0	0	0	0	0	0	0	0	0	7	0		
// 통합전장 신규NPC 추가																																	
669	1	"엘린"	2	10 	0	10	10	10	10	10	10	0	0	0	0	0	0	0	0	0	0	0	0	0	0	0	0	0	0	7	0		
// 우르크산 몬스터 추가(2013-06-17 김의건)																																	
670	1	"우르크 데블 페어리"	115	68000 	0	730	760	630	630	1000	300	3	0	2	7	500	1500	10	2	160	33	3	0	700	730	1200	400	6	1	420	0		
671	1	"우르크 엘리멘탈 비스트"	117	75000 	0	770	800	650	650	1000	320	3	0	2	7	500	1500	10	2	160	33	3	0	740	770	1300	415	6	1	440	0		
672	1	"우르크 엘리멘탈 나이트"	119	80000 	0	810	840	680	680	1000	310	3	0	2	7	500	1500	10	2	160	33	3	0	780	810	1400	430	6	1	460	0		
673	1	"로드 실베스터"	180	8000000 	0	5000	6000	1400	1400	6000	4000	1	150	2	7	300	1500	86400	2	160	33	6	0	1700	2300	3000	550	6	1	700	1		
//알을 품은 몬스터 이벤트관련 추가 (2013-07-24 박혜진)																																	
674	1	"달토끼"	100	10000 	0	0	0	10	10	0	10	3	0	0	1	100	0	3600	1	200	10	0	0	254	254	254	254	0	0	75	0		
675	1	"복주머니"	100	10000 	0	0	0	20	20	0	20	3	0	0	1	100	0	3600	1	200	10	0	0	254	254	254	254	0	0	75	0		
676	1	"불꽃유령"	100	10000 	0	0	0	100	100	0	100	3	0	0	1	100	0	3600	1	200	10	0	0	254	254	254	254	0	0	75	0		
677	1	"황금 고블린"	100	10000 	0	0	0	10	10	0	10	1	0	0	1	100	0	0	1	200	10	0	0	254	254	254	254	0	0	75	0		
// 우르크산 소환 몬스터 추가(2013-09-4 김의건)																																	
678	1	"로드 데블 페어리"	120	2000000 	0	2900	3500	1000	1000	1300	300	3	0	2	7	500	1500	10	2	160	33	3	0	400	500	400	500	6	0	350	1		
679	1	"로드 엘리멘탈 비스트"	123	1500000 	0	1800	2200	800	800	1000	650	3	0	2	7	500	1500	10	2	160	33	3	0	700	800	700	500	6	1	400	1		
680	1	"로드 엘리멘탈 나이트"	127	300000 	0	1200	1700	500	500	1000	310	3	0	2	7	500	1500	10	2	160	33	3	0	1000	1100	800	500	6	2	450	1		
// 각성몬스터이벤트(2013-09-27 최유진)																																	
681	1	"에보몬"	1	1000 	0	35	60	21	20	10	300	6	150	2	10	800	2000	120	2	10	0	6	0	254	254	254	254	0	0	75	0		
//이벤트 교환 NPC 추가 (2013-10-24 박혜진)																																	
682	1	"모니카"	2	10 	0	10	10	10	10	10	10	0	0	0	0	0	0	0	0	0	0	0	0	0	0	0	0	0	0	7	0		
//통합전장 NPC 추가 (2013-11-19 사재일)																																	
683	1	"마르세"	2	10 	0	10	10	10	10	10	10	0	0	0	0	0	0	0	0	0	0	0	0	0	0	0	0	0	0	7	0		
684	1	"실비아"	2	10 	0	10	10	10	10	10	10	0	0	0	0	0	0	0	0	0	0	0	0	0	0	0	0	0	0	7	0		
685	1	"이자벨"	2	50 	0	15	30	70	70	10	30	0	0	0	5	400	1500	10	0	200	10	0	0	0	0	0	0	0	0	52	0		
686	1	"소피아(repair)"	20	1000 	0	15	30	70	70	100	30	0	0	0	5	400	1500	10	0	200	10	0	0	0	0	0	0	0	0	52	0		
687	1	"볼로(repair)"	2	10 	0	10	10	10	10	10	10	0	0	0	0	0	0	0	0	0	0	0	0	0	0	0	0	0	0	7	0		
688	1	"크리스틴"	2	10 	0	10	10	10	10	10	10	0	0	0	0	0	0	0	0	0	0	0	0	0	0	0	0	0	0	7	0		
//우르크산 트랩 추가 (2013-12-16 김의건)																																	
689	1	"화염 트랩"	80	1000 	0	5000	6000	1400	1400	6000	4000	1	0	3	4	500	1000	3	1	200	10	0	0	0	0	0	0	0	0	0	0		
// 각성몬스터이벤트(2013-12-26 최유진)																																	
690	1	"특별 에보몬"	1	24000000 	0	2200	5500	1553	500	6000	300	6	150	7	10	800	2000	300	2	10	0	6	0	254	254	254	254	0	0	75	0		
// 신년 이벤트 몬스터 추가(2014-01-09 김의건)																																	
691	1	"신년 말(초록)"	100	10000 	0	0	0	100	100	0	100	3	0	0	0	100	0	120	1	200	10	0	0	254	254	254	254	0	0	75	0		
692	1	"신년 말(노랑)"	100	10000 	0	0	0	100	100	0	100	3	0	0	0	100	0	120	1	200	10	0	0	254	254	254	254	0	0	75	0		
693	1	"신년 말(갈색)"	100	10000 	0	0	0	100	100	0	100	3	0	0	0	100	0	120	1	200	10	0	0	254	254	254	254	0	0	75	0		
694	1	"신년 말(파랑)"	100	10000 	0	0	0	100	100	0	100	3	0	0	0	100	0	120	1	200	10	0	0	254	254	254	254	0	0	75	0		
// 시련의 광장(일반) NPC & 이벤트 몬스터 추가 (2014-02-10 사재일)																																	
//695	1	"리바인"	2	10 	0	10	10	10	10	10	10	0	0	0	0	0	0	0	0	0	0	0	0	0	0	0	0	0	0	7	0		
//696	1	"황금 고블린"	60	300000 	0 	100 	200 	200 	200 	500 	300 	3 	0 	1 	7 	400 	1400 	3600 	2 	10 	20 	0 	0 	100 	200 	500 	300 	6 	1 	100 	0		
//697	1	"황금 고블린"	80	500000 	0 	200 	400 	300 	200 	500 	300 	3 	0 	1 	7 	400 	1400 	3600 	2 	10 	20 	0 	0 	100 	200 	500 	300 	6 	1 	100 	0		
//698	1	"황금 고블린"	100	1000000 	0 	400 	600 	400 	200 	500 	300 	3 	0 	1 	7 	400 	1400 	3600 	2 	10 	20 	0 	0 	100 	200 	500 	300 	6 	1 	100 	0		
//699	1	"황금 고블린"	120	2000000 	0 	600 	800 	500 	200 	500 	300 	3 	0 	1 	7 	400 	1400 	3600 	2 	10 	20 	0 	0 	100 	200 	500 	300 	6 	1 	100 	0		
//700	1	"황금 탄탈로스"	115	800000 	0 	200 	300 	300 	400 	1000 	300 	3 	150 	2 	7 	400 	1400 	0 	2 	180 	60 	0 	0 	400 	600 	1500 	700 	6 	1 	700 	0		
//701	1	"황금 에로힘"	120	1200000 	0 	300 	400 	400 	500 	1000 	300 	3 	150 	6 	8 	650 	1600 	0 	2 	100 	100 	0 	0 	500 	650 	1500 	800 	6 	1 	700 	0		
//702	1	"황금 헬마이네"	125	3000000 	0 	600 	700 	700 	700 	1000 	300 	6 	0 	5 	10 	600 	2000 	0 	2 	150 	46 	0 	0 	550 	750 	1500 	1000 	6 	1 	800 	0		
//703	1	"황금 쿤둔"	130	5000000 	0 	700 	800 	800 	800 	1000 	300 	5 	150 	15 	10 	800 	2000 	0 	2 	100 	0 	0 	0 	650 	850 	1600 	1200 	6 	1 	1000 	0		
// 각성몬스터이벤트(2013-12-26 최유진)																																	
704	1	"진화성공"	100	10000 	0	0	0	100	100	0	100	0	0	0	0	0	0	0	0	0	0	0	0	0	0	0	0	0	0	7	0		
705	1	"진화실패"	100	10000 	0	0	0	100	100	0	100	0	0	0	0	0	0	0	0	0	0	0	0	0	0	0	0	0	0	7	0		
// 어둠의 변신반지 추가 (2014-02-25 사재일)																																	
706	1	"어둠의변신반지"	10	10 	0	10	10	10	10	10	10	0	0	0	0	0	0	0	0	0	0	0	0	0	0	0	0	0	0	7	0		
// 마스터 스킬 리뉴얼에 대한 소환 몬스터 추가 (2014-04-24 홍승욱)																																	
//707	1	"흑마법사의환영"																															
//708	1	"강성진"																															
end																																	
