// UI 타잎 - 0 : NPC용 퀘스트 진행창, 1: 기타 퀘스트 진행창											
//EP	 QS 	UI타잎	NPC대사	플래이어 대사	대답1	대답2	대답3	 대답4	대답5	제목	요약
//NPC 기본 기능 퀘스트 스크립트 추가. 2009.07.07 By kaisa2(이채선)											
0	1	0	0	0	0	0	0	0	0	297	0
1	0	1	1	0	2	0	0	0	0	0	0
1	1	1	3	0	4	5	0	0	0	203	204
1	2	1	9	0	0	0	0	0	0	203	205
1	3	1	6	0	7	8	0	0	0	203	206
1	4	1	10	0	0	0	0	0	0	203	207
1	5	0	11	12	15	16	0	0	0	203	208
1	6	0	17	18	19	0	0	0	0	203	209
1	7	0	20	21	22	0	0	0	0	203	210
1	8	0	23	24	25	0	0	0	0	203	211
1	9	0	26	0	0	0	0	0	0	203	212
1	10	0	27	28	29	30	0	0	0	203	213
1	11	0	31	32	33	34	35	0	0	203	214
1	12	0	36	37	38	39	40	0	0	203	215
1	13	0	41	37	33	39	40	0	0	203	216
1	14	0	42	37	33	34	40	0	0	203	217
1	15	0	43	0	0	0	0	0	0	203	218
1	16	0	44	45	46	0	0	0	0	203	219
1	17	0	47	48	49	50	0	0	0	203	220
1	18	0	51	52	53	0	0	0	0	203	221
1	19	0	54	55	56	0	0	0	0	203	222
1	20	0	57	0	0	0	0	0	0	203	223
1	21	0	58	59	60	0	0	0	0	203	224
1	22	0	61	62	63	64	0	0	0	203	225
1	23	0	65	0	0	0	0	0	0	203	226
1	24	0	66	0	0	0	0	0	0	203	227
1	25	0	67	0	0	0	0	0	0	203	228
1	26	0	68	69	70	71	0	0	0	203	229
1	27	0	72	73	74	75	0	0	0	203	230
1	28	0	76	77	78	0	0	0	0	203	231
1	29	0	79	0	0	0	0	0	0	203	232
1	30	0	80	81	82	0	0	0	0	203	233
1	31	0	83	0	0	0	0	0	0	203	234
1	32	0	84	85	86	0	0	0	0	203	235
1	33	0	87	0	0	0	0	0	0	203	236
1	34	0	88	0	0	0	0	0	0	203	237
1	35	0	89	0	0	0	0	0	0	203	238
1	36	0	90	91	92	93	0	0	0	203	239
1	37	0	0	0	0	0	0	0	0	203	240
1	38	0	0	0	0	0	0	0	0	203	241
1	39	0	94	95	96	97	98	0	0	203	242
1	40	0	99	0	0	0	0	0	0	203	243
1	41	0	100	0	0	0	0	0	0	203	244
1	42	0	104	0	0	0	0	0	0	203	245
1	43	0	105	0	0	0	0	0	0	203	246
1	44	0	108	111	112	0	0	0	0	203	247
1	45	0	109	111	112	0	0	0	0	203	248
1	46	0	113	117	118	0	0	0	0	203	249
1	47	0	114	117	118	0	0	0	0	203	250
1	48	0	119	123	124	0	0	0	0	203	251
1	49	0	101	0	0	0	0	0	0	203	252
1	50	0	106	0	0	0	0	0	0	203	253
1	51	0	108	111	112	0	0	0	0	203	254
1	52	0	115	117	118	0	0	0	0	203	255
1	53	0	120	123	124	0	0	0	0	203	256
1	54	0	102	0	0	0	0	0	0	203	257
1	55	0	107	0	0	0	0	0	0	203	258
1	56	0	110	111	112	0	0	0	0	203	259
1	57	0	116	117	118	0	0	0	0	203	260
1	58	0	121	123	124	0	0	0	0	203	261
1	59	0	122	123	124	0	0	0	0	203	262
1	60	0	125	126	127	128	0	0	0	203	263
1	61	0	129	130	131	0	0	0	0	203	264
1	62	0	132	0	0	0	0	0	0	203	265
1	63	0	133	134	135	0	0	0	0	203	266
1	64	0	136	137	138	139	0	0	0	203	267
1	65	0	140	141	142	143	0	0	0	203	268
1	66	0	144	145	146	147	148	0	0	203	269
1	67	0	149	0	0	0	0	0	0	203	270
1	68	0	150	0	0	0	0	0	0	203	271
1	69	0	102	0	0	0	0	0	0	203	272
1	70	0	151	152	153	154	155	0	0	203	273
1	71	0	156	0	0	0	0	0	0	203	274
1	72	0	157	0	0	0	0	0	0	203	275
1	73	0	158	159	160	161	162	0	0	203	276
1	74	0	163	0	0	0	0	0	0	203	277
1	75	0	164	0	0	0	0	0	0	203	278
1	76	0	165	166	167	168	169	0	0	203	279
1	77	0	170	0	0	0	0	0	0	203	280
1	78	0	171	0	0	0	0	0	0	203	281
1	79	0	172	173	174	175	176	0	0	203	282
1	80	0	177	0	0	0	0	0	0	203	283
1	81	0	178	0	0	0	0	0	0	203	284
1	82	0	179	180	181	182	183	0	0	203	285
1	83	0	184	0	0	0	0	0	0	203	286
1	84	0	185	0	0	0	0	0	0	203	287
1	85	0	186	187	188	189	0	0	0	203	288
1	86	0	190	191	192	0	0	0	0	203	289
1	87	0	193	194	195	0	0	0	0	203	290
1	88	0	196	197	198	0	0	0	0	203	291
1	89	0	199	200	201	0	0	0	0	203	292
1	90	0	202	0	0	0	0	0	0	203	293
1	91	0	11	13	15	16	0	0	0	203	294
1	92	0	11	14	15	16	0	0	0	203	295
//카오스 캐슬 입장 퀘스트 Progress 추가. 2009.12.10 By Stunlee(이준희)											
2	0	0	2001	2002	2003	2004	0	0	0	2901	2801
2	1	0	2005	0	0	0	0	0	0	2901	2801
2	2	0	2006	0	2007	0	0	0	0	2901	2802
2	3	0	2008	0	2009	0	0	0	0	2901	2802
2	4	0	2010	0	2011	0	0	0	0	2901	2802
2	5	0	2012	0	2013	0	0	0	0	2901	2802
2	6	0	2014	0	2015	0	0	0	0	2901	2802
2	7	0	2016	0	2017	0	0	0	0	2901	2802
2	8	0	2018	0	0	0	0	0	0	2901	2803
2	9	0	2019	2020	2021	2022	0	0	0	2902	2804
2	10	0	2023	0	0	0	0	0	0	2902	2804
2	11	0	2024	0	0	0	0	0	0	2902	2805
2	12	0	2025	2026	2027	2028	0	0	0	2903	2806
2	13	0	2029	0	0	0	0	0	0	2903	2806
2	14	0	2030	0	0	0	0	0	0	2903	2807
2	15	0	2031	2032	2033	2034	0	0	0	2904	2808
2	16	0	2035	0	0	0	0	0	0	2904	2808
2	17	0	2036	0	0	0	0	0	0	2904	2809
2	18	0	2037	2038	2039	2040	0	0	0	2905	2810
2	19	0	2041	0	0	0	0	0	0	2905	2810
2	20	0	2042	0	2043	0	0	0	0	2905	2811
2	21	0	2044	0	2045	0	0	0	0	2905	2811
2	22	0	2046	0	2047	0	0	0	0	2905	2811
2	23	0	2048	0	2049	0	0	0	0	2905	2811
2	24	0	2050	0	2051	0	0	0	0	2905	2811
2	25	0	2052	0	2053	0	0	0	0	2905	2811
2	26	0	2054	0	0	0	0	0	0	2905	2812
2	27	0	2055	2056	2057	2058	0	0	0	2906	2813
2	28	0	2059	0	0	0	0	0	0	2906	2813
2	29	0	2060	0	0	0	0	0	0	2906	2814
2	30	0	2061	2062	2063	2064	0	0	0	2907	2815
2	31	0	2065	0	0	0	0	0	0	2907	2815
2	32	0	2066	0	0	0	0	0	0	2907	2816
2	33	0	2067	2068	2069	2070	0	0	0	2908	2817
2	34	0	2071	0	0	0	0	0	0	2908	2817
2	35	0	2072	0	0	0	0	0	0	2908	2818
2	36	0	2073	0	2074	0	0	0	0	2909	2819
2	37	0	2075	2076	2077	2078	0	0	0	2909	2819
2	38	0	2079	0	0	0	0	0	0	2909	2819
2	39	0	2080	0	0	0	0	0	0	2909	2820
2	40	0	2081	2082	2083	2084	0	0	0	2909	2821
2	41	0	2085	0	0	0	0	0	0	2909	2821
2	42	0	2086	0	0	0	0	0	0	2909	2822
2	43	0	2087	2088	2089	2090	0	0	0	2909	2823
2	44	0	2091	0	0	0	0	0	0	2909	2823
2	45	0	2092	0	0	0	0	0	0	2909	2824
2	46	0	2093	2094	2095	2096	0	0	0	2910	2825
2	47	0	2097	0	0	0	0	0	0	2910	2825
2	48	0	2098	0	0	0	0	0	0	2910	2826
2	49	0	2099	2100	2101	2102	0	0	0	2910	2827
2	50	0	2103	0	0	0	0	0	0	2910	2827
2	51	0	2104	0	0	0	0	0	0	2910	2828
2	52	0	2105	2106	2107	2108	0	0	0	2910	2829
2	53	0	2109	0	0	0	0	0	0	2910	2829
2	54	0	2110	0	0	0	0	0	0	2910	2830
2	55	0	2111	2112	2113	2114	0	0	0	2911	2831
2	56	0	2115	0	0	0	0	0	0	2911	2831
2	57	0	2116	0	0	0	0	0	0	2911	2832
2	58	0	2117	2118	2119	2120	0	0	0	2911	2833
2	59	0	2121	0	0	0	0	0	0	2911	2833
2	60	0	2122	0	0	0	0	0	0	2911	2834
2	61	0	2123	2124	2125	2126	0	0	0	2911	2835
2	62	0	2127	0	0	0	0	0	0	2911	2835
2	63	0	2128	0	0	0	0	0	0	2911	2836
2	64	0	2129	2130	2131	2132	0	0	0	2912	2837
2	65	0	2133	0	0	0	0	0	0	2912	2837
2	66	0	2134	0	0	0	0	0	0	2912	2838
2	67	0	2135	2136	2137	2138	0	0	0	2912	2839
2	68	0	2139	0	0	0	0	0	0	2912	2839
2	69	0	2140	0	0	0	0	0	0	2912	2840
2	70	0	2141	2142	2143	2144	0	0	0	2912	2841
2	71	0	2145	0	0	0	0	0	0	2912	2841
2	72	0	2146	0	0	0	0	0	0	2912	2842
2	73	0	2147	2148	2149	2150	0	0	0	2913	2843
2	74	0	2151	0	0	0	0	0	0	2913	2843
2	75	0	2152	0	0	0	0	0	0	2913	2844
2	76	0	2153	2154	2155	2156	0	0	0	2913	2845
2	77	0	2157	0	0	0	0	0	0	2913	2845
2	78	0	2158	0	0	0	0	0	0	2913	2846
2	79	0	2159	2160	2161	2162	0	0	0	2913	2847
2	80	0	2163	0	0	0	0	0	0	2913	2847
2	81	0	2164	0	0	0	0	0	0	2913	2848
//카오스 캐슬 입장 퀘스트 Progress 추가. 2009.12.15 By Stunlee(이준희)											
3	0	0	3001	3002	3003	3004	0	0	0	3901	3801
3	1	0	3005	0	0	0	0	0	0	3901	3801
3	2	0	3006	0	3007	0	0	0	0	3901	3802
3	3	0	3008	0	3009	0	0	0	0	3901	3802
3	4	0	3010	0	3011	0	0	0	0	3901	3802
3	5	0	3012	0	3013	0	0	0	0	3901	3802
3	6	0	3014	0	3015	0	0	0	0	3901	3802
3	7	0	3016	0	3017	0	0	0	0	3901	3802
3	8	0	3018	0	0	0	0	0	0	3901	3803
3	9	0	3019	3020	3021	3022	0	0	0	3902	3804
3	10	0	3023	0	0	0	0	0	0	3902	3804
3	11	0	3024	0	0	0	0	0	0	3902	3805
3	12	0	3025	3026	3027	3028	0	0	0	3903	3806
3	13	0	3029	0	0	0	0	0	0	3903	3806
3	14	0	3030	0	0	0	0	0	0	3903	3807
3	15	0	3031	3032	3033	3034	0	0	0	3904	3808
3	16	0	3035	0	0	0	0	0	0	3904	3808
3	17	0	3036	0	0	0	0	0	0	3904	3809
3	18	0	3037	3038	3039	3040	0	0	0	3905	3810
3	19	0	3041	0	0	0	0	0	0	3905	3810
3	20	0	3042	0	3043	0	0	0	0	3905	3811
3	21	0	3044	0	3045	0	0	0	0	3905	3811
3	22	0	3046	0	3047	0	0	0	0	3905	3811
3	23	0	3048	0	3049	0	0	0	0	3905	3811
3	24	0	3050	0	3051	0	0	0	0	3905	3811
3	25	0	3052	0	3053	0	0	0	0	3905	3811
3	26	0	3054	0	0	0	0	0	0	3905	3812
3	27	0	3055	3056	3057	3058	0	0	0	3906	3813
3	28	0	3059	0	0	0	0	0	0	3906	3813
3	29	0	3060	0	0	0	0	0	0	3906	3814
3	30	0	3061	3062	3063	3064	0	0	0	3907	3815
3	31	0	3065	0	0	0	0	0	0	3907	3815
3	32	0	3066	0	0	0	0	0	0	3907	3816
3	33	0	3067	3068	3069	3070	0	0	0	3908	3817
3	34	0	3071	0	0	0	0	0	0	3908	3817
3	35	0	3072	0	0	0	0	0	0	3908	3818
3	36	0	3073	0	3074	0	0	0	0	3909	3819
3	37	0	3075	3076	3077	3078	0	0	0	3909	3819
3	38	0	3079	0	0	0	0	0	0	3909	3819
3	39	0	3080	0	0	0	0	0	0	3909	3820
3	40	0	3081	3082	3083	3084	0	0	0	3909	3821
3	41	0	3085	0	0	0	0	0	0	3909	3821
3	42	0	3086	0	0	0	0	0	0	3909	3822
3	43	0	3087	3088	3089	3090	0	0	0	3909	3823
3	44	0	3091	0	0	0	0	0	0	3909	3823
3	45	0	3092	0	0	0	0	0	0	3909	3824
3	46	0	3093	3094	3095	3096	0	0	0	3910	3825
3	47	0	3097	0	0	0	0	0	0	3910	3825
3	48	0	3098	0	0	0	0	0	0	3910	3826
3	49	0	3099	3100	3101	3102	0	0	0	3910	3827
3	50	0	3103	0	0	0	0	0	0	3910	3827
3	51	0	3104	0	0	0	0	0	0	3910	3828
3	52	0	3105	3106	3107	3108	0	0	0	3910	3829
3	53	0	3109	0	0	0	0	0	0	3910	3829
3	54	0	3110	0	0	0	0	0	0	3910	3830
3	55	0	3111	3112	3113	3114	0	0	0	3911	3831
3	56	0	3115	0	0	0	0	0	0	3911	3831
3	57	0	3116	0	0	0	0	0	0	3911	3832
3	58	0	3117	3118	3119	3120	0	0	0	3911	3833
3	59	0	3121	0	0	0	0	0	0	3911	3833
3	60	0	3122	0	0	0	0	0	0	3911	3834
3	61	0	3123	3124	3125	3126	0	0	0	3911	3835
3	62	0	3127	0	0	0	0	0	0	3911	3835
3	63	0	3128	0	0	0	0	0	0	3911	3836
3	64	0	3129	3130	3131	3132	0	0	0	3912	3837
3	65	0	3133	0	0	0	0	0	0	3912	3837
3	66	0	3134	0	0	0	0	0	0	3912	3838
3	67	0	3135	3136	3137	3138	0	0	0	3912	3839
3	68	0	3139	0	0	0	0	0	0	3912	3839
3	69	0	3140	0	0	0	0	0	0	3912	3840
3	70	0	3141	3142	3143	3144	0	0	0	3912	3841
3	71	0	3145	0	0	0	0	0	0	3912	3841
3	72	0	3146	0	0	0	0	0	0	3912	3842
3	73	0	3147	3148	3149	3150	0	0	0	3913	3843
3	74	0	3151	0	0	0	0	0	0	3913	3843
3	75	0	3152	0	0	0	0	0	0	3913	3844
3	76	0	3153	3154	3155	3156	0	0	0	3913	3845
3	77	0	3157	0	0	0	0	0	0	3913	3845
3	78	0	3158	0	0	0	0	0	0	3913	3846
3	79	0	3159	3160	3161	3162	0	0	0	3913	3847
3	80	0	3163	0	0	0	0	0	0	3913	3847
3	81	0	3164	0	0	0	0	0	0	3913	3848
3	82	0	3165	3166	3167	3168	0	0	0	3914	3849
3	83	0	3169	0	0	0	0	0	0	3914	3849
3	84	0	3170	0	0	0	0	0	0	3914	3850
3	85	0	3171	3172	3173	3174	0	0	0	3914	3851
3	86	0	3175	0	0	0	0	0	0	3914	3851
3	87	0	3176	0	0	0	0	0	0	3914	3852
3	88	0	3177	3178	3179	3180	0	0	0	3914	3853
3	89	0	3181	0	0	0	0	0	0	3914	3853
3	90	0	3182	0	0	0	0	0	0	3914	3854
//카오스 캐슬 입장 퀘스트 Progress 추가. 2009.12.15 By Stunlee(이준희)											
4	0	0	4001	4002	4003	4004	0	0	0	4901	4801
4	1	0	4005	0	0	0	0	0	0	4901	4801
4	2	0	4006	0	4007	0	0	0	0	4901	4802
4	3	0	4008	0	4009	0	0	0	0	4901	4802
4	4	0	4010	0	4011	0	0	0	0	4901	4802
4	5	0	4012	0	4013	0	0	0	0	4901	4802
4	6	0	4014	0	4015	0	0	0	0	4901	4802
4	7	0	4016	0	4017	0	0	0	0	4901	4802
4	8	0	4018	0	0	0	0	0	0	4901	4803
4	9	0	4019	4020	4021	4022	0	0	0	4902	4804
4	10	0	4023	0	0	0	0	0	0	4902	4804
4	11	0	4024	0	0	0	0	0	0	4902	4805
4	12	0	4025	4026	4027	4028	0	0	0	4903	4806
4	13	0	4029	0	0	0	0	0	0	4903	4806
4	14	0	4030	0	0	0	0	0	0	4903	4807
4	15	0	4031	4032	4033	4034	0	0	0	4904	4808
4	16	0	4035	0	0	0	0	0	0	4904	4808
4	17	0	4036	0	0	0	0	0	0	4904	4809
4	18	0	4037	4038	4039	4040	0	0	0	4905	4810
4	19	0	4041	0	0	0	0	0	0	4905	4810
4	20	0	4042	0	4043	0	0	0	0	4905	4811
4	21	0	4044	0	4045	0	0	0	0	4905	4811
4	22	0	4046	0	4047	0	0	0	0	4905	4811
4	23	0	4048	0	4049	0	0	0	0	4905	4811
4	24	0	4050	0	4051	0	0	0	0	4905	4811
4	25	0	4052	0	4053	0	0	0	0	4905	4811
4	26	0	4054	0	0	0	0	0	0	4905	4812
4	27	0	4055	4056	4057	4058	0	0	0	4906	4813
4	28	0	4059	0	0	0	0	0	0	4906	4813
4	29	0	4060	0	0	0	0	0	0	4906	4814
4	30	0	4061	4062	4063	4064	0	0	0	4907	4815
4	31	0	4065	0	0	0	0	0	0	4907	4815
4	32	0	4066	0	0	0	0	0	0	4907	4816
4	33	0	4067	4068	4069	4070	0	0	0	4908	4817
4	34	0	4071	0	0	0	0	0	0	4908	4817
4	35	0	4072	0	0	0	0	0	0	4908	4818
4	36	0	4073	0	4074	0	0	0	0	4909	4819
4	37	0	4075	4076	4077	4078	0	0	0	4909	4819
4	38	0	4079	0	0	0	0	0	0	4909	4819
4	39	0	4080	0	0	0	0	0	0	4909	4820
4	40	0	4081	4082	4083	4084	0	0	0	4909	4821
4	41	0	4085	0	0	0	0	0	0	4909	4821
4	42	0	4086	0	0	0	0	0	0	4909	4822
4	43	0	4087	4088	4089	4090	0	0	0	4909	4823
4	44	0	4091	0	0	0	0	0	0	4909	4823
4	45	0	4092	0	0	0	0	0	0	4909	4824
4	46	0	4093	4094	4095	4096	0	0	0	4910	4825
4	47	0	4097	0	0	0	0	0	0	4910	4825
4	48	0	4098	0	0	0	0	0	0	4910	4826
4	49	0	4099	4100	4101	4102	0	0	0	4910	4827
4	50	0	4103	0	0	0	0	0	0	4910	4827
4	51	0	4104	0	0	0	0	0	0	4910	4828
4	52	0	4105	4106	4107	4108	0	0	0	4910	4829
4	53	0	4109	0	0	0	0	0	0	4910	4829
4	54	0	4110	0	0	0	0	0	0	4910	4830
4	55	0	4111	4112	4113	4114	0	0	0	4911	4831
4	56	0	4115	0	0	0	0	0	0	4911	4831
4	57	0	4116	0	0	0	0	0	0	4911	4832
4	58	0	4117	4118	4119	4120	0	0	0	4911	4833
4	59	0	4121	0	0	0	0	0	0	4911	4833
4	60	0	4122	0	0	0	0	0	0	4911	4834
4	61	0	4123	4124	4125	4126	0	0	0	4911	4835
4	62	0	4127	0	0	0	0	0	0	4911	4835
4	63	0	4128	0	0	0	0	0	0	4911	4836
4	64	0	4129	4130	4131	4132	0	0	0	4912	4837
4	65	0	4133	0	0	0	0	0	0	4912	4837
4	66	0	4134	0	0	0	0	0	0	4912	4838
4	67	0	4135	4136	4137	4138	0	0	0	4912	4839
4	68	0	4139	0	0	0	0	0	0	4912	4839
4	69	0	4140	0	0	0	0	0	0	4912	4840
4	70	0	4141	4142	4143	4144	0	0	0	4912	4841
4	71	0	4145	0	0	0	0	0	0	4912	4841
4	72	0	4146	0	0	0	0	0	0	4912	4842
4	73	0	4147	4148	4149	4150	0	0	0	4913	4843
4	74	0	4151	0	0	0	0	0	0	4913	4843
4	75	0	4152	0	0	0	0	0	0	4913	4844
4	76	0	4153	4154	4155	4156	0	0	0	4913	4845
4	77	0	4157	0	0	0	0	0	0	4913	4845
4	78	0	4158	0	0	0	0	0	0	4913	4846
4	79	0	4159	4160	4161	4162	0	0	0	4913	4847
4	80	0	4163	0	0	0	0	0	0	4913	4847
4	81	0	4164	0	0	0	0	0	0	4913	4848
//카오스 캐슬 입장 퀘스트 Progress 추가. 2009.12.15 By Stunlee(이준희)											
5	0	0	5001	5002	5003	5004	0	0	0	5901	5801
5	1	0	5005	0	0	0	0	0	0	5901	5801
5	2	0	5006	0	5007	0	0	0	0	5901	5802
5	3	0	5008	0	5009	0	0	0	0	5901	5802
5	4	0	5010	0	5011	0	0	0	0	5901	5802
5	5	0	5012	0	5013	0	0	0	0	5901	5802
5	6	0	5014	0	5015	0	0	0	0	5901	5802
5	7	0	5016	0	5017	0	0	0	0	5901	5802
5	8	0	5018	0	0	0	0	0	0	5901	5803
5	9	0	5019	5020	5021	5022	0	0	0	5902	5804
5	10	0	5023	0	0	0	0	0	0	5902	5804
5	11	0	5024	0	0	0	0	0	0	5902	5805
5	12	0	5025	5026	5027	5028	0	0	0	5903	5806
5	13	0	5029	0	0	0	0	0	0	5903	5806
5	14	0	5030	0	0	0	0	0	0	5903	5807
5	15	0	5031	5032	5033	5034	0	0	0	5904	5808
5	16	0	5035	0	0	0	0	0	0	5904	5808
5	17	0	5036	0	5037	0	0	0	0	5904	5809
5	18	0	5038	0	5039	0	0	0	0	5904	5809
5	19	0	5040	0	5041	0	0	0	0	5904	5809
5	20	0	5042	0	5043	0	0	0	0	5904	5809
5	21	0	5044	0	5045	0	0	0	0	5904	5809
5	22	0	5046	0	5047	0	0	0	0	5904	5809
5	23	0	5048	0	0	0	0	0	0	5904	5810
5	24	0	5049	5050	5051	5052	0	0	0	5905	5811
5	25	0	5053	0	0	0	0	0	0	5905	5811
5	26	0	5054	0	0	0	0	0	0	5905	5812
5	27	0	5055	5056	5057	5058	0	0	0	5906	5813
5	28	0	5059	0	0	0	0	0	0	5906	5813
5	29	0	5060	0	0	0	0	0	0	5906	5814
5	30	0	5061	0	5062	0	0	0	0	5907	5815
5	31	0	5063	5064	5065	5066	0	0	0	5907	5815
5	32	0	5067	0	0	0	0	0	0	5907	5815
5	33	0	5068	0	0	0	0	0	0	5907	5816
5	34	0	5069	5070	5071	5072	0	0	0	5907	5817
5	35	0	5073	0	0	0	0	0	0	5907	5817
5	36	0	5074	0	0	0	0	0	0	5907	5818
5	37	0	5075	5076	5077	5078	0	0	0	5908	5819
5	38	0	5079	0	0	0	0	0	0	5908	5819
5	39	0	5080	0	0	0	0	0	0	5908	5820
5	40	0	5081	5082	5083	5084	0	0	0	5908	5821
5	41	0	5085	0	0	0	0	0	0	5908	5821
5	42	0	5086	0	0	0	0	0	0	5908	5822
5	43	0	5087	5088	5089	5090	0	0	0	5909	5823
5	44	0	5091	0	0	0	0	0	0	5909	5823
5	45	0	5092	0	0	0	0	0	0	5909	5824
5	46	0	5093	5094	5095	5096	0	0	0	5909	5825
5	47	0	5097	0	0	0	0	0	0	5909	5825
5	48	0	5098	0	0	0	0	0	0	5909	5826
5	49	0	5099	5100	5101	5102	0	0	0	5910	5827
5	50	0	5103	0	0	0	0	0	0	5910	5827
5	51	0	5104	0	0	0	0	0	0	5910	5828
5	52	0	5105	5106	5107	5108	0	0	0	5910	5829
5	53	0	5109	0	0	0	0	0	0	5910	5829
5	54	0	5110	0	0	0	0	0	0	5910	5830
//일본 일주 퀘스트 Progress 추가. 2010.10.08 By Stunlee(이준희)											
6	0	0	6001	0	6002	0	0	0	0	6901	6801
6	1	0	6003	0	6004	0	0	0	0	6901	6801
6	2	0	6005	6006	6007	6008	0	0	0	6901	6801
6	3	0	6009	0	0	0	0	0	0	6901	6801
6	4	0	6010	0	0	0	0	0	0	6901	6802
6	5	0	6011	6012	6013	6014	0	0	0	6901	6803
6	6	0	6015	0	0	0	0	0	0	6901	6803
6	7	0	6016	0	0	0	0	0	0	6901	6804
6	8	0	6017	6018	6019	6020	0	0	0	6902	6805
6	9	0	6021	0	0	0	0	0	0	6902	6805
6	10	0	6022	0	0	0	0	0	0	6902	6806
6	11	0	6023	6024	6025	6026	0	0	0	6902	6807
6	12	0	6027	0	0	0	0	0	0	6902	6807
6	13	0	6028	0	0	0	0	0	0	6902	6808
6	14	0	6029	6030	6031	6032	0	0	0	6903	6809
6	15	0	6033	0	0	0	0	0	0	6903	6809
6	16	0	6034	0	0	0	0	0	0	6903	6810
6	17	0	6035	6036	6037	6038	0	0	0	6903	6811
6	18	0	6039	0	0	0	0	0	0	6903	6811
6	19	0	6040	0	0	0	0	0	0	6903	6812
6	20	0	6041	6042	6043	6044	0	0	0	6904	6813
6	21	0	6045	0	0	0	0	0	0	6904	6813
6	22	0	6046	0	0	0	0	0	0	6904	6814
6	23	0	6047	6048	6049	6050	0	0	0	6904	6815
6	24	0	6051	0	0	0	0	0	0	6904	6815
6	25	0	6052	0	0	0	0	0	0	6904	6816
6	26	0	6053	6054	6055	6056	0	0	0	6905	6817
6	27	0	6057	0	0	0	0	0	0	6905	6817
6	28	0	6058	0	0	0	0	0	0	6905	6818
6	29	0	6059	6060	6061	6062	0	0	0	6905	6819
6	30	0	6063	0	0	0	0	0	0	6905	6819
6	31	0	6064	0	0	0	0	0	0	6905	6820
6	32	0	6065	6066	6067	6068	0	0	0	6906	6821
6	33	0	6069	0	0	0	0	0	0	6906	6821
6	34	0	6070	0	0	0	0	0	0	6906	6822
6	35	0	6071	6072	6073	6074	0	0	0	6906	6823
6	36	0	6075	0	0	0	0	0	0	6906	6823
6	37	0	6076	0	0	0	0	0	0	6906	6824
//반복 퀘스트 스크립트 추가. 2009.09.04 248-260 이준희											
15	0	0	15001	15002	15003	15004	0	0	0	15901	0
15	1	0	15005	15006	15007	15008	0	0	0	15901	15801
15	2	0	15009	0	0	0	0	0	0	15901	0
15	3	0	15010	0	0	0	0	0	0	15901	15802
15	4	0	15000	0	0	0	0	0	0	15901	15803
15	5	0	15011	15012	15013	15014	0	0	0	15902	15804
15	6	0	15016	0	0	0	0	0	0	15902	15805
15	7	0	15017	0	0	0	0	0	0	15902	15806
15	8	0	15018	0	0	0	0	0	0	15902	15805
15	9	0	15019	0	0	0	0	0	0	15902	15806
15	10	0	15015	0	0	0	0	0	0	15902	0
15	11	0	15021	15022	15023	15024	0	0	0	15903	15807
15	12	0	15026	0	0	0	0	0	0	15903	15808
15	13	0	15027	0	0	0	0	0	0	15903	15809
15	14	0	15028	0	0	0	0	0	0	15903	15808
15	15	0	15029	0	0	0	0	0	0	15903	15809
15	16	0	15025	0	0	0	0	0	0	15903	0
15	17	0	15031	15032	15033	15034	0	0	0	15904	15810
15	18	0	15036	0	0	0	0	0	0	15904	15811
15	19	0	15037	0	0	0	0	0	0	15904	15812
15	20	0	15038	0	0	0	0	0	0	15904	15811
15	21	0	15039	0	0	0	0	0	0	15904	15812
15	22	0	15035	0	0	0	0	0	0	15904	0
15	23	0	15041	15042	15043	15044	0	0	0	15905	15813
15	24	0	15046	0	0	0	0	0	0	15905	15814
15	25	0	15047	0	0	0	0	0	0	15905	15815
15	26	0	15048	0	0	0	0	0	0	15905	15814
15	27	0	15049	0	0	0	0	0	0	15905	15815
15	28	0	15045	0	0	0	0	0	0	15905	0
15	29	0	15051	15052	15053	15054	0	0	0	15906	15816
15	30	0	15056	0	0	0	0	0	0	15906	15817
15	31	0	15057	0	0	0	0	0	0	15906	15818
15	32	0	15058	0	0	0	0	0	0	15906	15817
15	33	0	15059	0	0	0	0	0	0	15906	15818
15	34	0	15055	0	0	0	0	0	0	15906	0
15	35	0	15061	15062	15063	15064	0	0	0	15907	15819
15	36	0	15066	0	0	0	0	0	0	15907	15820
15	37	0	15067	0	0	0	0	0	0	15907	15821
15	38	0	15068	0	0	0	0	0	0	15907	15820
15	39	0	15069	0	0	0	0	0	0	15907	15821
15	40	0	15065	0	0	0	0	0	0	15907	0
15	41	0	15071	15072	15073	15074	0	0	0	15908	15822
15	42	0	15076	0	0	0	0	0	0	15908	15823
15	43	0	15077	0	0	0	0	0	0	15908	15824
15	44	0	15078	0	0	0	0	0	0	15908	15823
15	45	0	15079	0	0	0	0	0	0	15908	15824
15	46	0	15075	0	0	0	0	0	0	15908	0
15	47	0	15081	15082	15083	15084	0	0	0	15909	15825
15	48	0	15086	0	0	0	0	0	0	15909	15826
15	49	0	15087	0	0	0	0	0	0	15909	15827
15	50	0	15088	0	0	0	0	0	0	15909	15826
15	51	0	15089	0	0	0	0	0	0	15909	15827
15	52	0	15085	0	0	0	0	0	0	15909	0
15	53	0	15091	15092	15093	15094	0	0	0	15910	15828
15	54	0	15096	0	0	0	0	0	0	15910	15829
15	55	0	15097	0	0	0	0	0	0	15910	15830
15	56	0	15098	0	0	0	0	0	0	15910	15829
15	57	0	15099	0	0	0	0	0	0	15910	15830
15	58	0	15095	0	0	0	0	0	0	15910	0
15	59	0	15101	15102	15103	15104	0	0	0	15911	15831
15	60	0	15106	0	0	0	0	0	0	15911	15832
15	61	0	15107	0	0	0	0	0	0	15911	15833
15	62	0	15108	0	0	0	0	0	0	15911	15832
15	63	0	15109	0	0	0	0	0	0	15911	15833
15	64	0	15105	0	0	0	0	0	0	15911	0
15	65	0	15111	15112	15113	15114	0	0	0	15912	15834
15	66	0	15116	0	0	0	0	0	0	15912	15835
15	67	0	15117	0	0	0	0	0	0	15912	15836
15	68	0	15118	0	0	0	0	0	0	15912	15835
15	69	0	15119	0	0	0	0	0	0	15912	15836
15	70	0	15115	0	0	0	0	0	0	15912	0
15	71	0	15121	15122	15123	15124	0	0	0	15913	15837
15	72	0	15126	0	0	0	0	0	0	15913	15838
15	73	0	15127	0	0	0	0	0	0	15913	15839
15	74	0	15128	0	0	0	0	0	0	15913	15838
15	75	0	15129	0	0	0	0	0	0	15913	15839
15	76	0	15125	0	0	0	0	0	0	15913	0
15	77	0	15131	15132	15133	15134	0	0	0	15914	15840
15	78	0	15136	0	0	0	0	0	0	15914	15841
15	79	0	15137	0	0	0	0	0	0	15914	15842
15	80	0	15138	0	0	0	0	0	0	15914	15841
15	81	0	15139	0	0	0	0	0	0	15914	15842
15	82	0	15135	0	0	0	0	0	0	15914	0
15	83	0	15141	15142	15143	15144	0	0	0	15915	15843
15	84	0	15146	0	0	0	0	0	0	15915	15844
15	85	0	15147	0	0	0	0	0	0	15915	15845
15	86	0	15148	0	0	0	0	0	0	15915	15844
15	87	0	15149	0	0	0	0	0	0	15915	15845
15	88	0	15145	0	0	0	0	0	0	15915	0
15	89	0	15151	15152	15153	15154	0	0	0	15916	15846
15	90	0	15156	0	0	0	0	0	0	15916	15847
15	91	0	15157	0	0	0	0	0	0	15916	15848
15	92	0	15158	0	0	0	0	0	0	15916	15847
15	93	0	15159	0	0	0	0	0	0	15916	15848
15	94	0	15155	0	0	0	0	0	0	15916	0
15	95	0	15161	15162	15163	15164	0	0	0	15917	15849
15	96	0	15166	0	0	0	0	0	0	15917	15850
15	97	0	15167	0	0	0	0	0	0	15917	15851
15	98	0	15168	0	0	0	0	0	0	15917	15850
15	99	0	15169	0	0	0	0	0	0	15917	15851
15	100	0	15165	0	0	0	0	0	0	15917	0
//반복 퀘스트 스크립트 추가. 2009.09.16 XXX 이준희											
16	0	0	16001	16002	16003	16004	0	0	0	16901	16801
16	1	0	16006	0	0	0	0	0	0	16901	0
16	2	0	16005	0	0	0	0	0	0	16901	16802
16	3	0	16011	16012	16013	16014	0	0	0	16902	16803
16	4	0	16016	0	0	0	0	0	0	16902	0
16	5	0	16015	0	0	0	0	0	0	16902	16804
16	6	0	16021	16022	16023	16024	0	0	0	16903	16805
16	7	0	16026	0	0	0	0	0	0	16903	0
16	8	0	16025	0	0	0	0	0	0	16903	16806
16	9	0	16031	16032	16033	16034	0	0	0	16904	16807
16	10	0	16036	0	0	0	0	0	0	16904	0
16	11	0	16035	0	0	0	0	0	0	16904	16808
16	12	0	16041	16042	16043	16044	0	0	0	16905	16809
16	13	0	16046	0	0	0	0	0	0	16905	0
16	14	0	16045	0	0	0	0	0	0	16905	16810
//반복 퀘스트 스크립트 추가. 2009.09.16 XXX 이준희											0
17	0	0	17001	17002	17003	17004	0	0	0	17901	17801
17	1	0	17006	0	0	0	0	0	0	17901	0
17	2	0	17005	0	0	0	0	0	0	17901	17802
17	3	0	17011	17012	17013	17014	0	0	0	17902	17803
17	4	0	17016	0	0	0	0	0	0	17902	0
17	5	0	17015	0	0	0	0	0	0	17902	17804
17	6	0	17021	17022	17023	17024	0	0	0	17903	17805
17	7	0	17026	0	0	0	0	0	0	17903	0
17	8	0	17025	0	0	0	0	0	0	17903	17806
17	9	0	17031	17032	17033	17034	0	0	0	17904	17807
17	10	0	17036	0	0	0	0	0	0	17904	0
17	11	0	17035	0	0	0	0	0	0	17904	17808
17	12	0	17041	17042	17043	17044	0	0	0	17905	17809
17	13	0	17046	0	0	0	0	0	0	17905	0
17	14	0	17045	0	0	0	0	0	0	17905	17810
//반복 퀘스트 스크립트 추가. 2009.09.28 XXX 이준희											
18	0	0	18001	18002	18003	18004	0	0	0	18901	18801
18	1	0	18006	0	0	0	0	0	0	18901	18802
18	2	0	18005	0	0	0	0	0	0	18901	0
18	3	0	18011	18012	18013	18014	0	0	0	18902	18803
18	4	0	18016	0	0	0	0	0	0	18902	18804
18	5	0	18017	0	0	0	0	0	0	18902	18805
18	6	0	18018	0	0	0	0	0	0	18902	18806
18	7	0	18019	0	0	0	0	0	0	18902	18807
18	8	0	18015	0	0	0	0	0	0	18902	0
18	9	0	18021	18022	18023	18024	0	0	0	18903	18808
18	10	0	18026	0	0	0	0	0	0	18903	18809
18	11	0	18027	0	0	0	0	0	0	18903	18810
18	12	0	18028	0	0	0	0	0	0	18903	18811
18	13	0	18029	0	0	0	0	0	0	18903	18812
18	14	0	18025	0	0	0	0	0	0	18903	0
18	15	0	18031	18032	18033	18034	0	0	0	18904	18813
18	16	0	18036	0	0	0	0	0	0	18904	18814
18	17	0	18037	0	0	0	0	0	0	18904	18815
18	18	0	18035	0	0	0	0	0	0	18904	0
18	19	0	18041	18042	18043	18044	0	0	0	18905	18816
18	20	0	18046	0	0	0	0	0	0	18905	18817
18	21	0	18047	0	0	0	0	0	0	18905	18818
18	22	0	18045	0	0	0	0	0	0	18905	0
18	23	0	18051	18052	18053	18054	0	0	0	18906	18819
18	24	0	18056	0	0	0	0	0	0	18906	18820
18	25	0	18057	0	0	0	0	0	0	18906	18821
18	26	0	18055	0	0	0	0	0	0	18906	0
18	27	0	18061	18062	18063	18064	0	0	0	18907	18822
18	28	0	18066	0	0	0	0	0	0	18907	18823
18	29	0	18067	0	0	0	0	0	0	18907	18824
18	30	0	18065	0	0	0	0	0	0	18907	0
18	31	0	18071	18072	18073	18074	0	0	0	18908	18825
18	32	0	18076	0	0	0	0	0	0	18908	18826
18	33	0	18077	0	0	0	0	0	0	18908	18827
18	34	0	18075	0	0	0	0	0	0	18908	0
18	35	0	18081	18082	18083	18084	0	0	0	18909	18828
18	36	0	18086	0	0	0	0	0	0	18909	18829
18	37	0	18087	0	0	0	0	0	0	18909	18830
18	38	0	18085	0	0	0	0	0	0	18909	0
18	39	0	18091	18092	18093	18094	0	0	0	18910	18831
18	40	0	18096	0	0	0	0	0	0	18910	18832
18	41	0	18097	0	0	0	0	0	0	18910	18833
18	42	0	18095	0	0	0	0	0	0	18910	0
18	43	0	18101	18102	18103	18104	0	0	0	18911	18834
18	44	0	18106	0	0	0	0	0	0	18911	18835
18	45	0	18107	0	0	0	0	0	0	18911	18836
18	46	0	18105	0	0	0	0	0	0	18911	0
18	47	0	18111	18112	18113	18114	0	0	0	18912	18837
18	48	0	18116	0	0	0	0	0	0	18912	18838
18	49	0	18117	0	0	0	0	0	0	18912	18839
18	50	0	18115	0	0	0	0	0	0	18912	0
18	51	0	18121	18122	18123	18124	0	0	0	18913	18840
18	52	0	18126	0	0	0	0	0	0	18913	18841
18	53	0	18127	0	0	0	0	0	0	18913	18842
18	54	0	18125	0	0	0	0	0	0	18913	0
18	55	0	18131	18132	18133	18134	0	0	0	18914	18843
18	56	0	18136	0	0	0	0	0	0	18914	18844
18	57	0	18137	0	0	0	0	0	0	18914	18845
18	58	0	18135	0	0	0	0	0	0	18914	0
18	59	0	18141	18142	18143	18144	0	0	0	18915	18846
18	60	0	18146	0	0	0	0	0	0	18915	18847
18	61	0	18147	0	0	0	0	0	0	18915	18848
18	62	0	18145	0	0	0	0	0	0	18915	0
18	63	0	18151	18152	18153	18154	0	0	0	18916	18849
18	64	0	18156	0	0	0	0	0	0	18916	18850
18	65	0	18157	0	0	0	0	0	0	18916	18851
18	66	0	18155	0	0	0	0	0	0	18916	0
18	67	0	18161	18162	18163	18164	0	0	0	18917	18852
18	68	0	18166	0	0	0	0	0	0	18917	18853
18	69	0	18167	0	0	0	0	0	0	18917	18854
18	70	0	18165	0	0	0	0	0	0	18917	0
18	71	0	18171	18172	18173	18174	0	0	0	18918	18855
18	72	0	18176	0	0	0	0	0	0	18918	18856
18	73	0	18177	0	0	0	0	0	0	18918	18857
18	74	0	18175	0	0	0	0	0	0	18918	0
18	75	0	18181	18182	18183	18184	0	0	0	18919	18858
18	76	0	18186	0	0	0	0	0	0	18919	18859
18	77	0	18187	0	0	0	0	0	0	18919	18860
18	78	0	18185	0	0	0	0	0	0	18919	0
18	79	0	18191	18192	18193	18194	0	0	0	18920	18861
18	80	0	18196	0	0	0	0	0	0	18920	18862
18	81	0	18197	0	0	0	0	0	0	18920	18863
18	82	0	18195	0	0	0	0	0	0	18920	0
18	83	0	18201	18202	18203	18204	0	0	0	18921	18864
18	84	0	18206	0	0	0	0	0	0	18921	18865
18	85	0	18207	0	0	0	0	0	0	18921	18866
18	86	0	18205	0	0	0	0	0	0	18921	0
18	87	0	18211	18212	18213	18214	0	0	0	18922	18867
18	88	0	18216	0	0	0	0	0	0	18922	18868
18	89	0	18217	0	0	0	0	0	0	18922	18869
18	90	0	18215	0	0	0	0	0	0	18922	0
18	91	0	18221	18222	18223	18224	0	0	0	18922	18870
18	92	0	18226	0	0	0	0	0	0	18922	18871
18	93	0	18227	0	0	0	0	0	0	18922	18872
18	94	0	18225	0	0	0	0	0	0	18922	0
18	95	0	18231	18232	18233	18234	0	0	0	18923	18873
18	96	0	18236	0	0	0	0	0	0	18923	18874
18	97	0	18235	0	0	0	0	0	0	18923	0
18	98	0	18241	18242	18243	18244	0	0	0	18923	18875
18	99	0	18246	0	0	0	0	0	0	18923	18876
18	100	0	18245	0	0	0	0	0	0	18923	0
18	101	0	18251	18252	18253	18254	0	0	0	18924	18877
18	102	0	18256	0	0	0	0	0	0	18924	18878
18	103	0	18255	0	0	0	0	0	0	18924	0
18	104	0	18261	18262	18263	18264	0	0	0	18924	18879
18	105	0	18266	0	0	0	0	0	0	18924	18880
18	106	0	18265	0	0	0	0	0	0	18924	0
18	107	0	18271	18272	18273	18274	0	0	0	18925	18881
18	108	0	18276	0	0	0	0	0	0	18925	18882
18	109	0	18275	0	0	0	0	0	0	18925	0
18	110	0	18281	18282	18283	18284	0	0	0	18925	18883
18	111	0	18286	0	0	0	0	0	0	18925	18884
18	112	0	18285	0	0	0	0	0	0	18925	0
18	113	0	18291	18292	18293	18294	0	0	0	18926	18885
18	114	0	18296	0	0	0	0	0	0	18926	18886
18	115	0	18295	0	0	0	0	0	0	18926	0
18	116	0	18301	18302	18303	18304	0	0	0	18926	18887
18	117	0	18306	0	0	0	0	0	0	18926	18888
18	118	0	18305	0	0	0	0	0	0	18926	0
18	119	0	18311	18312	18313	18314	0	0	0	18927	18889
18	120	0	18316	0	0	0	0	0	0	18927	18890
18	121	0	18315	0	0	0	0	0	0	18927	0
18	122	0	18321	18322	18323	18324	0	0	0	18927	18891
18	123	0	18326	0	0	0	0	0	0	18927	18892
18	124	0	18325	0	0	0	0	0	0	18927	0
18	125	0	18331	18332	18333	18334	0	0	0	18928	18893
18	126	0	18336	0	0	0	0	0	0	18928	18894
18	127	0	18335	0	0	0	0	0	0	18928	0
18	128	0	18341	18342	18343	18344	0	0	0	18928	18895
18	129	0	18346	0	0	0	0	0	0	18928	18896
18	130	0	18345	0	0	0	0	0	0	18928	0
//반복 퀘스트 스크립트 추가. 2010.02.18 XXX 이준희											
19	0	0	19001	19002	19003	19004	0	0	0	19901	19801
19	1	0	19005	0	0	0	0	0	0	19901	0
19	2	0	19006	0	0	0	0	0	0	19901	19802
19	3	0	19007	19008	19009	19010	0	0	0	19902	19803
19	4	0	19011	0	0	0	0	0	0	19902	19803
19	5	0	19012	0	0	0	0	0	0	19902	19804
19	6	0	19012	0	0	0	0	0	0	19902	19804
19	7	0	19012	0	0	0	0	0	0	19902	19804
19	8	0	19012	0	0	0	0	0	0	19902	19804
19	9	0	19012	0	0	0	0	0	0	19902	19804
19	10	0	19012	0	0	0	0	0	0	19902	19804
19	11	0	19012	0	0	0	0	0	0	19902	19804
19	12	0	19012	0	0	0	0	0	0	19902	19804
19	13	0	19013	0	0	0	0	0	0	19902	19805
19	14	0	19013	0	0	0	0	0	0	19902	19805
19	15	0	19013	0	0	0	0	0	0	19902	19805
19	16	0	19013	0	0	0	0	0	0	19902	19805
19	17	0	19013	0	0	0	0	0	0	19902	19805
19	18	0	19013	0	0	0	0	0	0	19902	19805
19	19	0	19013	0	0	0	0	0	0	19902	19805
19	20	0	19013	0	0	0	0	0	0	19902	19805
19	21	0	19014	0	0	0	0	0	0	19902	19806
19	22	0	19014	0	0	0	0	0	0	19902	19806
19	23	0	19014	0	0	0	0	0	0	19902	19806
19	24	0	19014	0	0	0	0	0	0	19902	19806
19	25	0	19014	0	0	0	0	0	0	19902	19806
19	26	0	19014	0	0	0	0	0	0	19902	19806
19	27	0	19014	0	0	0	0	0	0	19902	19806
19	28	0	19014	0	0	0	0	0	0	19902	19806
19	29	0	19015	0	0	0	0	0	0	19902	19807
19	30	0	19015	0	0	0	0	0	0	19902	19807
19	31	0	19015	0	0	0	0	0	0	19902	19807
19	32	0	19015	0	0	0	0	0	0	19902	19807
19	33	0	19015	0	0	0	0	0	0	19902	19807
19	34	0	19015	0	0	0	0	0	0	19902	19807
19	35	0	19015	0	0	0	0	0	0	19902	19807
19	36	0	19015	0	0	0	0	0	0	19902	19807
19	37	0	19016	0	0	0	0	0	0	19902	19808
19	38	0	19016	0	0	0	0	0	0	19902	19808
19	39	0	19016	0	0	0	0	0	0	19902	19808
19	40	0	19016	0	0	0	0	0	0	19902	19808
19	41	0	19016	0	0	0	0	0	0	19902	19808
19	42	0	19016	0	0	0	0	0	0	19902	19808
19	43	0	19016	0	0	0	0	0	0	19902	19808
19	44	0	19016	0	0	0	0	0	0	19902	19808
19	45	0	19017	19018	19019	19020	0	0	0	19903	19809
19	46	0	19021	0	0	0	0	0	0	19903	0
19	47	0	19022	0	0	0	0	0	0	19903	19810
19	48	0	19023	19024	19025	19026	0	0	0	19904	19811
19	49	0	19027	0	0	0	0	0	0	19904	19811
19	50	0	19028	0	0	0	0	0	0	19904	19812
19	51	0	19028	0	0	0	0	0	0	19904	19812
19	52	0	19028	0	0	0	0	0	0	19904	19812
19	53	0	19028	0	0	0	0	0	0	19904	19812
19	54	0	19028	0	0	0	0	0	0	19904	19812
19	55	0	19028	0	0	0	0	0	0	19904	19812
19	56	0	19028	0	0	0	0	0	0	19904	19812
19	57	0	19028	0	0	0	0	0	0	19904	19812
19	58	0	19029	0	0	0	0	0	0	19904	19813
19	59	0	19029	0	0	0	0	0	0	19904	19813
19	60	0	19029	0	0	0	0	0	0	19904	19813
19	61	0	19029	0	0	0	0	0	0	19904	19813
19	62	0	19029	0	0	0	0	0	0	19904	19813
19	63	0	19029	0	0	0	0	0	0	19904	19813
19	64	0	19029	0	0	0	0	0	0	19904	19813
19	65	0	19029	0	0	0	0	0	0	19904	19813
19	66	0	19030	0	0	0	0	0	0	19904	19814
19	67	0	19030	0	0	0	0	0	0	19904	19814
19	68	0	19030	0	0	0	0	0	0	19904	19814
19	69	0	19030	0	0	0	0	0	0	19904	19814
19	70	0	19030	0	0	0	0	0	0	19904	19814
19	71	0	19030	0	0	0	0	0	0	19904	19814
19	72	0	19030	0	0	0	0	0	0	19904	19814
19	73	0	19030	0	0	0	0	0	0	19904	19814
19	74	0	19031	0	0	0	0	0	0	19904	19815
19	75	0	19031	0	0	0	0	0	0	19904	19815
19	76	0	19031	0	0	0	0	0	0	19904	19815
19	77	0	19031	0	0	0	0	0	0	19904	19815
19	78	0	19031	0	0	0	0	0	0	19904	19815
19	79	0	19031	0	0	0	0	0	0	19904	19815
19	80	0	19031	0	0	0	0	0	0	19904	19815
19	81	0	19031	0	0	0	0	0	0	19904	19815
19	82	0	19032	0	0	0	0	0	0	19904	19816
19	83	0	19032	0	0	0	0	0	0	19904	19816
19	84	0	19032	0	0	0	0	0	0	19904	19816
19	85	0	19032	0	0	0	0	0	0	19904	19816
19	86	0	19032	0	0	0	0	0	0	19904	19816
19	87	0	19032	0	0	0	0	0	0	19904	19816
19	88	0	19032	0	0	0	0	0	0	19904	19816
19	89	0	19032	0	0	0	0	0	0	19904	19816
19	90	0	19033	19034	19035	19036	0	0	0	19905	19817
19	91	0	19037	0	0	0	0	0	0	19905	0
19	92	0	19038	0	0	0	0	0	0	19905	19818
19	93	0	19039	19040	19041	19042	0	0	0	19906	19819
19	94	0	19043	0	0	0	0	0	0	19906	19819
19	95	0	19044	0	0	0	0	0	0	19906	19820
19	96	0	19044	0	0	0	0	0	0	19906	19820
19	97	0	19044	0	0	0	0	0	0	19906	19820
19	98	0	19044	0	0	0	0	0	0	19906	19820
19	99	0	19044	0	0	0	0	0	0	19906	19820
19	100	0	19044	0	0	0	0	0	0	19906	19820
19	101	0	19044	0	0	0	0	0	0	19906	19820
19	102	0	19044	0	0	0	0	0	0	19906	19820
19	103	0	19045	0	0	0	0	0	0	19906	19821
19	104	0	19045	0	0	0	0	0	0	19906	19821
19	105	0	19045	0	0	0	0	0	0	19906	19821
19	106	0	19045	0	0	0	0	0	0	19906	19821
19	107	0	19045	0	0	0	0	0	0	19906	19821
19	108	0	19045	0	0	0	0	0	0	19906	19821
19	109	0	19045	0	0	0	0	0	0	19906	19821
19	110	0	19045	0	0	0	0	0	0	19906	19821
19	111	0	19046	0	0	0	0	0	0	19906	19822
19	112	0	19046	0	0	0	0	0	0	19906	19822
19	113	0	19046	0	0	0	0	0	0	19906	19822
19	114	0	19046	0	0	0	0	0	0	19906	19822
19	115	0	19046	0	0	0	0	0	0	19906	19822
19	116	0	19046	0	0	0	0	0	0	19906	19822
19	117	0	19046	0	0	0	0	0	0	19906	19822
19	118	0	19046	0	0	0	0	0	0	19906	19822
19	119	0	19047	0	0	0	0	0	0	19906	19823
19	120	0	19047	0	0	0	0	0	0	19906	19823
19	121	0	19047	0	0	0	0	0	0	19906	19823
19	122	0	19047	0	0	0	0	0	0	19906	19823
19	123	0	19047	0	0	0	0	0	0	19906	19823
19	124	0	19047	0	0	0	0	0	0	19906	19823
19	125	0	19047	0	0	0	0	0	0	19906	19823
19	126	0	19047	0	0	0	0	0	0	19906	19823
19	127	0	19048	0	0	0	0	0	0	19906	19824
19	128	0	19048	0	0	0	0	0	0	19906	19824
19	129	0	19048	0	0	0	0	0	0	19906	19824
19	130	0	19048	0	0	0	0	0	0	19906	19824
19	131	0	19048	0	0	0	0	0	0	19906	19824
19	132	0	19048	0	0	0	0	0	0	19906	19824
19	133	0	19048	0	0	0	0	0	0	19906	19824
19	134	0	19048	0	0	0	0	0	0	19906	19824
//반복 퀘스트 스크립트 추가. 2010.06.22 XXX 이준희											
20	0	0	20001	0	20002	0	0	0	0	20901	20801
20	1	0	20003	0	20004	0	0	0	0	20901	20801
20	2	0	20005	20006	20007	20008	0	0	0	20901	20801
20	3	0	20009	0	0	0	0	0	0	20901	20801
20	4	0	20010	0	0	0	0	0	0	20901	20802
20	5	0	20011	20012	20013	20014	0	0	0	20902	20803
20	6	0	20015	0	0	0	0	0	0	20902	20803
20	7	0	20016	0	0	0	0	0	0	20902	20803
20	8	1	20017	20018	20019	0	0	0	0	20925	20840
20	9	0	20020	0	0	0	0	0	0	20903	20804
20	10	0	20021	20022	20023	20024	0	0	0	20904	20805
20	11	0	20025	0	0	0	0	0	0	20904	20805
20	12	0	20026	0	0	0	0	0	0	20904	20806
20	13	0	20027	20028	20029	20030	0	0	0	20905	20807
20	14	0	20031	0	0	0	0	0	0	20905	20807
20	15	0	20032	0	0	0	0	0	0	20905	20808
20	16	0	20033	0	0	0	0	0	0	20906	20809
20	17	0	20034	20035	20036	20037	0	0	0	20907	20810
20	18	0	20038	0	0	0	0	0	0	20907	20810
20	19	0	20039	0	0	0	0	0	0	20907	20811
20	20	0	20040	20041	20042	20043	0	0	0	20908	20812
20	21	0	20044	0	0	0	0	0	0	20908	20812
20	22	0	20045	0	0	0	0	0	0	20908	20813
20	23	0	20046	0	0	0	0	0	0	20909	20814
20	24	0	20047	20048	20049	20050	0	0	0	20910	20815
20	25	0	20051	0	0	0	0	0	0	20910	20815
20	26	0	20052	0	0	0	0	0	0	20910	20816
20	27	0	20053	20054	20055	20056	0	0	0	20911	20817
20	28	0	20057	0	0	0	0	0	0	20911	20817
20	29	0	20058	0	0	0	0	0	0	20911	20818
20	30	0	20059	0	0	0	0	0	0	20912	20819
20	31	0	20060	20061	20062	20063	0	0	0	20913	20820
20	32	0	20064	0	0	0	0	0	0	20913	20820
20	33	0	20065	0	0	0	0	0	0	20913	20821
20	34	0	20066	20067	20068	20069	0	0	0	20914	20822
20	35	0	20070	0	0	0	0	0	0	20914	20822
20	36	0	20071	0	0	0	0	0	0	20914	20823
20	37	0	20072	0	0	0	0	0	0	20915	20824
20	38	0	20073	20074	20075	20076	0	0	0	20916	20825
20	39	0	20077	0	0	0	0	0	0	20916	20825
20	40	0	20078	0	0	0	0	0	0	20916	20826
20	41	0	20079	20080	20081	20082	0	0	0	20917	20827
20	42	0	20083	0	0	0	0	0	0	20917	20827
20	43	0	20084	0	0	0	0	0	0	20917	20828
20	44	0	20085	0	0	0	0	0	0	20918	20829
20	45	0	20086	20087	20088	20089	0	0	0	20919	20830
20	46	0	20090	0	0	0	0	0	0	20919	20830
20	47	0	20091	0	0	0	0	0	0	20919	20831
20	48	0	20092	20093	20094	20095	0	0	0	20920	20832
20	49	0	20096	0	0	0	0	0	0	20920	20832
20	50	0	20097	0	0	0	0	0	0	20920	20833
20	51	0	20098	0	0	0	0	0	0	20921	20834
20	52	0	20099	20100	20101	20102	0	0	0	20922	20835
20	53	0	20103	0	0	0	0	0	0	20922	20835
20	54	0	20104	0	20105	0	0	0	0	20922	20835
20	55	0	20106	0	0	0	0	0	0	20922	20836
20	56	0	20107	20108	20109	20110	0	0	0	20923	20837
20	57	0	20111	0	0	0	0	0	0	20923	20837
20	58	0	20112	0	0	0	0	0	0	20923	20838
20	59	0	20113	20114	20115	0	0	0	0	20924	20839
20	60	0	20116	0	0	0	0	0	0	20924	20839
//20	61	0	20117	0	0	0	0	0	0	20924	20839
//20	62	0	20118	0	0	0	0	0	0	20926	20841
//20	63	0	20119	20120	20121	0	0	0	0	20926	20841
//20	64	0	20122	0	0	0	0	0	0	20926	20841
