//세트 아이템 드랍 시 아이템의 인덱스와 타입만 기입하면 해당 세트 아이템이 드랍										
//아이템 타입	아이템 인덱스	최소레벨	최대레벨	행운	추가옵션	세트 종류	시련의땅 확률	아케론 확률		
//하급 세트										
11	5	0	0	2	0	1	63	53	//가죽부츠	무도가의
10	5	0	0	2	0	1	63	53	//가죽장갑	무도가의
7	5	0	0	2	0	1	63	53	//가죽헬멧	무도가의
9	5	0	0	2	0	1	63	53	//가죽바지	무도가의
8	5	0	0	2	0	1	63	53	//가죽갑옷	무도가의
2	1	0	0	2	0	1	63	53	//모닝스타	무도가의
13	8	0	0	2	0	1	63	53	//얼음의반지	무도가의
11	5	0	0	2	0	2	63	53	//가죽부츠	무명의
7	5	0	0	2	0	2	63	53	//가죽헬멧	무명의
9	5	0	0	2	0	2	63	53	//가죽바지	무명의
6	0	0	0	2	0	2	63	53	//원형방패	무명의
11	0	0	0	2	0	1	63	53	//청동부츠	하이페리온의
9	0	0	0	2	0	1	63	53	//청동바지	하이페리온의
8	0	0	0	2	0	1	63	53	//청동갑옷	하이페리온의
9	0	0	0	2	0	2	63	53	//청동바지	미스트의
7	0	0	0	2	0	1	63	53	//청동투구	미스트의
10	0	0	0	2	0	1	63	53	//청동장갑	미스트의
6	9	0	0	2	0	1	63	53	//철판방패	이플리트의
9	6	0	0	2	0	1	63	53	//비늘바지	이플리트의
7	6	0	0	2	0	1	63	53	//비늘헬멧	이플리트의
8	6	0	0	2	0	1	63	53	//비늘갑옷	이플리트의
13	12	0	0	2	0	1	63	53	//번개의목걸이	이플리트의
9	6	0	0	2	0	2	63	53	//비늘바지	버서커의
7	6	0	0	2	0	2	63	53	//비늘헬멧	버서커의
8	6	0	0	2	0	2	63	53	//비늘갑옷	버서커의
10	6	0	0	2	0	1	63	53	//비늘장갑	버서커의
11	6	0	0	2	0	1	63	53	//비늘부츠	버서커의
11	8	0	0	2	0	1	63	53	//황동부츠	가루다의
10	8	0	0	2	0	1	63	53	//황동장갑	가루다의
9	8	0	0	2	0	1	63	53	//황동바지	가루다의
8	8	0	0	2	0	1	63	53	//황동갑옷	가루다의
13	13	0	0	2	0	1	63	53	//불의목걸이	가루다의
9	8	0	0	2	0	2	63	53	//황동바지	클라우드의
7	8	0	0	2	0	1	63	53	//황동헬멧	클라우드의
11	9	0	0	2	0	1	63	53	//철판부츠	칸타타의
10	9	0	0	2	0	1	63	53	//철판장갑	칸타타의
13	23	0	0	2	0	1	63	53	//바람의반지	칸타타의
13	9	0	0	2	0	1	63	53	//독의반지	칸타타의
10	2	0	0	2	0	1	63	53	//패드장갑	아폴로의
9	2	0	0	2	0	1	63	53	//패드바지	아폴로의
8	2	0	0	2	0	1	63	53	//패드갑옷	아폴로의
7	2	0	0	2	0	1	63	53	//패드투구	아폴로의
5	0	0	0	2	0	1	63	53	//해골지팡이	아폴로의
13	25	0	0	2	0	1	63	53	//얼음의목걸이	아폴로의
13	24	0	0	2	0	1	63	53	//마법의반지	아폴로의
9	2	0	0	2	0	2	63	53	//패드바지	바네크의
7	2	0	0	2	0	2	63	53	//패드투구	바네크의
11	2	0	0	2	0	1	63	53	//패드부츠	바네크의
11	4	0	0	2	0	1	63	53	//뼈부츠	에비스의
9	4	0	0	2	0	1	63	53	//뼈바지	에비스의
8	4	0	0	2	0	1	63	53	//뼈갑옷	에비스의
13	26	0	0	2	0	1	63	53	//바람의목걸이	에비스의
11	4	0	0	2	0	2	63	53	//뼈부츠	실리온의
8	4	0	0	2	0	2	63	53	//뼈갑옷	실리온의
7	4	0	0	2	0	1	63	53	//뼈헬멧	실리온의
10	4	0	0	2	0	1	63	53	//뼈장갑	실리온의
11	7	0	0	2	0	1	63	53	//스핑크스부츠	헤라스의
10	7	0	0	2	0	1	63	53	//스핑크스장갑	헤라스의
9	7	0	0	2	0	1	63	53	//스핑크스바지	헤라스의
8	7	0	0	2	0	1	63	53	//스핑크스갑옷	헤라스의
7	7	0	0	2	0	1	63	53	//스핑크스마스크	헤라스의
6	6	0	0	2	0	1	63	53	//해골방패	헤라스의
11	7	0	0	2	0	2	63	53	//스핑크스부츠	미네의
9	7	0	0	2	0	2	63	53	//스핑크스바지	미네의
8	7	0	0	2	0	2	63	53	//스핑크스갑옷	미네의
11	10	0	0	2	0	1	63	53	//넝쿨부츠	세토의
10	10	0	0	2	0	1	63	53	//넝쿨장갑	세토의
9	10	0	0	2	0	1	63	53	//넝쿨바지	세토의
7	10	0	0	2	0	1	63	53	//넝쿨헬멧	세토의
0	2	0	0	2	0	1	63	53	//레이피어	세토의
13	22	0	0	2	0	1	63	53	//땅의반지	세토의
11	10	0	0	2	0	2	63	53	//넝쿨부츠	드라크의
9	10	0	0	2	0	2	63	53	//넝쿨바지	드라크의
7	10	0	0	2	0	2	63	53	//넝쿨헬멧	드라크의
8	10	0	0	2	0	1	63	53	//넝쿨갑옷	드라크의
10	11	0	0	2	0	1	63	53	//실크장갑	가이아의
9	11	0	0	2	0	1	63	53	//실크바지	가이아의
8	11	0	0	2	0	1	63	53	//실크갑옷	가이아의
7	11	0	0	2	0	1	63	53	//실크헬멧	가이아의
4	9	0	0	2	0	1	63	53	//황금석궁	가이아의
10	11	0	0	2	0	2	63	53	//실크장갑	페이즈의
9	11	0	0	2	0	2	63	53	//실크바지	페이즈의
11	11	0	0	2	0	1	63	53	//실크부츠	페이즈의
11	12	0	0	2	0	1	63	53	//바람의부츠	오딘의
10	12	0	0	2	0	1	63	53	//바람의장갑	오딘의
9	12	0	0	2	0	1	63	53	//바람의바지	오딘의
8	12	0	0	2	0	1	63	53	//바람의갑옷	오딘의
7	12	0	0	2	0	1	63	53	//바람의헬멧	오딘의
11	12	0	0	2	0	2	63	53	//바람의부츠	앨비안의
9	12	0	0	2	0	2	63	53	//바람의바지	앨비안의
10	13	0	0	2	0	1	63	53	//정령장갑	아르고의
9	13	0	0	2	0	1	63	53	//정령바지	아르고의
8	13	0	0	2	0	1	63	53	//정령갑옷	아르고의
9	13	0	0	2	0	2	63	53	//정령바지	카리스의
7	13	0	0	2	0	1	63	53	//정령헬멧	카리스의
11	13	0	0	2	0	1	63	53	//정령부츠	카리스의
//중급										
7	9	0	0	2	0	1	60	6	//철판헬멧	레이브의
9	9	0	0	2	0	1	60	6	//철판바지	레이브의
11	1	0	0	2	0	1	60	6	//드라곤부츠	하이온의
10	1	0	0	2	0	1	60	6	//드라곤장갑	하이온의
7	1	0	0	2	0	1	60	6	//드라곤투구	하이온의
0	14	0	0	2	0	1	60	6	//번개검	하이온의
7	1	0	0	2	0	2	60	6	//드라곤투구	비셔스의
9	1	0	0	2	0	2	60	6	//드라곤바지	비셔스의
11	15	0	0	2	0	1	60	6	//아틀란스부츠	가이온의
9	15	0	0	2	0	1	60	6	//아틀란스바지	가이온의
9	15	0	0	2	0	2	60	6	//아틀란스바지	뮤렌의
10	15	0	0	2	0	2	60	6	//아틀란스장갑	뮤렌의
10	3	0	0	2	0	1	60	6	//전설의장갑	아누비스의
7	3	0	0	2	0	1	60	6	//전설의헬멧	아누비스의
7	3	0	0	2	0	2	60	6	//전설의헬멧	이시스의
9	3	0	0	2	0	2	60	6	//전설의바지	이시스의
10	14	0	0	2	0	1	60	6	//수호장갑	가이웬의
8	14	0	0	2	0	1	60	6	//수호갑옷	가이웬의
4	5	0	0	2	0	1	60	6	//실버보우	가이웬의
13	28	0	0	2	0	1	60	6	//기술의목걸이	가이웬의
8	14	0	0	2	0	2	60	6	//수호갑옷	아루안의
9	14	0	0	2	0	2	60	6	//수호바지	아루안의
7	14	0	0	2	0	2	60	6	//수호헬멧	아루안의
0	32	0	0	2	0	1	60	6	//세크리드글러브	베가의
7	59	0	0	2	0	1	60	6	//세크리드파이어투구	베가의
9	59	0	0	2	0	1	60	6	//세크리드파이어바지	베가의
0	32	0	0	2	0	2	60	6	//세크리드글러브	차메르의
9	59	0	0	2	0	2	60	6	//세크리드파이어바지	차메르의
11	59	0	0	2	0	1	60	6	//세크리드파이어부츠	차메르의
9	26	0	0	2	0	1	60	6	//다크소울바지	아그니스의
8	26	0	0	2	0	1	60	6	//다크소울갑옷	아그니스의
7	26	0	0	2	0	1	60	6	//다크소울마스크	아그니스의
9	26	0	0	2	0	2	60	6	//다크소울바지	브로이의
10	26	0	0	2	0	2	60	6	//다크소울장갑	브로이의
11	26	0	0	2	0	2	60	6	//다크소울부츠	브로이의
7	40	0	0	2	0	1	60	6	//레드윙헬멧	크로노의
9	40	0	0	2	0	1	60	6	//레드윙바지	크로노의
10	40	0	0	2	0	1	60	6	//레드윙장갑	크로노의
7	40	0	0	2	0	2	60	6	//레드윙헬멧	세메덴의
10	40	0	0	2	0	2	60	6	//레드윙장갑	세메덴의
11	40	0	0	2	0	2	60	6	//레드윙부츠	세메덴의
8	92	0	0	2	0	1	60	6	//그루힐갑옷	도로프의
7	92	0	0	2	0	1	60	6	//그루힐헬멧	도로프의
9	92	0	0	2	0	1	60	6	//그루힐바지	도로프의
13	23	0	0	2	0	2	60	6	//바람의반지	도로프의
7	94	0	0	2	0	1	60	6	//히라트헬멧	아나스의
9	94	0	0	2	0	1	60	6	//히라트바지	아나스의
9	94	0	0	2	0	2	60	6	//히라트바지	아키르의
10	94	0	0	2	0	1	60	6	//히라트장갑	아키르의
13	8	0	0	2	0	2	60	6	//얼음의반지	아키르의
7	95	0	0	2	0	1	60	6	//세이트헬멧	가밀의
9	95	0	0	2	0	1	60	6	//세이트바지	가밀의
9	95	0	0	2	0	2	60	6	//세이트바지	가르디의
10	95	0	0	2	0	1	60	6	//세이트장갑	가르디의
//상위										
8	59	0	0	2	0	1	40	12	//세크리드파이어갑옷	베가의
8	59	0	0	2	0	2	40	12	//세크리드파이어갑옷	차메르의
8	15	0	0	2	0	1	40	12	//아틀란스갑옷	가이온의
8	15	0	0	2	0	2	40	12	//아틀란스갑옷	뮤렌의
13	27	0	0	2	0	1	40	12	//물의목걸이	가이온의
13	21	0	0	2	0	1	40	12	//불의반지	뮤렌의
13	21	0	0	2	0	1	40	12	//불의반지	아누비스의
8	3	0	0	2	0	1	40	12	//전설의갑옷	아누비스의
8	3	0	0	2	0	2	40	12	//전설의갑옷	이시스의
11	3	0	0	2	0	2	40	12	//전설의부츠	이시스의
8	1	0	0	2	0	2	40	12	//드라곤갑옷	비셔스의
13	22	0	0	2	0	2	40	12	//땅의반지	비셔스의
8	40	0	0	2	0	2	40	12	//레드윙갑옷	세메덴의
11	14	0	0	2	0	1	40	12	//수호부츠	가이웬의
11	14	0	0	2	0	2	40	12	//수호부츠	아루안의
13	9	0	0	2	0	2	40	12	//독의반지	아그니스의
13	9	0	0	2	0	3	40	12	//독의반지	가르디의
13	25	0	0	2	0	2	40	12	//얼음의목걸이	브로이의
13	24	0	0	2	0	2	40	12	//마법의반지	크로노의
8	9	0	0	2	0	2	40	12	//철판갑옷	레이브의
8	9	0	0	2	0	1	40	12	//철판갑옷	칸타타의
8	94	0	0	2	0	1	40	12	//히라트갑옷	아나스의
6	32	0	0	2	0	1	40	12	//비스실드	아나스의
11	94	0	0	2	0	1	40	12	//히라트부츠	아키르의
8	95	0	0	2	0	1	40	12	//세이트갑옷	가밀의
6	30	0	0	2	0	1	40	12	//플루마실드	가밀의
11	95	0	0	2	0	1	40	12	//세이트부츠	가르디의
end										
