// 대상 : 로랜시아 떠돌이상인(마틴) (6/145)								
//Text ver : 0.0.0.1								
// 대상서버 : 테스트서버								
//최종작업자 : 김현지								
//최종작업일 : 2008-11-19  16:01:28 PM								
//작업내용 : 주석 내용 삭제 및 데이터 정리								
//type	index	level	dur	op1	op2	op3		
//물약리스트								
14	0	0	1	0	0	0	//사과	
14	1	0	1	0	0	0	//작은치료물약	
14	2	0	1	0	0	0	//중간치료물약	
14	3	0	1	0	0	0	//큰치료물약	
14	4	0	1	0	0	0	//작은마나물약	
14	5	0	1	0	0	0	//중간마나물약	
14	6	0	1	0	0	0	//큰마나물약	
14	8	0	1	0	0	0	//해독물약	
14	0	0	3	0	0	0	//사과(3)	
14	1	0	3	0	0	0	//작은치료물약(3)	
14	2	0	3	0	0	0	//중간치료물약(3)	
14	3	0	3	0	0	0	//큰치료물약(3)	
14	4	0	3	0	0	0	//작은마나물약(3)	
14	5	0	3	0	0	0	//중간마나물약(3)	
14	6	0	3	0	0	0	//큰마나물약(3)	
14	8	0	3	0	0	0	//해독물약(3)	
//물약리스트+1								
14	0	1	1	0	0	0	//사과	
14	1	1	1	0	0	0	//작은치료물약	
14	2	1	1	0	0	0	//중간치료물약	
14	3	1	1	0	0	0	//큰치료물약	
14	0	1	3	0	0	0	//사과(3)	
14	1	1	3	0	0	0	//작은치료물약(3)	
14	2	1	3	0	0	0	//중간치료물약(3)	
14	3	1	3	0	0	0	//큰치료물약(3)	
//활/석궁통								
4	7	0	255	0	0	0	//석궁용화살	
4	7	1	255	0	0	0	//석궁용화살(+1)	
4	7	2	255	0	0	0	//석궁용화살(+2)	
4	7	3	255	0	0	0	//석궁용화살(+3)	
4	15	0	255	0	0	0	//화살	
4	15	1	255	0	0	0	//화살(+1)	
4	15	2	255	0	0	0	//화살(+2)	
4	15	3	255	0	0	0	//화살(+3)	
//방어류								
7	4	0	0	0	0	0	//뼈헬멧	
9	4	0	0	0	0	0	//뼈바지	
7	6	0	0	0	0	0	//비늘헬멧	
8	6	0	0	0	0	0	//비늘갑옷	
9	6	0	0	0	0	0	//비늘바지	
10	8	0	0	0	0	0	//황동장갑	
11	8	0	0	0	0	0	//황동부츠	
								
//방패류								
6	2	0	0	0	0	0	//카이트방패	
6	6	0	0	0	0	0	//해골방패	
								
//무기류								
0	6	0	0	1	0	0	//그라디우스(스킬)	
4	10	0	0	0	0	0	//아큐버스	
4	10	0	0	1	0	0	//아큐버스(스킬)	
3	1	0	0	0	0	0	//창	
0	7	0	0	0	0	0	//펄션	
0	7	0	0	1	0	0	//펄션(스킬)	
end								
								
