// 대상 : 로랜시아 물약파는소녀(에이미) (127.86)							
//Text ver : 0.0.0.3							
// 대상서버 : 본서버							
//최종작업자 : 박혜진							
//최종작업일 : 2013-11-13 5:57 PM							
//작업내용 : 뮨 에너지 변환기 판매							
//type	index	level	dur	op1	op2	op3	
// 물약리스트							
14	0	0	1	0	0	0	//사과
14	1	0	1	0	0	0	//작은치료물약
14	2	0	1	0	0	0	//중간치료물약
14	3	0	1	0	0	0	//큰치료물약
14	4	0	1	0	0	0	//작은마나물약
14	5	0	1	0	0	0	//중간마나물약
14	6	0	1	0	0	0	//큰마나물약
14	8	0	1	0	0	0	//해독물약
14	0	0	3	0	0	0	//사과(3)
14	1	0	3	0	0	0	//작은치료물약(3)
14	2	0	3	0	0	0	//중간치료물약(3)
14	3	0	3	0	0	0	//큰치료물약(3)
14	4	0	3	0	0	0	//작은마나물약(3)
14	5	0	3	0	0	0	//중간마나물약(3)
14	6	0	3	0	0	0	//큰마나물약(3)
14	8	0	3	0	0	0	//해독물약(3)
// 물약리스트 +1							
14	0	1	1	0	0	0	//사과
14	1	1	1	0	0	0	//작은치료물약
14	2	1	1	0	0	0	//중간치료물약
14	3	1	1	0	0	0	//큰치료물약
14	0	1	3	0	0	0	//사과(3)
14	1	1	3	0	0	0	//작은치료물약(3)
14	2	1	3	0	0	0	//중간치료물약(3)
14	3	1	3	0	0	0	//큰치료물약(3)
// 활/석궁통							
4	7	0	255	0	0	0	//석궁용화살
4	7	1	255	0	0	0	//석궁용화살(+1)
4	7	2	255	0	0	0	//석궁용화살(+2)
4	7	3	255	0	0	0	//석궁용화살(+3)
4	15	0	255	0	0	0	//화살
4	15	1	255	0	0	0	//화살(+1)
4	15	2	255	0	0	0	//화살(+2)
4	15	3	255	0	0	0	//화살(+3)
// 공성관련							
13	7	0	1	0	0	0	//활용병
13	7	1	1	0	0	0	//창용병
// 일반							
14	10	0	1	0	0	0	//마을귀환문서
13	29	0	1	0	0	0	//근위병의갑옷세트
// 뮨 에너지 변환기							
16	239	0	0	0	0	0	//뮨 에너지 변환기
12	288	0	0	0	0	0	//엘리멘탈룬
//14	317	0	0	0	0	0	//속성변환부적
12	70	0	0	0	0	0	//스피어
end							
