// 대상 : 로랜시아마법상점 (파시) (118/113)							
//Text ver : 0.0.0.2							
// 대상서버 : 테스트서버							
//최종작업자 : 김의건							
//최종작업일 : 2014-08-14 3:58 PM							
//작업내용 : 그로우랜서 스킬북 추가							
//type	index	level	dur	op1	op2	op3	
// 마법서류							
15	3	0	0	0	0	0	//파이어볼법서
15	10	0	0	0	0	0	//파워웨이브법서
15	2	0	0	0	0	0	//번개법서
15	5	0	0	0	0	0	//순간이동법서
15	1	0	0	0	0	0	//운석법서
15	6	0	0	0	0	0	//얼음법서
15	0	0	0	0	0	0	//포이즌법서
15	4	0	0	0	0	0	//불기둥법서
15	7	0	0	0	0	0	//회오리법서
15	8	0	0	0	0	0	//악령법서
15	9	0	0	0	0	0	//헬파이어법서
15	11	0	0	0	0	0	//아쿠아플래쉬법서
15	12	0	0	0	0	0	//블래스트법서
15	13	0	0	0	0	0	//인페르노법서
15	14	0	0	0	0	0	//텔레키네시스법서
15	15	0	0	0	0	0	//소울바리어법서
15	16	0	0	0	0	0	//데쓰포이즌법서
15	17	0	0	0	0	0	//서든아이스법서
15	18	0	0	0	0	0	//헬버스트법서
// 체험서버_마법서류							
15	28	0	0	0	0	0	//마력증대법서
15	29	0	0	0	0	0	//기간틱스톰법서
							
// 구슬/스크롤							
12	7	0	0	0	0	0	//회오리베기구슬
12	19	0	0	0	0	0	//블로우구슬
12	12	0	0	0	0	0	//분노의일격구슬
12	14	0	0	0	0	0	//스웰라이프구슬
12	16	0	0	0	0	0	//블러드어택구슬
12	8	0	0	0	0	0	//치료구슬
12	9	0	0	0	0	0	//방어력향상구슬
12	10	0	0	0	0	0	//공격력향상구슬
12	17	0	0	0	0	0	//관통구슬
12	18	0	0	0	0	0	//아이스애로우구슬
// 체험서버_구슬							
12	44	0	0	0	0	0	//파괴의일격구슬
12	45	0	0	0	0	0	//멀티샷구슬
12	46	0	0	0	0	0	//회복구슬
12	47	0	0	0	0	0	//플레임스트라이크구슬
12	21	0	0	0	0	0	//파이어버스트스크롤
12	22	0	0	0	0	0	//셔먼스크롤
12	23	0	0	0	0	0	//크리티컬데미지증가스크롤
12	24	0	0	0	0	0	//일렉트릭스파이크스크롤
12	35	0	0	0	0	0	//파이어스크림스크롤
12	48	0	0	0	0	0	//카오틱디세이어스크롤
12	271	0	0	0	0	0	//스핀스텝스크롤
12	272	0	0	0	0	0	//옵시디언스크롤
12	273	0	0	0	0	0	//매직핀스크롤
12	274	0	0	0	0	0	//하쉬스트라이크스크롤
12	275	0	0	0	0	0	//샤이닝픽스크롤
12	276	0	0	0	0	0	//격노스크롤
12	277	0	0	0	0	0	//브레쉬스크롤
// 체험서버_스크롤							
15	30	0	0	0	0	0	//체인드라이브양피지
15	31	0	0	0	0	0	//다크사이드양피지
15	32	0	0	0	0	0	//드레곤로어양피지
15	33	0	0	0	0	0	//드레곤슬레셔양피지
15	34	0	0	0	0	0	//적방어력무시양피지
15	35	0	0	0	0	0	//체력향상양피지
15	36	0	0	0	0	0	//방어성공율향상양피지
end							
