//////////////////////////////////////////////////////////////////////////////////////													
// [불카누스]	EachMonsterBag63												
// [ Start  ] 	2015-03-20												
// [ Latest ]	2015-03-20 17:26												
// [ Author ]	박혜진												
// [ Version ]	0.0.0.1												
// [ Text ]													
// [ Desc ]	맵에 출현하는 몬스터 별로 드롭하는 아이템 리스트를 작성하는 스크립트												
//////////////////////////////////////////////////////////////////////////////////////													
													
//사냥 마리 수	32400												
													
//몬스터 인덱스	몬스터 속성	아이템 타입	아이템 인덱스	최소레벨	최대레벨	개수	스킬	행운	추가옵션	엑설런트 	속성 아이템	확률 (1/1000000)	아이템 명
//피의암살자 107													130
486	-1	2	7	0	0	0	2	2	0	0	0	3711	//엘리멘탈메이스
486	-1	4	17	0	0	0	2	2	0	0	0	3711	//홀리사이트보우
486	-1	4	19	0	0	0	2	2	0	0	0	3711	//그레이트레인석궁
486	-1	0	31	0	0	0	2	2	0	0	0	3711	//데스브로드
486	-1	0	17	0	0	0	2	2	0	0	0	3711	//다크브레이커
486	-1	0	18	0	0	0	2	2	0	0	0	3711	//선더블레이드
486	-1	0	34	0	0	0	2	2	0	0	0	3711	//피어싱블레이드글러브
486	-1	3	10	0	0	0	2	2	0	0	0	3711	//드라곤스피어
486	-1	5	8	0	0	0	2	2	0	0	0	3711	//파멸의지팡이
486	-1	5	9	0	0	0	2	2	0	0	0	3711	//드래곤소울지팡이
486	-1	5	18	0	0	0	2	2	0	0	0	3711	//데모닉스틱
486	-1	2	11	0	0	0	2	2	0	0	0	3711	//로드셉터
486	-1	8	18	0	0	0	0	2	0	0	0	3711	//그랜드소울갑옷
486	-1	8	42	0	0	0	0	2	0	0	0	3711	//데모닉갑옷
486	-1	8	19	0	0	0	0	2	0	0	0	3711	//홀리스프릿갑옷
486	-1	8	27	0	0	0	0	2	0	0	0	3711	//다크브리즌갑옷
486	-1	9	27	0	0	0	0	2	0	0	0	3711	//다크브리즌바지
486	-1	8	16	0	0	0	0	2	0	0	0	3711	//블랙드라곤갑옷
486	-1	8	94	0	0	0	0	2	0	0	0	3711	//히라트갑옷
486	-1	7	94	0	0	0	0	2	0	0	0	3711	//히라트헬멧
486	-1	9	94	0	0	0	0	2	0	0	0	3711	//히라트바지
486	-1	8	95	0	0	0	0	2	0	0	0	3711	//세이트갑옷
486	-1	7	95	0	0	0	0	2	0	0	0	3711	//세이트헬멧
486	-1	9	95	0	0	0	0	2	0	0	0	3711	//세이트바지
486	-1	8	61	0	0	0	0	2	0	0	0	3711	//피어싱그로브갑옷
486	-1	7	61	0	0	0	0	2	0	0	0	3711	//피어싱그로브투구
486	-1	9	61	0	0	0	0	2	0	0	0	3711	//피어싱그로브바지
486	-1	7	24	0	0	0	0	2	0	0	0	3711	//레드스프릿헬멧
486	-1	9	24	0	0	0	0	2	0	0	0	3711	//레드스프릿바지
486	-1	7	17	0	0	0	0	2	0	0	0	3711	//다크피닉스투구
486	-1	8	17	0	0	0	0	2	0	0	0	3711	//다크피닉스갑옷
486	-1	9	17	0	0	0	0	2	0	0	0	3711	//다크피닉스바지
486	-1	11	17	0	0	0	0	2	0	0	0	3711	//다크피닉스부츠
486	-1	11	22	0	0	0	0	2	0	0	0	3711	//블랙소울부츠
486	-1	8	20	0	0	0	0	2	0	0	0	3711	//선더호크갑옷
486	-1	9	20	0	0	0	0	2	0	0	0	3711	//선더호크바지
486	-1	11	20	0	0	0	0	2	0	0	0	3711	//선더호크부츠
486	-1	7	28	0	0	0	0	2	0	0	0	3711	//다크마스터마스크
486	-1	10	28	0	0	0	0	2	0	0	0	3711	//다크마스터장갑
486	-1	11	28	0	0	0	0	2	0	0	0	3711	//다크마스터부츠
486	-1	8	37	0	0	0	0	2	0	0	0	3711	//발리언트갑옷
486	-1	10	37	0	0	0	0	2	0	0	0	3711	//발리언트장갑
486	-1	9	37	0	0	0	0	2	0	0	0	3711	//발리언트바지
486	-1	11	37	0	0	0	0	2	0	0	0	3711	//발리언트부츠
486	-1	7	38	0	0	0	0	2	0	0	0	3711	//글로리어스마스크
486	-1	8	38	0	0	0	0	2	0	0	0	3711	//글로리어스갑옷
486	-1	10	38	0	0	0	0	2	0	0	0	3711	//글로리어스장갑
486	-1	9	38	0	0	0	0	2	0	0	0	3711	//글로리어스바지
486	-1	11	38	0	0	0	0	2	0	0	0	3711	//글로리어스부츠
486	-1	7	21	0	0	0	0	2	0	0	0	3711	//그레이트드라곤투구
486	-1	10	21	0	0	0	0	2	0	0	0	3711	//그레이트드라곤장갑
486	-1	11	21	0	0	0	0	2	0	0	0	3711	//그레이트드라곤부츠
486	-1	10	23	0	0	0	0	2	0	0	0	3711	//아스릴장갑
//486	-1	12	72	0	0	0	0	0	0	0	0	1500	//스피어(트리)
//피의암살자 엑설런트													
486	-1	2	4	0	0	0	0	2	0	1	0	2	//크리스탈모닝스타
486	-1	4	13	0	0	0	0	2	0	1	0	2	//블루윙석궁
486	-1	4	14	0	0	0	0	2	0	1	0	2	//아쿠아골드석궁
486	-1	2	5	0	0	0	0	2	0	1	0	2	//크리스탈검
486	-1	0	16	0	0	0	0	2	0	1	0	2	//파괴의검
486	-1	0	33	0	0	0	0	2	0	1	0	2	//홀리스톰클로
486	-1	3	14	0	0	0	0	2	0	1	0	2	//콘모시온랜스
486	-1	3	18	0	0	0	0	2	0	1	0	2	//알라크란랜스
486	-1	5	6	0	0	0	0	2	0	1	0	2	//부활의지팡이
486	-1	5	17	0	0	0	0	2	0	1	0	2	//에이션트스틱
486	-1	5	23	0	0	0	0	2	0	1	0	2	//라글의서
486	-1	2	9	0	0	0	0	2	0	1	0	2	//마스터셉터
486	-1	2	10	0	0	0	0	2	0	1	0	2	//그레이트셉터
486	-1	6	16	0	0	0	0	2	0	1	0	2	//엘리멘탈방패
486	-1	6	21	0	0	0	0	2	0	1	0	2	//크로스실드
486	-1	6	30	0	0	0	0	2	0	1	0	2	//플루마실드
486	-1	6	15	0	0	0	0	2	0	1	0	2	//그랜드소울방패
486	-1	6	32	0	0	0	0	2	0	1	0	2	//비스실드
486	-1	8	59	0	0	0	0	2	0	1	0	2	//세크리드파이어갑옷
486	-1	7	26	0	0	0	0	2	0	1	0	2	//다크소울마스크
486	-1	8	26	0	0	0	0	2	0	1	0	2	//다크소울갑옷
486	-1	9	26	0	0	0	0	2	0	1	0	2	//다크소울바지
486	-1	7	93	0	0	0	0	2	0	1	0	2	//프린시헬멧
486	-1	8	93	0	0	0	0	2	0	1	0	2	//프린시갑옷
486	-1	9	93	0	0	0	0	2	0	1	0	2	//프린시바지
486	-1	11	93	0	0	0	0	2	0	1	0	2	//프린시부츠
486	-1	7	34	0	0	0	0	2	0	1	0	2	//애쉬크로우헬멧
486	-1	8	34	0	0	0	0	2	0	1	0	2	//애쉬크로우갑옷
486	-1	9	34	0	0	0	0	2	0	1	0	2	//애쉬크로우바지
486	-1	11	34	0	0	0	0	2	0	1	0	2	//애쉬크로우부츠
486	-1	7	35	0	0	0	0	2	0	1	0	2	//이클립스헬멧
486	-1	8	35	0	0	0	0	2	0	1	0	2	//이클립스갑옷
486	-1	9	35	0	0	0	0	2	0	1	0	2	//이클립스바지
486	-1	11	35	0	0	0	0	2	0	1	0	2	//이클립스부츠
486	-1	7	36	0	0	0	0	2	0	1	0	2	//아이리스헬멧
486	-1	8	36	0	0	0	0	2	0	1	0	2	//아이리스갑옷
486	-1	9	36	0	0	0	0	2	0	1	0	2	//아이리스바지
486	-1	11	36	0	0	0	0	2	0	1	0	2	//아이리스부츠
486	-1	7	41	0	0	0	0	2	0	1	0	2	//에이션트헬멧
486	-1	8	41	0	0	0	0	2	0	1	0	2	//에이션트갑옷
486	-1	9	41	0	0	0	0	2	0	1	0	2	//에이션트바지
486	-1	11	41	0	0	0	0	2	0	1	0	2	//에이션트부츠
486	-1	7	60	0	0	0	0	2	0	1	0	2	//스톰자하드투구
486	-1	8	60	0	0	0	0	2	0	1	0	2	//스톰자하드갑옷
486	-1	9	60	0	0	0	0	2	0	1	0	2	//스톰자하드바지
486	-1	8	15	0	0	0	0	2	0	1	0	2	//아틀란스갑옷
486	-1	10	15	0	0	0	0	2	0	1	0	2	//아틀란스장갑
486	-1	9	15	0	0	0	0	2	0	1	0	2	//아틀란스바지
486	-1	11	15	0	0	0	0	2	0	1	0	2	//아틀란스부츠
486	-1	7	18	0	0	0	0	2	0	1	0	2	//그랜드소울헬멧
486	-1	10	18	0	0	0	0	2	0	1	0	2	//그랜드소울장갑
486	-1	11	18	0	0	0	0	2	0	1	0	2	//그랜드소울부츠
486	-1	7	42	0	0	0	0	2	0	1	0	2	//데모닉헬멧
486	-1	10	42	0	0	0	0	2	0	1	0	2	//데모닉장갑
486	-1	11	42	0	0	0	0	2	0	1	0	2	//데모닉부츠
486	-1	10	19	0	0	0	0	2	0	1	0	2	//홀리스프릿장갑
486	-1	10	27	0	0	0	0	2	0	1	0	2	//다크브리즌장갑
486	-1	7	16	0	0	0	0	2	0	1	0	2	//블랙드라곤투구
486	-1	10	16	0	0	0	0	2	0	1	0	2	//블랙드라곤장갑
486	-1	11	16	0	0	0	0	2	0	1	0	2	//블랙드라곤부츠
486	-1	10	94	0	0	0	0	2	0	1	0	2	//히라트장갑
486	-1	10	95	0	0	0	0	2	0	1	0	2	//세이트장갑
486	-1	11	61	0	0	0	0	2	0	1	0	2	//피어싱그로브부츠
//불타는용암거인 111													130
489	-1	4	19	0	0	0	2	2	0	0	0	3733	//그레이트레인석궁
489	-1	4	22	0	0	0	2	2	0	0	0	3733	//알바트로스보우
489	-1	0	31	0	0	0	2	2	0	0	0	3733	//데스브로드
489	-1	0	17	0	0	0	2	2	0	0	0	3733	//다크브레이커
489	-1	0	18	0	0	0	2	2	0	0	0	3733	//선더블레이드
489	-1	0	34	0	0	0	2	2	0	0	0	3733	//피어싱블레이드글러브
489	-1	5	9	0	0	0	2	2	0	0	0	3733	//드래곤소울지팡이
489	-1	5	13	0	0	0	2	2	0	0	0	3733	//플라티나윙스태프
489	-1	5	18	0	0	0	2	2	0	0	0	3733	//데모닉스틱
489	-1	2	11	0	0	0	2	2	0	0	0	3733	//로드셉터
489	-1	2	15	0	0	0	2	2	0	0	0	3733	//샤이닝셉터
489	-1	8	27	0	0	0	0	2	0	0	0	3733	//다크브리즌갑옷
489	-1	8	94	0	0	0	0	2	0	0	0	3733	//히라트갑옷
489	-1	9	94	0	0	0	0	2	0	0	0	3733	//히라트바지
489	-1	8	95	0	0	0	0	2	0	0	0	3733	//세이트갑옷
489	-1	9	95	0	0	0	0	2	0	0	0	3733	//세이트바지
489	-1	8	61	0	0	0	0	2	0	0	0	3733	//피어싱그로브갑옷
489	-1	9	61	0	0	0	0	2	0	0	0	3733	//피어싱그로브바지
489	-1	7	24	0	0	0	0	2	0	0	0	3733	//레드스프릿헬멧
489	-1	8	24	0	0	0	0	2	0	0	0	3733	//레드스프릿갑옷
489	-1	9	24	0	0	0	0	2	0	0	0	3733	//레드스프릿바지
489	-1	8	17	0	0	0	0	2	0	0	0	3733	//다크피닉스갑옷
489	-1	9	17	0	0	0	0	2	0	0	0	3733	//다크피닉스바지
489	-1	11	17	0	0	0	0	2	0	0	0	3733	//다크피닉스부츠
489	-1	7	22	0	0	0	0	2	0	0	0	3733	//블랙소울헬멧
489	-1	11	22	0	0	0	0	2	0	0	0	3733	//블랙소울부츠
489	-1	8	20	0	0	0	0	2	0	0	0	3733	//선더호크갑옷
489	-1	9	20	0	0	0	0	2	0	0	0	3733	//선더호크바지
489	-1	7	28	0	0	0	0	2	0	0	0	3733	//다크마스터마스크
489	-1	9	28	0	0	0	0	2	0	0	0	3733	//다크마스터바지
489	-1	11	28	0	0	0	0	2	0	0	0	3733	//다크마스터부츠
489	-1	8	37	0	0	0	0	2	0	0	0	3733	//발리언트갑옷
489	-1	9	37	0	0	0	0	2	0	0	0	3733	//발리언트바지
489	-1	11	37	0	0	0	0	2	0	0	0	3733	//발리언트부츠
489	-1	7	38	0	0	0	0	2	0	0	0	3733	//글로리어스마스크
489	-1	8	38	0	0	0	0	2	0	0	0	3733	//글로리어스갑옷
489	-1	9	38	0	0	0	0	2	0	0	0	3733	//글로리어스바지
489	-1	11	38	0	0	0	0	2	0	0	0	3733	//글로리어스부츠
489	-1	7	21	0	0	0	0	2	0	0	0	3733	//그레이트드라곤투구
489	-1	10	21	0	0	0	0	2	0	0	0	3733	//그레이트드라곤장갑
489	-1	11	21	0	0	0	0	2	0	0	0	3733	//그레이트드라곤부츠
489	-1	10	23	0	0	0	0	2	0	0	0	3733	//아스릴장갑
489	-1	11	23	0	0	0	0	2	0	0	0	3733	//아스릴부츠
//489	-1	12	72	0	0	0	0	0	0	0	0	1500	//스피어(트리)
//불타는용암거인 엑설런트													
489	-1	4	13	0	0	0	0	2	0	1	0	2	//블루윙석궁
489	-1	4	14	0	0	0	0	2	0	1	0	2	//아쿠아골드석궁
489	-1	4	16	0	0	0	0	2	0	1	0	2	//세인트크로스석궁
489	-1	2	5	0	0	0	0	2	0	1	0	2	//크리스탈검
489	-1	0	16	0	0	0	0	2	0	1	0	2	//파괴의검
489	-1	0	33	0	0	0	0	2	0	1	0	2	//홀리스톰클로
489	-1	3	15	0	0	0	0	2	0	1	0	2	//플루마랜스
489	-1	5	6	0	0	0	0	2	0	1	0	2	//부활의지팡이
489	-1	5	17	0	0	0	0	2	0	1	0	2	//에이션트스틱
489	-1	2	9	0	0	0	0	2	0	1	0	2	//마스터셉터
489	-1	2	10	0	0	0	0	2	0	1	0	2	//그레이트셉터
489	-1	6	21	0	0	0	0	2	0	1	0	2	//크로스실드
489	-1	6	30	0	0	0	0	2	0	1	0	2	//플루마실드
489	-1	6	15	0	0	0	0	2	0	1	0	2	//그랜드소울방패
489	-1	6	32	0	0	0	0	2	0	1	0	2	//비스실드
489	-1	8	26	0	0	0	0	2	0	1	0	2	//다크소울갑옷
489	-1	9	26	0	0	0	0	2	0	1	0	2	//다크소울바지
489	-1	7	93	0	0	0	0	2	0	1	0	2	//프린시헬멧
489	-1	8	93	0	0	0	0	2	0	1	0	2	//프린시갑옷
489	-1	9	93	0	0	0	0	2	0	1	0	2	//프린시바지
489	-1	8	34	0	0	0	0	2	0	1	0	2	//애쉬크로우갑옷
489	-1	9	34	0	0	0	0	2	0	1	0	2	//애쉬크로우바지
489	-1	11	34	0	0	0	0	2	0	1	0	2	//애쉬크로우부츠
489	-1	8	35	0	0	0	0	2	0	1	0	2	//이클립스갑옷
489	-1	9	35	0	0	0	0	2	0	1	0	2	//이클립스바지
489	-1	11	35	0	0	0	0	2	0	1	0	2	//이클립스부츠
489	-1	8	36	0	0	0	0	2	0	1	0	2	//아이리스갑옷
489	-1	9	36	0	0	0	0	2	0	1	0	2	//아이리스바지
489	-1	11	36	0	0	0	0	2	0	1	0	2	//아이리스부츠
489	-1	7	41	0	0	0	0	2	0	1	0	2	//에이션트헬멧
489	-1	8	41	0	0	0	0	2	0	1	0	2	//에이션트갑옷
489	-1	9	41	0	0	0	0	2	0	1	0	2	//에이션트바지
489	-1	7	60	0	0	0	0	2	0	1	0	2	//스톰자하드투구
489	-1	8	60	0	0	0	0	2	0	1	0	2	//스톰자하드갑옷
489	-1	9	60	0	0	0	0	2	0	1	0	2	//스톰자하드바지
489	-1	8	15	0	0	0	0	2	0	1	0	2	//아틀란스갑옷
489	-1	10	15	0	0	0	0	2	0	1	0	2	//아틀란스장갑
489	-1	9	15	0	0	0	0	2	0	1	0	2	//아틀란스바지
489	-1	11	15	0	0	0	0	2	0	1	0	2	//아틀란스부츠
489	-1	7	18	0	0	0	0	2	0	1	0	2	//그랜드소울헬멧
489	-1	10	18	0	0	0	0	2	0	1	0	2	//그랜드소울장갑
489	-1	9	18	0	0	0	0	2	0	1	0	2	//그랜드소울바지
489	-1	11	18	0	0	0	0	2	0	1	0	2	//그랜드소울부츠
489	-1	7	42	0	0	0	0	2	0	1	0	2	//데모닉헬멧
489	-1	10	42	0	0	0	0	2	0	1	0	2	//데모닉장갑
489	-1	9	42	0	0	0	0	2	0	1	0	2	//데모닉바지
489	-1	11	42	0	0	0	0	2	0	1	0	2	//데모닉부츠
489	-1	7	19	0	0	0	0	2	0	1	0	2	//홀리스프릿헬멧
489	-1	10	19	0	0	0	0	2	0	1	0	2	//홀리스프릿장갑
489	-1	7	27	0	0	0	0	2	0	1	0	2	//다크브리즌마스크
489	-1	10	27	0	0	0	0	2	0	1	0	2	//다크브리즌장갑
489	-1	11	27	0	0	0	0	2	0	1	0	2	//다크브리즌부츠
489	-1	7	16	0	0	0	0	2	0	1	0	2	//블랙드라곤투구
489	-1	10	16	0	0	0	0	2	0	1	0	2	//블랙드라곤장갑
489	-1	9	16	0	0	0	0	2	0	1	0	2	//블랙드라곤바지
489	-1	11	16	0	0	0	0	2	0	1	0	2	//블랙드라곤부츠
489	-1	10	94	0	0	0	0	2	0	1	0	2	//히라트장갑
489	-1	11	94	0	0	0	0	2	0	1	0	2	//히라트부츠
489	-1	10	95	0	0	0	0	2	0	1	0	2	//세이트장갑
489	-1	11	95	0	0	0	0	2	0	1	0	2	//세이트부츠
489	-1	11	61	0	0	0	0	2	0	1	0	2	//피어싱그로브부츠
489	-1	10	17	0	0	0	0	2	0	1	0	2	//다크피닉스장갑
489	-1	10	24	0	0	0	0	2	0	1	0	2	//레드스피릿장갑
//좀비투사 90		130											
480	-1	4	14	0	0	0	2	2	0	0	0	1478	//아쿠아골드석궁
480	-1	4	16	0	0	0	2	2	0	0	0	1478	//세인트크로스석궁
480	-1	2	5	0	0	0	2	2	0	0	0	1478	//크리스탈검
480	-1	0	16	0	0	0	2	2	0	0	0	1478	//파괴의검
480	-1	0	33	0	0	0	2	2	0	0	0	1478	//홀리스톰클로
480	-1	3	15	0	0	0	2	2	0	0	0	1478	//플루마랜스
480	-1	3	16	0	0	0	2	2	0	0	0	1478	//비스랜스
480	-1	5	8	0	0	0	2	2	0	0	0	1478	//파멸의지팡이
480	-1	5	17	0	0	0	2	2	0	0	0	1478	//에이션트스틱
480	-1	2	9	0	0	0	2	2	0	0	0	1478	//마스터셉터
480	-1	2	10	0	0	0	2	2	0	0	0	1478	//그레이트셉터
480	-1	2	7	0	0	0	2	2	0	0	0	1478	//엘리멘탈메이스
480	-1	6	15	0	0	0	2	2	0	0	0	1478	//그랜드소울방패
480	-1	6	32	0	0	0	2	2	0	0	0	1478	//비스실드
480	-1	8	26	0	0	0	0	2	0	0	0	1478	//다크소울갑옷
480	-1	8	93	0	0	0	0	2	0	0	0	1478	//프린시갑옷
480	-1	9	93	0	0	0	0	2	0	0	0	1478	//프린시바지
480	-1	8	34	0	0	0	0	2	0	0	0	1478	//애쉬크로우갑옷
480	-1	8	35	0	0	0	0	2	0	0	0	1478	//이클립스갑옷
480	-1	8	36	0	0	0	0	2	0	0	0	1478	//아이리스갑옷
480	-1	8	41	0	0	0	0	2	0	0	0	1478	//에이션트갑옷
480	-1	9	41	0	0	0	0	2	0	0	0	1478	//에이션트바지
480	-1	8	60	0	0	0	0	2	0	0	0	1478	//스톰자하드갑옷
480	-1	9	60	0	0	0	0	2	0	0	0	1478	//스톰자하드바지
480	-1	8	15	0	0	0	0	2	0	0	0	1478	//아틀란스갑옷
480	-1	9	15	0	0	0	0	2	0	0	0	1478	//아틀란스바지
480	-1	11	15	0	0	0	0	2	0	0	0	1478	//아틀란스부츠
480	-1	7	18	0	0	0	0	2	0	0	0	1478	//그랜드소울헬멧
480	-1	9	18	0	0	0	0	2	0	0	0	1478	//그랜드소울바지
480	-1	11	18	0	0	0	0	2	0	0	0	1478	//그랜드소울부츠
480	-1	7	42	0	0	0	0	2	0	0	0	1478	//데모닉헬멧
480	-1	9	42	0	0	0	0	2	0	0	0	1478	//데모닉바지
480	-1	11	42	0	0	0	0	2	0	0	0	1478	//데모닉부츠
480	-1	7	19	0	0	0	0	2	0	0	0	1478	//홀리스프릿헬멧
480	-1	10	19	0	0	0	0	2	0	0	0	1478	//홀리스프릿장갑
480	-1	9	19	0	0	0	0	2	0	0	0	1478	//홀리스프릿바지
480	-1	11	19	0	0	0	0	2	0	0	0	1478	//홀리스프릿부츠
480	-1	7	27	0	0	0	0	2	0	0	0	1478	//다크브리즌마스크
480	-1	10	27	0	0	0	0	2	0	0	0	1478	//다크브리즌장갑
480	-1	11	27	0	0	0	0	2	0	0	0	1478	//다크브리즌부츠
480	-1	7	16	0	0	0	0	2	0	0	0	1478	//블랙드라곤투구
480	-1	8	16	0	0	0	0	2	0	0	0	1478	//블랙드라곤갑옷
480	-1	10	16	0	0	0	0	2	0	0	0	1478	//블랙드라곤장갑
480	-1	9	16	0	0	0	0	2	0	0	0	1478	//블랙드라곤바지
480	-1	11	16	0	0	0	0	2	0	0	0	1478	//블랙드라곤부츠
480	-1	10	94	0	0	0	0	2	0	0	0	1478	//히라트장갑
480	-1	11	94	0	0	0	0	2	0	0	0	1478	//히라트부츠
480	-1	10	95	0	0	0	0	2	0	0	0	1478	//세이트장갑
480	-1	11	95	0	0	0	0	2	0	0	0	1478	//세이트부츠
480	-1	7	61	0	0	0	0	2	0	0	0	1478	//피어싱그로브투구
480	-1	11	61	0	0	0	0	2	0	0	0	1478	//피어싱그로브부츠
480	-1	10	24	0	0	0	0	2	0	0	0	1478	//레드스피릿장갑
480	-1	11	24	0	0	0	0	2	0	0	0	1478	//레드스피릿부츠
480	-1	10	17	0	0	0	0	2	0	0	0	1478	//다크피닉스장갑
480	-1	10	22	0	0	0	0	2	0	0	0	1478	//블랙소울장갑
480	-1	10	20	0	0	0	0	2	0	0	0	1478	//선더호크장갑
480	-1	10	28	0	0	0	0	2	0	0	0	1478	//다크마스터장갑
//480	-1	12	72	0	0	0	0	0	0	0	0	1500	//스피어(트리)
//좀비투사 엑설런트													
480	-1	1	8	0	0	0	0	2	0	1	0	2	//반월도끼
480	-1	4	12	0	0	0	0	2	0	1	0	2	//서펜트석궁
480	-1	4	5	0	0	0	0	2	0	1	0	2	//실버보우
480	-1	0	13	0	0	0	0	2	0	1	0	2	//더블블레이드
480	-1	0	15	0	0	0	0	2	0	1	0	2	//거대한검
480	-1	0	32	0	0	0	0	2	0	1	0	2	//세크리드글러브
480	-1	0	12	0	0	0	0	2	0	1	0	2	//태양검
480	-1	0	14	0	0	0	0	2	0	1	0	2	//번개검
480	-1	3	9	0	0	0	0	2	0	1	0	2	//발록의낫
480	-1	3	8	0	0	0	0	2	0	1	0	2	//그레이트사이드
480	-1	3	14	0	0	0	0	2	0	1	0	2	//콘모시온랜스
480	-1	5	4	0	0	0	0	2	0	1	0	2	//고르곤지팡이
480	-1	5	5	0	0	0	0	2	0	1	0	2	//전설의지팡이
480	-1	5	16	0	0	0	0	2	0	1	0	2	//레드윙스틱
480	-1	5	21	0	0	0	0	2	0	1	0	2	//사아무트의서
480	-1	5	22	0	0	0	0	2	0	1	0	2	//닐의서
480	-1	5	23	0	0	0	0	2	0	1	0	2	//라글의서
480	-1	2	8	0	0	0	0	2	0	1	0	2	//배틀셉터
480	-1	6	14	0	0	0	0	2	0	1	0	2	//전설의방패
480	-1	6	12	0	0	0	0	2	0	1	0	2	//브론즈방패
480	-1	6	13	0	0	0	0	2	0	1	0	2	//드라곤방패
480	-1	7	92	0	0	0	0	2	0	1	0	2	//그루힐헬멧
480	-1	8	92	0	0	0	0	2	0	1	0	2	//그루힐갑옷
480	-1	9	92	0	0	0	0	2	0	1	0	2	//그루힐바지
480	-1	8	9	0	0	0	0	2	0	1	0	2	//철판갑옷
480	-1	8	25	0	0	0	0	2	0	1	0	2	//라운드갑옷
480	-1	9	25	0	0	0	0	2	0	1	0	2	//라운드바지
480	-1	7	3	0	0	0	0	2	0	1	0	2	//전설의헬멧
480	-1	8	3	0	0	0	0	2	0	1	0	2	//전설의갑옷
480	-1	9	3	0	0	0	0	2	0	1	0	2	//전설의바지
480	-1	7	40	0	0	0	0	2	0	1	0	2	//레드윙헬멧
480	-1	8	40	0	0	0	0	2	0	1	0	2	//레드윙갑옷
480	-1	9	40	0	0	0	0	2	0	1	0	2	//레드윙바지
480	-1	7	59	0	0	0	0	2	0	1	0	2	//세크리드파이어투구
480	-1	9	59	0	0	0	0	2	0	1	0	2	//세크리드파이어바지
480	-1	11	59	0	0	0	0	2	0	1	0	2	//세크리드파이어부츠
480	-1	7	14	0	0	0	0	2	0	1	0	2	//수호헬멧
480	-1	8	14	0	0	0	0	2	0	1	0	2	//수호갑옷
480	-1	10	14	0	0	0	0	2	0	1	0	2	//수호장갑
480	-1	9	14	0	0	0	0	2	0	1	0	2	//수호바지
480	-1	11	14	0	0	0	0	2	0	1	0	2	//수호부츠
480	-1	7	1	0	0	0	0	2	0	1	0	2	//드라곤투구
480	-1	8	1	0	0	0	0	2	0	1	0	2	//드라곤갑옷
480	-1	10	1	0	0	0	0	2	0	1	0	2	//드라곤장갑
480	-1	9	1	0	0	0	0	2	0	1	0	2	//드라곤바지
480	-1	11	1	0	0	0	0	2	0	1	0	2	//드라곤부츠
480	-1	10	26	0	0	0	0	2	0	1	0	2	//다크소울장갑
480	-1	11	26	0	0	0	0	2	0	1	0	2	//다크소울부츠
480	-1	10	93	0	0	0	0	2	0	1	0	2	//프린시장갑
480	-1	11	93	0	0	0	0	2	0	1	0	2	//프린시부츠
480	-1	10	34	0	0	0	0	2	0	1	0	2	//애쉬크로우장갑
480	-1	10	35	0	0	0	0	2	0	1	0	2	//이클립스장갑
480	-1	10	36	0	0	0	0	2	0	1	0	2	//아이리스장갑
480	-1	10	41	0	0	0	0	2	0	1	0	2	//에이션트장갑
480	-1	11	41	0	0	0	0	2	0	1	0	2	//에이션트부츠
480	-1	11	60	0	0	0	0	2	0	1	0	2	//스톰자하드부츠
//좀비투사 120													130
481	-1	4	22	0	0	0	2	2	0	0	0	8446	//알바트로스보우
481	-1	0	17	0	0	0	2	2	0	0	0	8446	//다크브레이커
481	-1	0	18	0	0	0	2	2	0	0	0	8446	//선더블레이드
481	-1	0	24	0	0	0	2	2	0	0	0	8446	//데이브레이크
481	-1	0	25	0	0	0	2	2	0	0	0	8446	//소드댄서
481	-1	0	34	0	0	0	2	2	0	0	0	8446	//피어싱블레이드글러브
481	-1	5	13	0	0	0	2	2	0	0	0	8446	//플라티나윙스태프
481	-1	2	15	0	0	0	2	2	0	0	0	8446	//샤이닝셉터
481	-1	8	38	0	0	0	0	2	0	0	0	8446	//글로리어스갑옷
481	-1	7	21	0	0	0	0	2	0	0	0	8446	//그레이트드라곤투구
481	-1	9	21	0	0	0	0	2	0	0	0	8446	//그레이트드라곤바지
481	-1	8	37	0	0	0	0	2	0	0	0	8446	//발리언트갑옷
481	-1	8	20	0	0	0	0	2	0	0	0	8446	//선더호크갑옷
481	-1	8	24	0	0	0	0	2	0	0	0	8446	//레드스피릿갑옷
481	-1	10	23	0	0	0	0	2	0	0	0	8446	//아스릴장갑
481	-1	11	23	0	0	0	0	2	0	0	0	8446	//아스릴부츠
481	-1	7	28	0	0	0	0	2	0	0	0	8446	//다크마스터마스크
481	-1	8	28	0	0	0	0	2	0	0	0	8446	//다크마스터갑옷
481	-1	9	28	0	0	0	0	2	0	0	0	8446	//다크마스터바지
481	-1	7	22	0	0	0	0	2	0	0	0	8446	//블랙소울헬멧
481	-1	9	22	0	0	0	0	2	0	0	0	8446	//블랙소울바지
//481	-1	12	72	0	0	0	0	0	0	0	0	1500	//스피어(트리)
//좀비투사 엑설런트													
481	-1	2	7	0	0	0	0	2	0	1	0	2	//엘리멘탈메이스
481	-1	4	16	0	0	0	0	2	0	1	0	2	//세인트크로스석궁
481	-1	4	17	0	0	0	0	2	0	1	0	2	//홀리사이트보우
481	-1	0	16	0	0	0	0	2	0	1	0	2	//파괴의검
481	-1	0	33	0	0	0	0	2	0	1	0	2	//홀리스톰클로
481	-1	3	15	0	0	0	0	2	0	1	0	2	//플루마랜스
481	-1	3	16	0	0	0	0	2	0	1	0	2	//비스랜스
481	-1	3	10	0	0	0	0	2	0	1	0	2	//드라곤스피어
481	-1	5	8	0	0	0	0	2	0	1	0	2	//파멸의지팡이
481	-1	5	17	0	0	0	0	2	0	1	0	2	//에이션트스틱
481	-1	2	10	0	0	0	0	2	0	1	0	2	//그레이트셉터
481	-1	8	26	0	0	0	0	2	0	1	0	2	//다크소울갑옷
481	-1	8	93	0	0	0	0	2	0	1	0	2	//프린시갑옷
481	-1	8	60	0	0	0	0	2	0	1	0	2	//스톰자하드갑옷
481	-1	9	60	0	0	0	0	2	0	1	0	2	//스톰자하드바지
481	-1	8	15	0	0	0	0	2	0	1	0	2	//아틀란스갑옷
481	-1	7	18	0	0	0	0	2	0	1	0	2	//그랜드소울헬멧
481	-1	8	18	0	0	0	0	2	0	1	0	2	//그랜드소울갑옷
481	-1	9	18	0	0	0	0	2	0	1	0	2	//그랜드소울바지
481	-1	7	42	0	0	0	0	2	0	1	0	2	//데모닉헬멧
481	-1	8	42	0	0	0	0	2	0	1	0	2	//데모닉갑옷
481	-1	9	42	0	0	0	0	2	0	1	0	2	//데모닉바지
481	-1	7	19	0	0	0	0	2	0	1	0	2	//홀리스프릿헬멧
481	-1	8	19	0	0	0	0	2	0	1	0	2	//홀리스프릿갑옷
481	-1	9	19	0	0	0	0	2	0	1	0	2	//홀리스프릿바지
481	-1	7	27	0	0	0	0	2	0	1	0	2	//다크브리즌마스크
481	-1	9	27	0	0	0	0	2	0	1	0	2	//다크브리즌바지
481	-1	11	27	0	0	0	0	2	0	1	0	2	//다크브리즌부츠
481	-1	7	16	0	0	0	0	2	0	1	0	2	//블랙드라곤투구
481	-1	8	16	0	0	0	0	2	0	1	0	2	//블랙드라곤갑옷
481	-1	9	16	0	0	0	0	2	0	1	0	2	//블랙드라곤바지
481	-1	11	16	0	0	0	0	2	0	1	0	2	//블랙드라곤부츠
481	-1	7	94	0	0	0	0	2	0	1	0	2	//히라트헬멧
481	-1	10	94	0	0	0	0	2	0	1	0	2	//히라트장갑
481	-1	9	94	0	0	0	0	2	0	1	0	2	//히라트바지
481	-1	11	94	0	0	0	0	2	0	1	0	2	//히라트부츠
481	-1	7	95	0	0	0	0	2	0	1	0	2	//세이트헬멧
481	-1	10	95	0	0	0	0	2	0	1	0	2	//세이트장갑
481	-1	9	95	0	0	0	0	2	0	1	0	2	//세이트바지
481	-1	11	95	0	0	0	0	2	0	1	0	2	//세이트부츠
481	-1	7	61	0	0	0	0	2	0	1	0	2	//피어싱그로브투구
481	-1	9	61	0	0	0	0	2	0	1	0	2	//피어싱그로브바지
481	-1	11	61	0	0	0	0	2	0	1	0	2	//피어싱그로브부츠
481	-1	7	17	0	0	0	0	2	0	1	0	2	//다크피닉스투구
481	-1	10	17	0	0	0	0	2	0	1	0	2	//다크피닉스장갑
481	-1	11	17	0	0	0	0	2	0	1	0	2	//다크피닉스부츠
481	-1	10	22	0	0	0	0	2	0	1	0	2	//블랙소울장갑
481	-1	11	22	0	0	0	0	2	0	1	0	2	//블랙소울부츠
481	-1	10	20	0	0	0	0	2	0	1	0	2	//선더호크장갑
481	-1	11	20	0	0	0	0	2	0	1	0	2	//선더호크부츠
481	-1	10	28	0	0	0	0	2	0	1	0	2	//다크마스터장갑
481	-1	11	28	0	0	0	0	2	0	1	0	2	//다크마스터부츠
481	-1	10	37	0	0	0	0	2	0	1	0	2	//발리언트장갑
481	-1	10	38	0	0	0	0	2	0	1	0	2	//글로리어스장갑
481	-1	7	24	0	0	0	0	2	0	1	0	2	//레드스피릿헬멧
481	-1	10	24	0	0	0	0	2	0	1	0	2	//레드스피릿장갑
481	-1	11	24	0	0	0	0	2	0	1	0	2	//레드스피릿부츠
481	-1	10	21	0	0	0	0	2	0	1	0	2	//그레이트드라곤장갑
//되살아난검투사 93		130											
482	-1	4	16	0	0	0	2	2	0	0	0	1474	//세인트크로스석궁
482	-1	4	17	0	0	0	2	2	0	0	0	1474	//홀리사이트보우
482	-1	0	16	0	0	0	2	2	0	0	0	1474	//파괴의검
482	-1	0	33	0	0	0	2	2	0	0	0	1474	//홀리스톰클로
482	-1	3	15	0	0	0	2	2	0	0	0	1474	//플루마랜스
482	-1	3	16	0	0	0	2	2	0	0	0	1474	//비스랜스
482	-1	3	10	0	0	0	2	2	0	0	0	1474	//드라곤스피어
482	-1	5	8	0	0	0	2	2	0	0	0	1474	//파멸의지팡이
482	-1	5	17	0	0	0	2	2	0	0	0	1474	//에이션트스틱
482	-1	2	10	0	0	0	2	2	0	0	0	1474	//그레이트셉터
482	-1	2	7	0	0	0	2	2	0	0	0	1474	//엘리멘탈메이스
482	-1	6	32	0	0	0	2	2	0	0	0	1474	//비스실드
482	-1	8	26	0	0	0	0	2	0	0	0	1474	//다크소울갑옷
482	-1	8	93	0	0	0	0	2	0	0	0	1474	//프린시갑옷
482	-1	8	34	0	0	0	0	2	0	0	0	1474	//애쉬크로우갑옷
482	-1	8	35	0	0	0	0	2	0	0	0	1474	//이클립스갑옷
482	-1	8	36	0	0	0	0	2	0	0	0	1474	//아이리스갑옷
482	-1	8	41	0	0	0	0	2	0	0	0	1474	//에이션트갑옷
482	-1	8	60	0	0	0	0	2	0	0	0	1474	//스톰자하드갑옷
482	-1	9	60	0	0	0	0	2	0	0	0	1474	//스톰자하드바지
482	-1	8	15	0	0	0	0	2	0	0	0	1474	//아틀란스갑옷
482	-1	7	18	0	0	0	0	2	0	0	0	1474	//그랜드소울헬멧
482	-1	8	18	0	0	0	0	2	0	0	0	1474	//그랜드소울갑옷
482	-1	9	18	0	0	0	0	2	0	0	0	1474	//그랜드소울바지
482	-1	11	18	0	0	0	0	2	0	0	0	1474	//그랜드소울부츠
482	-1	7	42	0	0	0	0	2	0	0	0	1474	//데모닉헬멧
482	-1	8	42	0	0	0	0	2	0	0	0	1474	//데모닉갑옷
482	-1	9	42	0	0	0	0	2	0	0	0	1474	//데모닉바지
482	-1	11	42	0	0	0	0	2	0	0	0	1474	//데모닉부츠
482	-1	7	19	0	0	0	0	2	0	0	0	1474	//홀리스프릿헬멧
482	-1	8	19	0	0	0	0	2	0	0	0	1474	//홀리스프릿갑옷
482	-1	9	19	0	0	0	0	2	0	0	0	1474	//홀리스프릿바지
482	-1	11	19	0	0	0	0	2	0	0	0	1474	//홀리스프릿부츠
482	-1	7	27	0	0	0	0	2	0	0	0	1474	//다크브리즌마스크
482	-1	10	27	0	0	0	0	2	0	0	0	1474	//다크브리즌장갑
482	-1	9	27	0	0	0	0	2	0	0	0	1474	//다크브리즌바지
482	-1	11	27	0	0	0	0	2	0	0	0	1474	//다크브리즌부츠
482	-1	7	16	0	0	0	0	2	0	0	0	1474	//블랙드라곤투구
482	-1	10	16	0	0	0	0	2	0	0	0	1474	//블랙드라곤장갑
482	-1	11	16	0	0	0	0	2	0	0	0	1474	//블랙드라곤부츠
482	-1	7	94	0	0	0	0	2	0	0	0	1474	//히라트헬멧
482	-1	10	94	0	0	0	0	2	0	0	0	1474	//히라트장갑
482	-1	11	94	0	0	0	0	2	0	0	0	1474	//히라트부츠
482	-1	7	95	0	0	0	0	2	0	0	0	1474	//세이트헬멧
482	-1	10	95	0	0	0	0	2	0	0	0	1474	//세이트장갑
482	-1	11	95	0	0	0	0	2	0	0	0	1474	//세이트부츠
482	-1	7	61	0	0	0	0	2	0	0	0	1474	//피어싱그로브투구
482	-1	11	61	0	0	0	0	2	0	0	0	1474	//피어싱그로브부츠
482	-1	8	16	0	0	0	0	2	0	0	0	1474	//블랙드라곤갑옷
482	-1	9	16	0	0	0	0	2	0	0	0	1474	//블랙드라곤바지
482	-1	10	24	0	0	0	0	2	0	0	0	1474	//레드스피릿장갑
482	-1	7	24	0	0	0	0	2	0	0	0	1474	//레드스피릿헬멧
482	-1	11	24	0	0	0	0	2	0	0	0	1474	//레드스피릿부츠
482	-1	7	17	0	0	0	0	2	0	0	0	1474	//다크피닉스투구
482	-1	10	17	0	0	0	0	2	0	0	0	1474	//다크피닉스장갑
482	-1	11	17	0	0	0	0	2	0	0	0	1474	//다크피닉스부츠
482	-1	10	22	0	0	0	0	2	0	0	0	1474	//블랙소울장갑
482	-1	10	20	0	0	0	0	2	0	0	0	1474	//선더호크장갑
482	-1	11	20	0	0	0	0	2	0	0	0	1474	//선더호크부츠
482	-1	10	28	0	0	0	0	2	0	0	0	1474	//다크마스터장갑
482	-1	10	37	0	0	0	0	2	0	0	0	1474	//발리언트장갑
482	-1	10	38	0	0	0	0	2	0	0	0	1474	//글로리어스장갑
//482	-1	12	72	0	0	0	0	0	0	0	0	1500	//스피어(트리)
//되살아난검투사 엑설런트													
482	-1	4	32	0	0	0	0	2	0	1	0	2	//전투화살통
482	-1	1	8	0	0	0	0	2	0	1	0	2	//반월도끼
482	-1	2	4	0	0	0	0	2	0	1	0	2	//크리스탈모닝스타
482	-1	4	5	0	0	0	0	2	0	1	0	2	//실버보우
482	-1	4	13	0	0	0	0	2	0	1	0	2	//블루윙석궁
482	-1	0	15	0	0	0	0	2	0	1	0	2	//거대한검
482	-1	0	32	0	0	0	0	2	0	1	0	2	//세크리드글러브
482	-1	0	12	0	0	0	0	2	0	1	0	2	//태양검
482	-1	0	14	0	0	0	0	2	0	1	0	2	//번개검
482	-1	3	9	0	0	0	0	2	0	1	0	2	//발록의낫
482	-1	3	8	0	0	0	0	2	0	1	0	2	//그레이트사이드
482	-1	3	14	0	0	0	0	2	0	1	0	2	//콘모시온랜스
482	-1	3	18	0	0	0	0	2	0	1	0	2	//알라크란랜스
482	-1	5	4	0	0	0	0	2	0	1	0	2	//고르곤지팡이
482	-1	5	5	0	0	0	0	2	0	1	0	2	//전설의지팡이
482	-1	5	16	0	0	0	0	2	0	1	0	2	//레드윙스틱
482	-1	5	21	0	0	0	0	2	0	1	0	2	//사아무트의서
482	-1	5	22	0	0	0	0	2	0	1	0	2	//닐의서
482	-1	5	23	0	0	0	0	2	0	1	0	2	//라글의서
482	-1	2	8	0	0	0	0	2	0	1	0	2	//배틀셉터
482	-1	6	12	0	0	0	0	2	0	1	0	2	//브론즈방패
482	-1	6	13	0	0	0	0	2	0	1	0	2	//드라곤방패
482	-1	6	16	0	0	0	0	2	0	1	0	2	//엘리멘탈방패
482	-1	7	92	0	0	0	0	2	0	1	0	2	//그루힐헬멧
482	-1	8	92	0	0	0	0	2	0	1	0	2	//그루힐갑옷
482	-1	9	92	0	0	0	0	2	0	1	0	2	//그루힐바지
482	-1	8	25	0	0	0	0	2	0	1	0	2	//라운드갑옷
482	-1	9	25	0	0	0	0	2	0	1	0	2	//라운드바지
482	-1	7	3	0	0	0	0	2	0	1	0	2	//전설의헬멧
482	-1	8	3	0	0	0	0	2	0	1	0	2	//전설의갑옷
482	-1	9	3	0	0	0	0	2	0	1	0	2	//전설의바지
482	-1	7	40	0	0	0	0	2	0	1	0	2	//레드윙헬멧
482	-1	8	40	0	0	0	0	2	0	1	0	2	//레드윙갑옷
482	-1	9	40	0	0	0	0	2	0	1	0	2	//레드윙바지
482	-1	7	59	0	0	0	0	2	0	1	0	2	//세크리드파이어투구
482	-1	8	59	0	0	0	0	2	0	1	0	2	//세크리드파이어갑옷
482	-1	9	59	0	0	0	0	2	0	1	0	2	//세크리드파이어바지
482	-1	11	59	0	0	0	0	2	0	1	0	2	//세크리드파이어부츠
482	-1	7	14	0	0	0	0	2	0	1	0	2	//수호헬멧
482	-1	8	14	0	0	0	0	2	0	1	0	2	//수호갑옷
482	-1	10	14	0	0	0	0	2	0	1	0	2	//수호장갑
482	-1	9	14	0	0	0	0	2	0	1	0	2	//수호바지
482	-1	11	14	0	0	0	0	2	0	1	0	2	//수호부츠
482	-1	7	1	0	0	0	0	2	0	1	0	2	//드라곤투구
482	-1	8	1	0	0	0	0	2	0	1	0	2	//드라곤갑옷
482	-1	10	1	0	0	0	0	2	0	1	0	2	//드라곤장갑
482	-1	9	1	0	0	0	0	2	0	1	0	2	//드라곤바지
482	-1	11	1	0	0	0	0	2	0	1	0	2	//드라곤부츠
482	-1	7	26	0	0	0	0	2	0	1	0	2	//다크소울마스크
482	-1	10	26	0	0	0	0	2	0	1	0	2	//다크소울장갑
482	-1	11	26	0	0	0	0	2	0	1	0	2	//다크소울부츠
482	-1	10	93	0	0	0	0	2	0	1	0	2	//프린시장갑
482	-1	11	93	0	0	0	0	2	0	1	0	2	//프린시부츠
482	-1	7	34	0	0	0	0	2	0	1	0	2	//애쉬크로우헬멧
482	-1	10	34	0	0	0	0	2	0	1	0	2	//애쉬크로우장갑
482	-1	11	34	0	0	0	0	2	0	1	0	2	//애쉬크로우부츠
482	-1	7	35	0	0	0	0	2	0	1	0	2	//이클립스헬멧
482	-1	10	35	0	0	0	0	2	0	1	0	2	//이클립스장갑
482	-1	11	35	0	0	0	0	2	0	1	0	2	//이클립스부츠
482	-1	7	36	0	0	0	0	2	0	1	0	2	//아이리스헬멧
482	-1	10	36	0	0	0	0	2	0	1	0	2	//아이리스장갑
482	-1	11	36	0	0	0	0	2	0	1	0	2	//아이리스부츠
482	-1	7	41	0	0	0	0	2	0	1	0	2	//에이션트헬멧
482	-1	10	41	0	0	0	0	2	0	1	0	2	//에이션트장갑
482	-1	11	41	0	0	0	0	2	0	1	0	2	//에이션트부츠
482	-1	11	60	0	0	0	0	2	0	1	0	2	//스톰자하드부츠
//되살아난검투사 121													130
483	-1	4	22	0	0	0	2	2	0	0	0	10460	//알바트로스보우
483	-1	0	17	0	0	0	2	2	0	0	0	10460	//다크브레이커
483	-1	0	18	0	0	0	2	2	0	0	0	10460	//선더블레이드
483	-1	0	24	0	0	0	2	2	0	0	0	10460	//데이브레이크
483	-1	0	25	0	0	0	2	2	0	0	0	10460	//소드댄서
483	-1	0	34	0	0	0	2	2	0	0	0	10460	//피어싱블레이드글러브
483	-1	5	13	0	0	0	2	2	0	0	0	10460	//플라티나윙스태프
483	-1	2	15	0	0	0	2	2	0	0	0	10460	//샤이닝셉터
483	-1	8	38	0	0	0	0	2	0	0	0	10460	//글로리어스갑옷
483	-1	7	21	0	0	0	0	2	0	0	0	10460	//그레이트드라곤투구
483	-1	9	21	0	0	0	0	2	0	0	0	10460	//그레이트드라곤바지
483	-1	8	37	0	0	0	0	2	0	0	0	10460	//발리언트갑옷
483	-1	8	20	0	0	0	0	2	0	0	0	10460	//선더호크갑옷
483	-1	8	24	0	0	0	0	2	0	0	0	10460	//레드스피릿갑옷
483	-1	11	23	0	0	0	0	2	0	0	0	10460	//아스릴부츠
483	-1	7	28	0	0	0	0	2	0	0	0	10460	//다크마스터마스크
483	-1	8	28	0	0	0	0	2	0	0	0	10460	//다크마스터갑옷
483	-1	9	28	0	0	0	0	2	0	0	0	10460	//다크마스터바지
483	-1	7	22	0	0	0	0	2	0	0	0	10460	//블랙소울헬멧
483	-1	9	22	0	0	0	0	2	0	0	0	10460	//블랙소울바지
//483	-1	12	72	0	0	0	0	0	0	0	0	1500	//스피어(트리)
//되살아난검투사 엑설런트													
483	-1	2	7	0	0	0	0	2	0	1	0	2	//엘리멘탈메이스
483	-1	4	16	0	0	0	0	2	0	1	0	2	//세인트크로스석궁
483	-1	4	17	0	0	0	0	2	0	1	0	2	//홀리사이트보우
483	-1	0	16	0	0	0	0	2	0	1	0	2	//파괴의검
483	-1	0	33	0	0	0	0	2	0	1	0	2	//홀리스톰클로
483	-1	3	15	0	0	0	0	2	0	1	0	2	//플루마랜스
483	-1	3	16	0	0	0	0	2	0	1	0	2	//비스랜스
483	-1	3	10	0	0	0	0	2	0	1	0	2	//드라곤스피어
483	-1	5	8	0	0	0	0	2	0	1	0	2	//파멸의지팡이
483	-1	5	17	0	0	0	0	2	0	1	0	2	//에이션트스틱
483	-1	2	10	0	0	0	0	2	0	1	0	2	//그레이트셉터
483	-1	8	26	0	0	0	0	2	0	1	0	2	//다크소울갑옷
483	-1	8	93	0	0	0	0	2	0	1	0	2	//프린시갑옷
483	-1	8	60	0	0	0	0	2	0	1	0	2	//스톰자하드갑옷
483	-1	9	60	0	0	0	0	2	0	1	0	2	//스톰자하드바지
483	-1	8	15	0	0	0	0	2	0	1	0	2	//아틀란스갑옷
483	-1	7	18	0	0	0	0	2	0	1	0	2	//그랜드소울헬멧
483	-1	8	18	0	0	0	0	2	0	1	0	2	//그랜드소울갑옷
483	-1	9	18	0	0	0	0	2	0	1	0	2	//그랜드소울바지
483	-1	7	42	0	0	0	0	2	0	1	0	2	//데모닉헬멧
483	-1	8	42	0	0	0	0	2	0	1	0	2	//데모닉갑옷
483	-1	9	42	0	0	0	0	2	0	1	0	2	//데모닉바지
483	-1	7	19	0	0	0	0	2	0	1	0	2	//홀리스프릿헬멧
483	-1	8	19	0	0	0	0	2	0	1	0	2	//홀리스프릿갑옷
483	-1	9	19	0	0	0	0	2	0	1	0	2	//홀리스프릿바지
483	-1	7	27	0	0	0	0	2	0	1	0	2	//다크브리즌마스크
483	-1	8	27	0	0	0	0	2	0	1	0	2	//다크브리즌갑옷
483	-1	9	27	0	0	0	0	2	0	1	0	2	//다크브리즌바지
483	-1	11	27	0	0	0	0	2	0	1	0	2	//다크브리즌부츠
483	-1	7	16	0	0	0	0	2	0	1	0	2	//블랙드라곤투구
483	-1	8	16	0	0	0	0	2	0	1	0	2	//블랙드라곤갑옷
483	-1	9	16	0	0	0	0	2	0	1	0	2	//블랙드라곤바지
483	-1	11	16	0	0	0	0	2	0	1	0	2	//블랙드라곤부츠
483	-1	7	94	0	0	0	0	2	0	1	0	2	//히라트헬멧
483	-1	10	94	0	0	0	0	2	0	1	0	2	//히라트장갑
483	-1	9	94	0	0	0	0	2	0	1	0	2	//히라트바지
483	-1	11	94	0	0	0	0	2	0	1	0	2	//히라트부츠
483	-1	7	95	0	0	0	0	2	0	1	0	2	//세이트헬멧
483	-1	10	95	0	0	0	0	2	0	1	0	2	//세이트장갑
483	-1	9	95	0	0	0	0	2	0	1	0	2	//세이트바지
483	-1	11	95	0	0	0	0	2	0	1	0	2	//세이트부츠
483	-1	7	61	0	0	0	0	2	0	1	0	2	//피어싱그로브투구
483	-1	9	61	0	0	0	0	2	0	1	0	2	//피어싱그로브바지
483	-1	11	61	0	0	0	0	2	0	1	0	2	//피어싱그로브부츠
483	-1	7	17	0	0	0	0	2	0	1	0	2	//다크피닉스투구
483	-1	10	17	0	0	0	0	2	0	1	0	2	//다크피닉스장갑
483	-1	9	17	0	0	0	0	2	0	1	0	2	//다크피닉스바지
483	-1	11	17	0	0	0	0	2	0	1	0	2	//다크피닉스부츠
483	-1	10	22	0	0	0	0	2	0	1	0	2	//블랙소울장갑
483	-1	11	22	0	0	0	0	2	0	1	0	2	//블랙소울부츠
483	-1	10	20	0	0	0	0	2	0	1	0	2	//선더호크장갑
483	-1	11	20	0	0	0	0	2	0	1	0	2	//선더호크부츠
483	-1	10	28	0	0	0	0	2	0	1	0	2	//다크마스터장갑
483	-1	11	28	0	0	0	0	2	0	1	0	2	//다크마스터부츠
483	-1	10	37	0	0	0	0	2	0	1	0	2	//발리언트장갑
483	-1	10	38	0	0	0	0	2	0	1	0	2	//글로리어스장갑
483	-1	10	24	0	0	0	0	2	0	1	0	2	//레드스피릿장갑
483	-1	11	24	0	0	0	0	2	0	1	0	2	//레드스피릿부츠
483	-1	10	21	0	0	0	0	2	0	1	0	2	//그레이트드라곤장갑
//잿더미도살자 100													
484	-1	2	7	0	0	0	2	2	0	0	0	2502	//엘리멘탈메이스
484	-1	4	16	0	0	0	2	2	0	0	0	2502	//세인트크로스석궁
484	-1	4	17	0	0	0	2	2	0	0	0	2502	//홀리사이트보우
484	-1	4	19	0	0	0	2	2	0	0	0	2502	//그레이트레인석궁
484	-1	0	16	0	0	0	2	2	0	0	0	2502	//파괴의검
484	-1	0	33	0	0	0	2	2	0	0	0	2502	//홀리스톰클로
484	-1	0	31	0	0	0	2	2	0	0	0	2502	//데스브로드
484	-1	3	15	0	0	0	2	2	0	0	0	2502	//플루마랜스
484	-1	3	16	0	0	0	2	2	0	0	0	2502	//비스랜스
484	-1	3	10	0	0	0	2	2	0	0	0	2502	//드라곤스피어
484	-1	5	8	0	0	0	2	2	0	0	0	2502	//파멸의지팡이
484	-1	5	9	0	0	0	2	2	0	0	0	2502	//드래곤소울지팡이
484	-1	5	18	0	0	0	2	2	0	0	0	2502	//데모닉스틱
484	-1	2	10	0	0	0	2	2	0	0	0	2502	//그레이트셉터
484	-1	2	11	0	0	0	2	2	0	0	0	2502	//로드셉터
484	-1	8	60	0	0	0	0	2	0	0	0	2502	//스톰자하드갑옷
484	-1	8	18	0	0	0	0	2	0	0	0	2502	//그랜드소울갑옷
484	-1	9	18	0	0	0	0	2	0	0	0	2502	//그랜드소울바지
484	-1	8	42	0	0	0	0	2	0	0	0	2502	//데모닉갑옷
484	-1	9	42	0	0	0	0	2	0	0	0	2502	//데모닉바지
484	-1	7	19	0	0	0	0	2	0	0	0	2502	//홀리스프릿헬멧
484	-1	8	19	0	0	0	0	2	0	0	0	2502	//홀리스프릿갑옷
484	-1	9	19	0	0	0	0	2	0	0	0	2502	//홀리스프릿바지
484	-1	7	27	0	0	0	0	2	0	0	0	2502	//다크브리즌마스크
484	-1	8	27	0	0	0	0	2	0	0	0	2502	//다크브리즌갑옷
484	-1	9	27	0	0	0	0	2	0	0	0	2502	//다크브리즌바지
484	-1	11	27	0	0	0	0	2	0	0	0	2502	//다크브리즌부츠
484	-1	7	16	0	0	0	0	2	0	0	0	2502	//블랙드라곤투구
484	-1	8	16	0	0	0	0	2	0	0	0	2502	//블랙드라곤갑옷
484	-1	9	16	0	0	0	0	2	0	0	0	2502	//블랙드라곤바지
484	-1	7	94	0	0	0	0	2	0	0	0	2502	//히라트헬멧
484	-1	9	94	0	0	0	0	2	0	0	0	2502	//히라트바지
484	-1	11	94	0	0	0	0	2	0	0	0	2502	//히라트부츠
484	-1	7	95	0	0	0	0	2	0	0	0	2502	//세이트헬멧
484	-1	9	95	0	0	0	0	2	0	0	0	2502	//세이트바지
484	-1	11	95	0	0	0	0	2	0	0	0	2502	//세이트부츠
484	-1	7	61	0	0	0	0	2	0	0	0	2502	//피어싱그로브투구
484	-1	9	61	0	0	0	0	2	0	0	0	2502	//피어싱그로브바지
484	-1	11	61	0	0	0	0	2	0	0	0	2502	//피어싱그로브부츠
484	-1	7	24	0	0	0	0	2	0	0	0	2502	//레드스프릿헬멧
484	-1	10	24	0	0	0	0	2	0	0	0	2502	//레드스프릿장갑
484	-1	9	24	0	0	0	0	2	0	0	0	2502	//레드스프릿바지
484	-1	11	24	0	0	0	0	2	0	0	0	2502	//레드스프릿부츠
484	-1	7	17	0	0	0	0	2	0	0	0	2502	//다크피닉스투구
484	-1	8	17	0	0	0	0	2	0	0	0	2502	//다크피닉스갑옷
484	-1	10	17	0	0	0	0	2	0	0	0	2502	//다크피닉스장갑
484	-1	9	17	0	0	0	0	2	0	0	0	2502	//다크피닉스바지
484	-1	11	17	0	0	0	0	2	0	0	0	2502	//다크피닉스부츠
484	-1	10	22	0	0	0	0	2	0	0	0	2502	//블랙소울장갑
484	-1	11	22	0	0	0	0	2	0	0	0	2502	//블랙소울부츠
484	-1	10	20	0	0	0	0	2	0	0	0	2502	//선더호크장갑
484	-1	9	20	0	0	0	0	2	0	0	0	2502	//선더호크바지
484	-1	11	20	0	0	0	0	2	0	0	0	2502	//선더호크부츠
484	-1	10	28	0	0	0	0	2	0	0	0	2502	//다크마스터장갑
484	-1	11	28	0	0	0	0	2	0	0	0	2502	//다크마스터부츠
484	-1	10	37	0	0	0	0	2	0	0	0	2502	//발리언트장갑
484	-1	11	37	0	0	0	0	2	0	0	0	2502	//발리언트부츠
484	-1	7	38	0	0	0	0	2	0	0	0	2502	//글로리어스마스크
484	-1	10	38	0	0	0	0	2	0	0	0	2502	//글로리어스장갑
484	-1	11	38	0	0	0	0	2	0	0	0	2502	//글로리어스부츠
484	-1	10	21	0	0	0	0	2	0	0	0	2502	//그레이트드라곤장갑
484	-1	11	21	0	0	0	0	2	0	0	0	2502	//그레이트드라곤부츠
//484	-1	12	72	0	0	0	0	0	0	0	0	1500	//스피어(트리)
//잿더미도살자 엑설런트													
484	-1	2	4	0	0	0	0	2	0	1	0	2	//크리스탈모닝스타
484	-1	4	13	0	0	0	0	2	0	1	0	2	//블루윙석궁
484	-1	4	14	0	0	0	0	2	0	1	0	2	//아쿠아골드석궁
484	-1	0	14	0	0	0	0	2	0	1	0	2	//번개검
484	-1	2	5	0	0	0	0	2	0	1	0	2	//크리스탈검
484	-1	3	9	0	0	0	0	2	0	1	0	2	//발록의낫
484	-1	3	14	0	0	0	0	2	0	1	0	2	//콘모시온랜스
484	-1	3	18	0	0	0	0	2	0	1	0	2	//알라크란랜스
484	-1	5	5	0	0	0	0	2	0	1	0	2	//전설의지팡이
484	-1	5	6	0	0	0	0	2	0	1	0	2	//부활의지팡이
484	-1	5	16	0	0	0	0	2	0	1	0	2	//레드윙스틱
484	-1	5	22	0	0	0	0	2	0	1	0	2	//닐의서
484	-1	5	23	0	0	0	0	2	0	1	0	2	//라글의서
484	-1	2	9	0	0	0	0	2	0	1	0	2	//마스터셉터
484	-1	6	13	0	0	0	0	2	0	1	0	2	//드라곤방패
484	-1	6	16	0	0	0	0	2	0	1	0	2	//엘리멘탈방패
484	-1	6	21	0	0	0	0	2	0	1	0	2	//크로스실드
484	-1	6	30	0	0	0	0	2	0	1	0	2	//플루마실드
484	-1	6	15	0	0	0	0	2	0	1	0	2	//그랜드소울방패
484	-1	6	32	0	0	0	0	2	0	1	0	2	//비스실드
484	-1	8	92	0	0	0	0	2	0	1	0	2	//그루힐갑옷
484	-1	8	25	0	0	0	0	2	0	1	0	2	//라운드갑옷
484	-1	8	59	0	0	0	0	2	0	1	0	2	//세크리드파이어갑옷
484	-1	9	59	0	0	0	0	2	0	1	0	2	//세크리드파이어바지
484	-1	8	14	0	0	0	0	2	0	1	0	2	//수호갑옷
484	-1	7	1	0	0	0	0	2	0	1	0	2	//드라곤투구
484	-1	8	1	0	0	0	0	2	0	1	0	2	//드라곤갑옷
484	-1	7	26	0	0	0	0	2	0	1	0	2	//다크소울마스크
484	-1	10	26	0	0	0	0	2	0	1	0	2	//다크소울장갑
484	-1	9	26	0	0	0	0	2	0	1	0	2	//다크소울바지
484	-1	11	26	0	0	0	0	2	0	1	0	2	//다크소울부츠
484	-1	7	93	0	0	0	0	2	0	1	0	2	//프린시헬멧
484	-1	10	93	0	0	0	0	2	0	1	0	2	//프린시장갑
484	-1	9	93	0	0	0	0	2	0	1	0	2	//프린시바지
484	-1	11	93	0	0	0	0	2	0	1	0	2	//프린시부츠
484	-1	7	34	0	0	0	0	2	0	1	0	2	//애쉬크로우헬멧
484	-1	8	34	0	0	0	0	2	0	1	0	2	//애쉬크로우갑옷
484	-1	10	34	0	0	0	0	2	0	1	0	2	//애쉬크로우장갑
484	-1	9	34	0	0	0	0	2	0	1	0	2	//애쉬크로우바지
484	-1	11	34	0	0	0	0	2	0	1	0	2	//애쉬크로우부츠
484	-1	7	35	0	0	0	0	2	0	1	0	2	//이클립스헬멧
484	-1	8	35	0	0	0	0	2	0	1	0	2	//이클립스갑옷
484	-1	10	35	0	0	0	0	2	0	1	0	2	//이클립스장갑
484	-1	9	35	0	0	0	0	2	0	1	0	2	//이클립스바지
484	-1	11	35	0	0	0	0	2	0	1	0	2	//이클립스부츠
484	-1	7	36	0	0	0	0	2	0	1	0	2	//아이리스헬멧
484	-1	8	36	0	0	0	0	2	0	1	0	2	//아이리스갑옷
484	-1	10	36	0	0	0	0	2	0	1	0	2	//아이리스장갑
484	-1	9	36	0	0	0	0	2	0	1	0	2	//아이리스바지
484	-1	11	36	0	0	0	0	2	0	1	0	2	//아이리스부츠
484	-1	7	41	0	0	0	0	2	0	1	0	2	//에이션트헬멧
484	-1	8	41	0	0	0	0	2	0	1	0	2	//에이션트갑옷
484	-1	10	41	0	0	0	0	2	0	1	0	2	//에이션트장갑
484	-1	9	41	0	0	0	0	2	0	1	0	2	//에이션트바지
484	-1	11	41	0	0	0	0	2	0	1	0	2	//에이션트부츠
484	-1	7	60	0	0	0	0	2	0	1	0	2	//스톰자하드투구
484	-1	11	60	0	0	0	0	2	0	1	0	2	//스톰자하드부츠
484	-1	10	15	0	0	0	0	2	0	1	0	2	//아틀란스장갑
484	-1	9	15	0	0	0	0	2	0	1	0	2	//아틀란스바지
484	-1	11	15	0	0	0	0	2	0	1	0	2	//아틀란스부츠
484	-1	10	18	0	0	0	0	2	0	1	0	2	//그랜드소울장갑
484	-1	10	42	0	0	0	0	2	0	1	0	2	//데모닉장갑
484	-1	10	19	0	0	0	0	2	0	1	0	2	//홀리스프릿장갑
484	-1	10	27	0	0	0	0	2	0	1	0	2	//다크브리즌장갑
//잿더미도살자 122													130
485	-1	4	22	0	0	0	2	2	0	0	0	10055	//알바트로스보우
485	-1	0	17	0	0	0	2	2	0	0	0	10055	//다크브레이커
485	-1	0	18	0	0	0	2	2	0	0	0	10055	//선더블레이드
485	-1	0	24	0	0	0	2	2	0	0	0	10055	//데이브레이크
485	-1	0	25	0	0	0	2	2	0	0	0	10055	//소드댄서
485	-1	0	34	0	0	0	2	2	0	0	0	10055	//피어싱블레이드글러브
485	-1	5	13	0	0	0	2	2	0	0	0	10055	//플라티나윙스태프
485	-1	2	15	0	0	0	2	2	0	0	0	10055	//샤이닝셉터
485	-1	8	38	0	0	0	0	2	0	0	0	10055	//글로리어스갑옷
485	-1	7	21	0	0	0	0	2	0	0	0	10055	//그레이트드라곤투구
485	-1	9	21	0	0	0	0	2	0	0	0	10055	//그레이트드라곤바지
485	-1	8	37	0	0	0	0	2	0	0	0	10055	//발리언트갑옷
485	-1	8	20	0	0	0	0	2	0	0	0	10055	//선더호크갑옷
485	-1	8	24	0	0	0	0	2	0	0	0	10055	//레드스피릿갑옷
485	-1	9	23	0	0	0	0	2	0	0	0	10055	//아스릴바지
485	-1	11	23	0	0	0	0	2	0	0	0	10055	//아스릴부츠
485	-1	7	28	0	0	0	0	2	0	0	0	10055	//다크마스터마스크
485	-1	8	28	0	0	0	0	2	0	0	0	10055	//다크마스터갑옷
485	-1	9	28	0	0	0	0	2	0	0	0	10055	//다크마스터바지
485	-1	7	22	0	0	0	0	2	0	0	0	10055	//블랙소울헬멧
485	-1	8	22	0	0	0	0	2	0	0	0	10055	//블랙소울갑옷
485	-1	9	22	0	0	0	0	2	0	0	0	10055	//블랙소울바지
//485	-1	12	72	0	0	0	0	0	0	0	0	1500	//스피어(트리)
//잿더미도살자 엑설런트													
485	-1	2	7	0	0	0	0	2	0	1	0	2	//엘리멘탈메이스
485	-1	4	16	0	0	0	0	2	0	1	0	2	//세인트크로스석궁
485	-1	4	17	0	0	0	0	2	0	1	0	2	//홀리사이트보우
485	-1	0	16	0	0	0	0	2	0	1	0	2	//파괴의검
485	-1	0	33	0	0	0	0	2	0	1	0	2	//홀리스톰클로
485	-1	3	15	0	0	0	0	2	0	1	0	2	//플루마랜스
485	-1	3	16	0	0	0	0	2	0	1	0	2	//비스랜스
485	-1	3	10	0	0	0	0	2	0	1	0	2	//드라곤스피어
485	-1	5	8	0	0	0	0	2	0	1	0	2	//파멸의지팡이
485	-1	2	10	0	0	0	0	2	0	1	0	2	//그레이트셉터
485	-1	8	93	0	0	0	0	2	0	1	0	2	//프린시갑옷
485	-1	8	60	0	0	0	0	2	0	1	0	2	//스톰자하드갑옷
485	-1	8	15	0	0	0	0	2	0	1	0	2	//아틀란스갑옷
485	-1	7	18	0	0	0	0	2	0	1	0	2	//그랜드소울헬멧
485	-1	8	18	0	0	0	0	2	0	1	0	2	//그랜드소울갑옷
485	-1	9	18	0	0	0	0	2	0	1	0	2	//그랜드소울바지
485	-1	7	42	0	0	0	0	2	0	1	0	2	//데모닉헬멧
485	-1	8	42	0	0	0	0	2	0	1	0	2	//데모닉갑옷
485	-1	9	42	0	0	0	0	2	0	1	0	2	//데모닉바지
485	-1	7	19	0	0	0	0	2	0	1	0	2	//홀리스프릿헬멧
485	-1	8	19	0	0	0	0	2	0	1	0	2	//홀리스프릿갑옷
485	-1	9	19	0	0	0	0	2	0	1	0	2	//홀리스프릿바지
485	-1	7	27	0	0	0	0	2	0	1	0	2	//다크브리즌마스크
485	-1	8	27	0	0	0	0	2	0	1	0	2	//다크브리즌갑옷
485	-1	9	27	0	0	0	0	2	0	1	0	2	//다크브리즌바지
485	-1	11	27	0	0	0	0	2	0	1	0	2	//다크브리즌부츠
485	-1	7	16	0	0	0	0	2	0	1	0	2	//블랙드라곤투구
485	-1	8	16	0	0	0	0	2	0	1	0	2	//블랙드라곤갑옷
485	-1	9	16	0	0	0	0	2	0	1	0	2	//블랙드라곤바지
485	-1	7	94	0	0	0	0	2	0	1	0	2	//히라트헬멧
485	-1	10	94	0	0	0	0	2	0	1	0	2	//히라트장갑
485	-1	9	94	0	0	0	0	2	0	1	0	2	//히라트바지
485	-1	11	94	0	0	0	0	2	0	1	0	2	//히라트부츠
485	-1	7	95	0	0	0	0	2	0	1	0	2	//세이트헬멧
485	-1	10	95	0	0	0	0	2	0	1	0	2	//세이트장갑
485	-1	9	95	0	0	0	0	2	0	1	0	2	//세이트바지
485	-1	11	95	0	0	0	0	2	0	1	0	2	//세이트부츠
485	-1	7	61	0	0	0	0	2	0	1	0	2	//피어싱그로브투구
485	-1	9	61	0	0	0	0	2	0	1	0	2	//피어싱그로브바지
485	-1	11	61	0	0	0	0	2	0	1	0	2	//피어싱그로브부츠
485	-1	7	17	0	0	0	0	2	0	1	0	2	//다크피닉스투구
485	-1	10	17	0	0	0	0	2	0	1	0	2	//다크피닉스장갑
485	-1	9	17	0	0	0	0	2	0	1	0	2	//다크피닉스바지
485	-1	11	17	0	0	0	0	2	0	1	0	2	//다크피닉스부츠
485	-1	10	22	0	0	0	0	2	0	1	0	2	//블랙소울장갑
485	-1	11	22	0	0	0	0	2	0	1	0	2	//블랙소울부츠
485	-1	10	20	0	0	0	0	2	0	1	0	2	//선더호크장갑
485	-1	11	20	0	0	0	0	2	0	1	0	2	//선더호크부츠
485	-1	10	28	0	0	0	0	2	0	1	0	2	//다크마스터장갑
485	-1	11	28	0	0	0	0	2	0	1	0	2	//다크마스터부츠
485	-1	10	37	0	0	0	0	2	0	1	0	2	//발리언트장갑
485	-1	7	38	0	0	0	0	2	0	1	0	2	//글로리어스마스크
485	-1	10	38	0	0	0	0	2	0	1	0	2	//글로리어스장갑
485	-1	7	24	0	0	0	0	2	0	1	0	2	//레드스피릿헬멧
485	-1	10	24	0	0	0	0	2	0	1	0	2	//레드스피릿장갑
485	-1	11	24	0	0	0	0	2	0	1	0	2	//레드스피릿부츠
485	-1	10	21	0	0	0	0	2	0	1	0	2	//그레이트드라곤장갑
//잔혹한피의 암살자 109		130											
487	-1	4	17	0	0	0	2	2	0	0	0	4530	//홀리사이트보우
487	-1	4	19	0	0	0	2	2	0	0	0	4530	//그레이트레인석궁
487	-1	0	31	0	0	0	2	2	0	0	0	4530	//데스브로드
487	-1	0	17	0	0	0	2	2	0	0	0	4530	//다크브레이커
487	-1	0	18	0	0	0	2	2	0	0	0	4530	//선더블레이드
487	-1	0	34	0	0	0	2	2	0	0	0	4530	//피어싱블레이드글러브
487	-1	3	10	0	0	0	2	2	0	0	0	4530	//드라곤스피어
487	-1	5	9	0	0	0	2	2	0	0	0	4530	//드래곤소울지팡이
487	-1	5	18	0	0	0	2	2	0	0	0	4530	//데모닉스틱
487	-1	2	11	0	0	0	2	2	0	0	0	4530	//로드셉터
487	-1	8	18	0	0	0	0	2	0	0	0	4530	//그랜드소울갑옷
487	-1	8	42	0	0	0	0	2	0	0	0	4530	//데모닉갑옷
487	-1	8	19	0	0	0	0	2	0	0	0	4530	//홀리스프릿갑옷
487	-1	8	27	0	0	0	0	2	0	0	0	4530	//다크브리즌갑옷
487	-1	9	27	0	0	0	0	2	0	0	0	4530	//다크브리즌바지
487	-1	7	94	0	0	0	0	2	0	0	0	4530	//히라트헬멧
487	-1	8	94	0	0	0	0	2	0	0	0	4530	//히라트갑옷
487	-1	9	94	0	0	0	0	2	0	0	0	4530	//히라트바지
487	-1	7	95	0	0	0	0	2	0	0	0	4530	//세이트헬멧
487	-1	8	95	0	0	0	0	2	0	0	0	4530	//세이트갑옷
487	-1	9	95	0	0	0	0	2	0	0	0	4530	//세이트바지
487	-1	8	61	0	0	0	0	2	0	0	0	4530	//피어싱그로브갑옷
487	-1	9	61	0	0	0	0	2	0	0	0	4530	//피어싱그로브바지
487	-1	7	24	0	0	0	0	2	0	0	0	4530	//레드스프릿헬멧
487	-1	8	24	0	0	0	0	2	0	0	0	4530	//레드스프릿갑옷
487	-1	9	24	0	0	0	0	2	0	0	0	4530	//레드스프릿바지
487	-1	7	17	0	0	0	0	2	0	0	0	4530	//다크피닉스투구
487	-1	8	17	0	0	0	0	2	0	0	0	4530	//다크피닉스갑옷
487	-1	9	17	0	0	0	0	2	0	0	0	4530	//다크피닉스바지
487	-1	11	17	0	0	0	0	2	0	0	0	4530	//다크피닉스부츠
487	-1	11	22	0	0	0	0	2	0	0	0	4530	//블랙소울부츠
487	-1	8	20	0	0	0	0	2	0	0	0	4530	//선더호크갑옷
487	-1	9	20	0	0	0	0	2	0	0	0	4530	//선더호크바지
487	-1	11	20	0	0	0	0	2	0	0	0	4530	//선더호크부츠
487	-1	7	28	0	0	0	0	2	0	0	0	4530	//다크마스터마스크
487	-1	11	28	0	0	0	0	2	0	0	0	4530	//다크마스터부츠
487	-1	8	37	0	0	0	0	2	0	0	0	4530	//발리언트갑옷
487	-1	10	37	0	0	0	0	2	0	0	0	4530	//발리언트장갑
487	-1	9	37	0	0	0	0	2	0	0	0	4530	//발리언트바지
487	-1	11	37	0	0	0	0	2	0	0	0	4530	//발리언트부츠
487	-1	7	38	0	0	0	0	2	0	0	0	4530	//글로리어스마스크
487	-1	8	38	0	0	0	0	2	0	0	0	4530	//글로리어스갑옷
487	-1	10	38	0	0	0	0	2	0	0	0	4530	//글로리어스장갑
487	-1	9	38	0	0	0	0	2	0	0	0	4530	//글로리어스바지
487	-1	11	38	0	0	0	0	2	0	0	0	4530	//글로리어스부츠
487	-1	7	21	0	0	0	0	2	0	0	0	4530	//그레이트드라곤투구
487	-1	10	21	0	0	0	0	2	0	0	0	4530	//그레이트드라곤장갑
487	-1	11	21	0	0	0	0	2	0	0	0	4530	//그레이트드라곤부츠
487	-1	10	23	0	0	0	0	2	0	0	0	4530	//아스릴장갑
//487	-1	12	72	0	0	0	0	0	0	0	0	1500	//스피어(트리)
//잔혹한피의 암살자 엑설런트													
487	-1	2	4	0	0	0	0	2	0	1	0	2	//크리스탈모닝스타
487	-1	4	13	0	0	0	0	2	0	1	0	2	//블루윙석궁
487	-1	4	14	0	0	0	0	2	0	1	0	2	//아쿠아골드석궁
487	-1	4	16	0	0	0	0	2	0	1	0	2	//세인트크로스석궁
487	-1	2	5	0	0	0	0	2	0	1	0	2	//크리스탈검
487	-1	0	16	0	0	0	0	2	0	1	0	2	//파괴의검
487	-1	0	33	0	0	0	0	2	0	1	0	2	//홀리스톰클로
487	-1	3	18	0	0	0	0	2	0	1	0	2	//알라크란랜스
487	-1	5	6	0	0	0	0	2	0	1	0	2	//부활의지팡이
487	-1	5	17	0	0	0	0	2	0	1	0	2	//에이션트스틱
487	-1	2	9	0	0	0	0	2	0	1	0	2	//마스터셉터
487	-1	2	10	0	0	0	0	2	0	1	0	2	//그레이트셉터
487	-1	6	16	0	0	0	0	2	0	1	0	2	//엘리멘탈방패
487	-1	6	21	0	0	0	0	2	0	1	0	2	//크로스실드
487	-1	6	30	0	0	0	0	2	0	1	0	2	//플루마실드
487	-1	6	15	0	0	0	0	2	0	1	0	2	//그랜드소울방패
487	-1	6	32	0	0	0	0	2	0	1	0	2	//비스실드
487	-1	8	59	0	0	0	0	2	0	1	0	2	//세크리드파이어갑옷
487	-1	7	26	0	0	0	0	2	0	1	0	2	//다크소울마스크
487	-1	8	26	0	0	0	0	2	0	1	0	2	//다크소울갑옷
487	-1	9	26	0	0	0	0	2	0	1	0	2	//다크소울바지
487	-1	7	93	0	0	0	0	2	0	1	0	2	//프린시헬멧
487	-1	8	93	0	0	0	0	2	0	1	0	2	//프린시갑옷
487	-1	9	93	0	0	0	0	2	0	1	0	2	//프린시바지
487	-1	7	34	0	0	0	0	2	0	1	0	2	//애쉬크로우헬멧
487	-1	8	34	0	0	0	0	2	0	1	0	2	//애쉬크로우갑옷
487	-1	9	34	0	0	0	0	2	0	1	0	2	//애쉬크로우바지
487	-1	11	34	0	0	0	0	2	0	1	0	2	//애쉬크로우부츠
487	-1	7	35	0	0	0	0	2	0	1	0	2	//이클립스헬멧
487	-1	8	35	0	0	0	0	2	0	1	0	2	//이클립스갑옷
487	-1	9	35	0	0	0	0	2	0	1	0	2	//이클립스바지
487	-1	11	35	0	0	0	0	2	0	1	0	2	//이클립스부츠
487	-1	7	36	0	0	0	0	2	0	1	0	2	//아이리스헬멧
487	-1	8	36	0	0	0	0	2	0	1	0	2	//아이리스갑옷
487	-1	9	36	0	0	0	0	2	0	1	0	2	//아이리스바지
487	-1	11	36	0	0	0	0	2	0	1	0	2	//아이리스부츠
487	-1	7	41	0	0	0	0	2	0	1	0	2	//에이션트헬멧
487	-1	8	41	0	0	0	0	2	0	1	0	2	//에이션트갑옷
487	-1	9	41	0	0	0	0	2	0	1	0	2	//에이션트바지
487	-1	7	60	0	0	0	0	2	0	1	0	2	//스톰자하드투구
487	-1	8	60	0	0	0	0	2	0	1	0	2	//스톰자하드갑옷
487	-1	9	60	0	0	0	0	2	0	1	0	2	//스톰자하드바지
487	-1	8	15	0	0	0	0	2	0	1	0	2	//아틀란스갑옷
487	-1	10	15	0	0	0	0	2	0	1	0	2	//아틀란스장갑
487	-1	9	15	0	0	0	0	2	0	1	0	2	//아틀란스바지
487	-1	11	15	0	0	0	0	2	0	1	0	2	//아틀란스부츠
487	-1	7	18	0	0	0	0	2	0	1	0	2	//그랜드소울헬멧
487	-1	10	18	0	0	0	0	2	0	1	0	2	//그랜드소울장갑
487	-1	11	18	0	0	0	0	2	0	1	0	2	//그랜드소울부츠
487	-1	7	42	0	0	0	0	2	0	1	0	2	//데모닉헬멧
487	-1	10	42	0	0	0	0	2	0	1	0	2	//데모닉장갑
487	-1	11	42	0	0	0	0	2	0	1	0	2	//데모닉부츠
487	-1	10	19	0	0	0	0	2	0	1	0	2	//홀리스프릿장갑
487	-1	10	27	0	0	0	0	2	0	1	0	2	//다크브리즌장갑
487	-1	11	27	0	0	0	0	2	0	1	0	2	//다크브리즌부츠
487	-1	7	16	0	0	0	0	2	0	1	0	2	//블랙드라곤투구
487	-1	10	16	0	0	0	0	2	0	1	0	2	//블랙드라곤장갑
487	-1	9	16	0	0	0	0	2	0	1	0	2	//블랙드라곤바지
487	-1	11	16	0	0	0	0	2	0	1	0	2	//블랙드라곤부츠
487	-1	10	94	0	0	0	0	2	0	1	0	2	//히라트장갑
487	-1	10	95	0	0	0	0	2	0	1	0	2	//세이트장갑
487	-1	11	61	0	0	0	0	2	0	1	0	2	//피어싱그로브부츠
487	-1	10	24	0	0	0	0	2	0	1	0	2	//레드스피릿장갑
//잔혹한피의 암살자 123													130
488	-1	4	22	0	0	0	2	2	0	0	0	11125	//알바트로스보우
488	-1	0	18	0	0	0	2	2	0	0	0	11125	//선더블레이드
488	-1	0	24	0	0	0	2	2	0	0	0	11125	//데이브레이크
488	-1	0	25	0	0	0	2	2	0	0	0	11125	//소드댄서
488	-1	0	34	0	0	0	2	2	0	0	0	11125	//피어싱블레이드글러브
488	-1	5	13	0	0	0	2	2	0	0	0	11125	//플라티나윙스태프
488	-1	2	15	0	0	0	2	2	0	0	0	11125	//샤이닝셉터
488	-1	8	38	0	0	0	0	2	0	0	0	11125	//글로리어스갑옷
488	-1	9	21	0	0	0	0	2	0	0	0	11125	//그레이트드라곤바지
488	-1	8	37	0	0	0	0	2	0	0	0	11125	//발리언트갑옷
488	-1	8	20	0	0	0	0	2	0	0	0	11125	//선더호크갑옷
488	-1	8	24	0	0	0	0	2	0	0	0	11125	//레드스피릿갑옷
488	-1	9	23	0	0	0	0	2	0	0	0	11125	//아스릴바지
488	-1	11	23	0	0	0	0	2	0	0	0	11125	//아스릴부츠
488	-1	7	28	0	0	0	0	2	0	0	0	11125	//다크마스터마스크
488	-1	8	28	0	0	0	0	2	0	0	0	11125	//다크마스터갑옷
488	-1	9	28	0	0	0	0	2	0	0	0	11125	//다크마스터바지
488	-1	7	22	0	0	0	0	2	0	0	0	11125	//블랙소울헬멧
488	-1	8	22	0	0	0	0	2	0	0	0	11125	//블랙소울갑옷
488	-1	9	22	0	0	0	0	2	0	0	0	11125	//블랙소울바지
//488	-1	12	72	0	0	0	0	0	0	0	0	1500	//스피어(트리)
//잔혹한피의 암살자 엑설런트													
488	-1	2	7	0	0	0	0	2	0	1	0	2	//엘리멘탈메이스
488	-1	4	16	0	0	0	0	2	0	1	0	2	//세인트크로스석궁
488	-1	4	17	0	0	0	0	2	0	1	0	2	//홀리사이트보우
488	-1	0	16	0	0	0	0	2	0	1	0	2	//파괴의검
488	-1	0	33	0	0	0	0	2	0	1	0	2	//홀리스톰클로
488	-1	3	15	0	0	0	0	2	0	1	0	2	//플루마랜스
488	-1	3	16	0	0	0	0	2	0	1	0	2	//비스랜스
488	-1	3	10	0	0	0	0	2	0	1	0	2	//드라곤스피어
488	-1	5	8	0	0	0	0	2	0	1	0	2	//파멸의지팡이
488	-1	2	10	0	0	0	0	2	0	1	0	2	//그레이트셉터
488	-1	2	11	0	0	0	0	2	0	1	0	2	//로드셉터
488	-1	8	93	0	0	0	0	2	0	1	0	2	//프린시갑옷
488	-1	8	60	0	0	0	0	2	0	1	0	2	//스톰자하드갑옷
488	-1	8	15	0	0	0	0	2	0	1	0	2	//아틀란스갑옷
488	-1	7	18	0	0	0	0	2	0	1	0	2	//그랜드소울헬멧
488	-1	8	18	0	0	0	0	2	0	1	0	2	//그랜드소울갑옷
488	-1	9	18	0	0	0	0	2	0	1	0	2	//그랜드소울바지
488	-1	7	42	0	0	0	0	2	0	1	0	2	//데모닉헬멧
488	-1	8	42	0	0	0	0	2	0	1	0	2	//데모닉갑옷
488	-1	9	42	0	0	0	0	2	0	1	0	2	//데모닉바지
488	-1	7	19	0	0	0	0	2	0	1	0	2	//홀리스프릿헬멧
488	-1	8	19	0	0	0	0	2	0	1	0	2	//홀리스프릿갑옷
488	-1	9	19	0	0	0	0	2	0	1	0	2	//홀리스프릿바지
488	-1	7	27	0	0	0	0	2	0	1	0	2	//다크브리즌마스크
488	-1	8	27	0	0	0	0	2	0	1	0	2	//다크브리즌갑옷
488	-1	9	27	0	0	0	0	2	0	1	0	2	//다크브리즌바지
488	-1	11	27	0	0	0	0	2	0	1	0	2	//다크브리즌부츠
488	-1	7	16	0	0	0	0	2	0	1	0	2	//블랙드라곤투구
488	-1	8	16	0	0	0	0	2	0	1	0	2	//블랙드라곤갑옷
488	-1	9	16	0	0	0	0	2	0	1	0	2	//블랙드라곤바지
488	-1	7	94	0	0	0	0	2	0	1	0	2	//히라트헬멧
488	-1	10	94	0	0	0	0	2	0	1	0	2	//히라트장갑
488	-1	9	94	0	0	0	0	2	0	1	0	2	//히라트바지
488	-1	11	94	0	0	0	0	2	0	1	0	2	//히라트부츠
488	-1	7	95	0	0	0	0	2	0	1	0	2	//세이트헬멧
488	-1	10	95	0	0	0	0	2	0	1	0	2	//세이트장갑
488	-1	9	95	0	0	0	0	2	0	1	0	2	//세이트바지
488	-1	11	95	0	0	0	0	2	0	1	0	2	//세이트부츠
488	-1	7	61	0	0	0	0	2	0	1	0	2	//피어싱그로브투구
488	-1	9	61	0	0	0	0	2	0	1	0	2	//피어싱그로브바지
488	-1	11	61	0	0	0	0	2	0	1	0	2	//피어싱그로브부츠
488	-1	7	17	0	0	0	0	2	0	1	0	2	//다크피닉스투구
488	-1	10	17	0	0	0	0	2	0	1	0	2	//다크피닉스장갑
488	-1	9	17	0	0	0	0	2	0	1	0	2	//다크피닉스바지
488	-1	11	17	0	0	0	0	2	0	1	0	2	//다크피닉스부츠
488	-1	10	22	0	0	0	0	2	0	1	0	2	//블랙소울장갑
488	-1	11	22	0	0	0	0	2	0	1	0	2	//블랙소울부츠
488	-1	10	20	0	0	0	0	2	0	1	0	2	//선더호크장갑
488	-1	11	20	0	0	0	0	2	0	1	0	2	//선더호크부츠
488	-1	10	28	0	0	0	0	2	0	1	0	2	//다크마스터장갑
488	-1	11	28	0	0	0	0	2	0	1	0	2	//다크마스터부츠
488	-1	10	37	0	0	0	0	2	0	1	0	2	//발리언트장갑
488	-1	11	37	0	0	0	0	2	0	1	0	2	//발리언트부츠
488	-1	7	38	0	0	0	0	2	0	1	0	2	//글로리어스마스크
488	-1	10	38	0	0	0	0	2	0	1	0	2	//글로리어스장갑
488	-1	11	38	0	0	0	0	2	0	1	0	2	//글로리어스부츠
488	-1	7	24	0	0	0	0	2	0	1	0	2	//레드스피릿헬멧
488	-1	10	24	0	0	0	0	2	0	1	0	2	//레드스피릿장갑
488	-1	11	24	0	0	0	0	2	0	1	0	2	//레드스피릿부츠
488	-1	11	21	0	0	0	0	2	0	1	0	2	//그레이트드라곤부츠
488	-1	10	21	0	0	0	0	2	0	1	0	2	//그레이트드라곤장갑
//포악한 용암 거인 113		130											
490	-1	4	19	0	0	0	2	2	0	0	0	3728	//그레이트레인석궁
490	-1	4	22	0	0	0	2	2	0	0	0	3728	//알바트로스보우
490	-1	0	31	0	0	0	2	2	0	0	0	3728	//데스브로드
490	-1	0	17	0	0	0	2	2	0	0	0	3728	//다크브레이커
490	-1	0	18	0	0	0	2	2	0	0	0	3728	//선더블레이드
490	-1	0	34	0	0	0	2	2	0	0	0	3728	//피어싱블레이드글러브
490	-1	5	9	0	0	0	2	2	0	0	0	3728	//드래곤소울지팡이
490	-1	5	13	0	0	0	2	2	0	0	0	3728	//플라티나윙스태프
490	-1	5	18	0	0	0	2	2	0	0	0	3728	//데모닉스틱
490	-1	2	11	0	0	0	2	2	0	0	0	3728	//로드셉터
490	-1	2	15	0	0	0	2	2	0	0	0	3728	//샤이닝셉터
490	-1	8	27	0	0	0	0	2	0	0	0	3728	//다크브리즌갑옷
490	-1	8	17	0	0	0	0	2	0	0	0	3728	//다크피닉스갑옷
490	-1	9	17	0	0	0	0	2	0	0	0	3728	//다크피닉스바지
490	-1	7	38	0	0	0	0	2	0	0	0	3728	//글로리어스마스크
490	-1	8	38	0	0	0	0	2	0	0	0	3728	//글로리어스갑옷
490	-1	9	38	0	0	0	0	2	0	0	0	3728	//글로리어스바지
490	-1	11	38	0	0	0	0	2	0	0	0	3728	//글로리어스부츠
490	-1	7	21	0	0	0	0	2	0	0	0	3728	//그레이트드라곤투구
490	-1	9	21	0	0	0	0	2	0	0	0	3728	//그레이트드라곤바지
490	-1	11	21	0	0	0	0	2	0	0	0	3728	//그레이트드라곤부츠
490	-1	8	37	0	0	0	0	2	0	0	0	3728	//발리언트갑옷
490	-1	9	37	0	0	0	0	2	0	0	0	3728	//발리언트바지
490	-1	11	37	0	0	0	0	2	0	0	0	3728	//발리언트부츠
490	-1	8	20	0	0	0	0	2	0	0	0	3728	//선더호크갑옷
490	-1	9	20	0	0	0	0	2	0	0	0	3728	//선더호크바지
490	-1	8	24	0	0	0	0	2	0	0	0	3728	//레드스피릿갑옷
490	-1	9	24	0	0	0	0	2	0	0	0	3728	//레드스피릿바지
490	-1	8	61	0	0	0	0	2	0	0	0	3728	//피어싱그로브갑옷
490	-1	9	61	0	0	0	0	2	0	0	0	3728	//피어싱그로브바지
490	-1	8	94	0	0	0	0	2	0	0	0	3728	//히라트갑옷
490	-1	9	94	0	0	0	0	2	0	0	0	3728	//히라트바지
490	-1	8	95	0	0	0	0	2	0	0	0	3728	//세이트갑옷
490	-1	9	95	0	0	0	0	2	0	0	0	3728	//세이트바지
490	-1	10	23	0	0	0	0	2	0	0	0	3728	//아스릴장갑
490	-1	11	23	0	0	0	0	2	0	0	0	3728	//아스릴부츠
490	-1	7	28	0	0	0	0	2	0	0	0	3728	//다크마스터마스크
490	-1	9	28	0	0	0	0	2	0	0	0	3728	//다크마스터바지
490	-1	11	28	0	0	0	0	2	0	0	0	3728	//다크마스터부츠
490	-1	7	22	0	0	0	0	2	0	0	0	3728	//블랙소울헬멧
490	-1	11	22	0	0	0	0	2	0	0	0	3728	//블랙소울부츠
//490	-1	12	72	0	0	0	0	0	0	0	0	1500	//스피어(트리)
//포악한 용암 거인 엑설런트													
490	-1	4	14	0	0	0	0	2	0	1	0	2	//아쿠아골드석궁
490	-1	4	16	0	0	0	0	2	0	1	0	2	//세인트크로스석궁
490	-1	2	5	0	0	0	0	2	0	1	0	2	//크리스탈검
490	-1	0	16	0	0	0	0	2	0	1	0	2	//파괴의검
490	-1	0	33	0	0	0	0	2	0	1	0	2	//홀리스톰클로
490	-1	3	15	0	0	0	0	2	0	1	0	2	//플루마랜스
490	-1	3	16	0	0	0	0	2	0	1	0	2	//비스랜스
490	-1	5	17	0	0	0	0	2	0	1	0	2	//에이션트스틱
490	-1	5	6	0	0	0	0	2	0	1	0	2	//부활의지팡이
490	-1	2	9	0	0	0	0	2	0	1	0	2	//마스터셉터
490	-1	2	10	0	0	0	0	2	0	1	0	2	//그레이트셉터
490	-1	6	15	0	0	0	0	2	0	1	0	2	//그랜드소울방패
490	-1	6	32	0	0	0	0	2	0	1	0	2	//비스실드
490	-1	6	21	0	0	0	0	2	0	1	0	2	//크로스실드
490	-1	6	30	0	0	0	0	2	0	1	0	2	//플루마실드
490	-1	8	26	0	0	0	0	2	0	1	0	2	//다크소울갑옷
490	-1	9	26	0	0	0	0	2	0	1	0	2	//다크소울바지
490	-1	7	93	0	0	0	0	2	0	1	0	2	//프린시헬멧
490	-1	8	93	0	0	0	0	2	0	1	0	2	//프린시갑옷
490	-1	9	93	0	0	0	0	2	0	1	0	2	//프린시바지
490	-1	8	34	0	0	0	0	2	0	1	0	2	//애쉬크로우갑옷
490	-1	8	35	0	0	0	0	2	0	1	0	2	//이클립스갑옷
490	-1	8	36	0	0	0	0	2	0	1	0	2	//아이리스갑옷
490	-1	8	41	0	0	0	0	2	0	1	0	2	//에이션트갑옷
490	-1	9	41	0	0	0	0	2	0	1	0	2	//에이션트바지
490	-1	7	60	0	0	0	0	2	0	1	0	2	//스톰자하드투구
490	-1	8	60	0	0	0	0	2	0	1	0	2	//스톰자하드갑옷
490	-1	9	60	0	0	0	0	2	0	1	0	2	//스톰자하드바지
490	-1	8	15	0	0	0	0	2	0	1	0	2	//아틀란스갑옷
490	-1	10	15	0	0	0	0	2	0	1	0	2	//아틀란스장갑
490	-1	9	15	0	0	0	0	2	0	1	0	2	//아틀란스바지
490	-1	11	15	0	0	0	0	2	0	1	0	2	//아틀란스부츠
490	-1	7	18	0	0	0	0	2	0	1	0	2	//그랜드소울헬멧
490	-1	10	18	0	0	0	0	2	0	1	0	2	//그랜드소울장갑
490	-1	9	18	0	0	0	0	2	0	1	0	2	//그랜드소울바지
490	-1	11	18	0	0	0	0	2	0	1	0	2	//그랜드소울부츠
490	-1	7	42	0	0	0	0	2	0	1	0	2	//데모닉헬멧
490	-1	10	42	0	0	0	0	2	0	1	0	2	//데모닉장갑
490	-1	9	42	0	0	0	0	2	0	1	0	2	//데모닉바지
490	-1	11	42	0	0	0	0	2	0	1	0	2	//데모닉부츠
490	-1	7	19	0	0	0	0	2	0	1	0	2	//홀리스프릿헬멧
490	-1	9	19	0	0	0	0	2	0	1	0	2	//홀리스프릿바지
490	-1	10	19	0	0	0	0	2	0	1	0	2	//홀리스프릿장갑
490	-1	7	27	0	0	0	0	2	0	1	0	2	//다크브리즌마스크
490	-1	10	27	0	0	0	0	2	0	1	0	2	//다크브리즌장갑
490	-1	11	27	0	0	0	0	2	0	1	0	2	//다크브리즌부츠
490	-1	7	16	0	0	0	0	2	0	1	0	2	//블랙드라곤투구
490	-1	10	16	0	0	0	0	2	0	1	0	2	//블랙드라곤장갑
490	-1	9	16	0	0	0	0	2	0	1	0	2	//블랙드라곤바지
490	-1	11	16	0	0	0	0	2	0	1	0	2	//블랙드라곤부츠
490	-1	10	94	0	0	0	0	2	0	1	0	2	//히라트장갑
490	-1	11	94	0	0	0	0	2	0	1	0	2	//히라트부츠
490	-1	10	95	0	0	0	0	2	0	1	0	2	//세이트장갑
490	-1	11	95	0	0	0	0	2	0	1	0	2	//세이트부츠
490	-1	11	61	0	0	0	0	2	0	1	0	2	//피어싱그로브부츠
490	-1	10	17	0	0	0	0	2	0	1	0	2	//다크피닉스장갑
490	-1	10	22	0	0	0	0	2	0	1	0	2	//블랙소울장갑
490	-1	10	20	0	0	0	0	2	0	1	0	2	//선더호크장갑
490	-1	10	24	0	0	0	0	2	0	1	0	2	//레드스피릿장갑
490	-1	11	24	0	0	0	0	2	0	1	0	2	//레드스피릿부츠
//포악한 용암 거인 124													130
491	-1	4	22	0	0	0	2	2	0	0	0	16755	//알바트로스보우
491	-1	0	24	0	0	0	2	2	0	0	0	16755	//데이브레이크
491	-1	0	25	0	0	0	2	2	0	0	0	16755	//소드댄서
491	-1	5	13	0	0	0	2	2	0	0	0	16755	//플라티나윙스태프
491	-1	2	15	0	0	0	2	2	0	0	0	16755	//샤이닝셉터
491	-1	9	21	0	0	0	0	2	0	0	0	16755	//그레이트드라곤바지
491	-1	8	20	0	0	0	0	2	0	0	0	16755	//선더호크갑옷
491	-1	8	24	0	0	0	0	2	0	0	0	16755	//레드스피릿갑옷
491	-1	9	23	0	0	0	0	2	0	0	0	16755	//아스릴바지
491	-1	11	23	0	0	0	0	2	0	0	0	16755	//아스릴부츠
491	-1	7	28	0	0	0	0	2	0	0	0	16755	//다크마스터마스크
491	-1	8	28	0	0	0	0	2	0	0	0	16755	//다크마스터갑옷
491	-1	9	28	0	0	0	0	2	0	0	0	16755	//다크마스터바지
491	-1	7	22	0	0	0	0	2	0	0	0	16755	//블랙소울헬멧
491	-1	8	22	0	0	0	0	2	0	0	0	16755	//블랙소울갑옷
491	-1	9	22	0	0	0	0	2	0	0	0	16755	//블랙소울바지
//491	-1	12	72	0	0	0	0	0	0	0	0	1500	//스피어(트리)
//포악한 용암 거인 엑설런트													
491	-1	2	7	0	0	0	0	2	0	1	0	2	//엘리멘탈메이스
491	-1	4	16	0	0	0	0	2	0	1	0	2	//세인트크로스석궁
491	-1	4	17	0	0	0	0	2	0	1	0	2	//홀리사이트보우
491	-1	0	16	0	0	0	0	2	0	1	0	2	//파괴의검
491	-1	0	33	0	0	0	0	2	0	1	0	2	//홀리스톰클로
491	-1	3	15	0	0	0	0	2	0	1	0	2	//플루마랜스
491	-1	3	16	0	0	0	0	2	0	1	0	2	//비스랜스
491	-1	3	10	0	0	0	0	2	0	1	0	2	//드라곤스피어
491	-1	5	8	0	0	0	0	2	0	1	0	2	//파멸의지팡이
491	-1	2	10	0	0	0	0	2	0	1	0	2	//그레이트셉터
491	-1	2	11	0	0	0	0	2	0	1	0	2	//로드셉터
491	-1	8	60	0	0	0	0	2	0	1	0	2	//스톰자하드갑옷
491	-1	7	18	0	0	0	0	2	0	1	0	2	//그랜드소울헬멧
491	-1	8	18	0	0	0	0	2	0	1	0	2	//그랜드소울갑옷
491	-1	9	18	0	0	0	0	2	0	1	0	2	//그랜드소울바지
491	-1	7	42	0	0	0	0	2	0	1	0	2	//데모닉헬멧
491	-1	8	42	0	0	0	0	2	0	1	0	2	//데모닉갑옷
491	-1	9	42	0	0	0	0	2	0	1	0	2	//데모닉바지
491	-1	7	19	0	0	0	0	2	0	1	0	2	//홀리스프릿헬멧
491	-1	8	19	0	0	0	0	2	0	1	0	2	//홀리스프릿갑옷
491	-1	9	19	0	0	0	0	2	0	1	0	2	//홀리스프릿바지
491	-1	7	27	0	0	0	0	2	0	1	0	2	//다크브리즌마스크
491	-1	8	27	0	0	0	0	2	0	1	0	2	//다크브리즌갑옷
491	-1	9	27	0	0	0	0	2	0	1	0	2	//다크브리즌바지
491	-1	11	27	0	0	0	0	2	0	1	0	2	//다크브리즌부츠
491	-1	7	16	0	0	0	0	2	0	1	0	2	//블랙드라곤투구
491	-1	8	16	0	0	0	0	2	0	1	0	2	//블랙드라곤갑옷
491	-1	9	16	0	0	0	0	2	0	1	0	2	//블랙드라곤바지
491	-1	7	94	0	0	0	0	2	0	1	0	2	//히라트헬멧
491	-1	10	94	0	0	0	0	2	0	1	0	2	//히라트장갑
491	-1	9	94	0	0	0	0	2	0	1	0	2	//히라트바지
491	-1	11	94	0	0	0	0	2	0	1	0	2	//히라트부츠
491	-1	7	95	0	0	0	0	2	0	1	0	2	//세이트헬멧
491	-1	10	95	0	0	0	0	2	0	1	0	2	//세이트장갑
491	-1	9	95	0	0	0	0	2	0	1	0	2	//세이트바지
491	-1	11	95	0	0	0	0	2	0	1	0	2	//세이트부츠
491	-1	7	61	0	0	0	0	2	0	1	0	2	//피어싱그로브투구
491	-1	9	61	0	0	0	0	2	0	1	0	2	//피어싱그로브바지
491	-1	11	61	0	0	0	0	2	0	1	0	2	//피어싱그로브부츠
491	-1	7	17	0	0	0	0	2	0	1	0	2	//다크피닉스투구
491	-1	10	17	0	0	0	0	2	0	1	0	2	//다크피닉스장갑
491	-1	9	17	0	0	0	0	2	0	1	0	2	//다크피닉스바지
491	-1	11	17	0	0	0	0	2	0	1	0	2	//다크피닉스부츠
491	-1	10	22	0	0	0	0	2	0	1	0	2	//블랙소울장갑
491	-1	11	22	0	0	0	0	2	0	1	0	2	//블랙소울부츠
491	-1	10	20	0	0	0	0	2	0	1	0	2	//선더호크장갑
491	-1	9	20	0	0	0	0	2	0	1	0	2	//선더호크바지
491	-1	11	20	0	0	0	0	2	0	1	0	2	//선더호크부츠
491	-1	10	28	0	0	0	0	2	0	1	0	2	//다크마스터장갑
491	-1	11	28	0	0	0	0	2	0	1	0	2	//다크마스터부츠
491	-1	10	37	0	0	0	0	2	0	1	0	2	//발리언트장갑
491	-1	11	37	0	0	0	0	2	0	1	0	2	//발리언트부츠
491	-1	7	38	0	0	0	0	2	0	1	0	2	//글로리어스마스크
491	-1	10	38	0	0	0	0	2	0	1	0	2	//글로리어스장갑
491	-1	11	38	0	0	0	0	2	0	1	0	2	//글로리어스부츠
491	-1	7	24	0	0	0	0	2	0	1	0	2	//레드스피릿헬멧
491	-1	10	24	0	0	0	0	2	0	1	0	2	//레드스피릿장갑
491	-1	11	24	0	0	0	0	2	0	1	0	2	//레드스피릿부츠
491	-1	11	21	0	0	0	0	2	0	1	0	2	//그레이트드라곤부츠
491	-1	10	21	0	0	0	0	2	0	1	0	2	//그레이트드라곤장갑
end													
