//////////////////////////////////////////////////////////////////////////////////////													
// [라클리온]	EachMonsterBag57												
// [ Start  ] 	2015-03-20												
// [ Latest ]	2015-03-20 17:26												
// [ Author ]	박혜진												
// [ Version ]	0.0.0.1												
// [ Text ]													
// [ Desc ]	맵에 출현하는 몬스터 별로 드롭하는 아이템 리스트를 작성하는 스크립트												
//////////////////////////////////////////////////////////////////////////////////////													
													
//사냥 마리 수	32400												
													
//*소켓 아이템													
//몬스터 인덱스	몬스터 속성	아이템 타입	아이템 인덱스	최소레벨	최대레벨	개수	스킬	행운	추가옵션	엑설런트 	속성 아이템	확률 (1/1000000)	아이템 명
//아이스워커 102													180
454	-1	2	7	0	0	0	2	2	0	0	0	1529	//엘리멘탈메이스
454	-1	4	16	0	0	0	2	2	0	0	0	1529	//세인트크로스석궁
454	-1	4	17	0	0	0	2	2	0	0	0	1529	//홀리사이트보우
454	-1	4	19	0	0	0	2	2	0	0	0	1529	//그레이트레인석궁
454	-1	0	31	0	0	0	2	2	0	0	0	1529	//데스브로드
454	-1	3	15	0	0	0	2	2	0	0	0	1529	//플루마랜스
454	-1	3	16	0	0	0	2	2	0	0	0	1529	//비스랜스
454	-1	3	10	0	0	0	2	2	0	0	0	1529	//드라곤스피어
454	-1	5	8	0	0	0	2	2	0	0	0	1529	//파멸의지팡이
454	-1	5	9	0	0	0	2	2	0	0	0	1529	//드래곤소울지팡이
454	-1	5	18	0	0	0	2	2	0	0	0	1529	//데모닉스틱
454	-1	2	11	0	0	0	2	2	0	0	0	1529	//로드셉터
454	-1	8	18	0	0	0	0	2	0	0	0	1529	//그랜드소울갑옷
454	-1	9	18	0	0	0	0	2	0	0	0	1529	//그랜드소울바지
454	-1	8	42	0	0	0	0	2	0	0	0	1529	//데모닉갑옷
454	-1	9	42	0	0	0	0	2	0	0	0	1529	//데모닉바지
454	-1	7	19	0	0	0	0	2	0	0	0	1529	//홀리스프릿헬멧
454	-1	8	19	0	0	0	0	2	0	0	0	1529	//홀리스프릿갑옷
454	-1	9	19	0	0	0	0	2	0	0	0	1529	//홀리스프릿바지
454	-1	7	27	0	0	0	0	2	0	0	0	1529	//다크브리즌마스크
454	-1	8	27	0	0	0	0	2	0	0	0	1529	//다크브리즌갑옷
454	-1	9	27	0	0	0	0	2	0	0	0	1529	//다크브리즌바지
454	-1	8	16	0	0	0	0	2	0	0	0	1529	//블랙드라곤갑옷
454	-1	9	16	0	0	0	0	2	0	0	0	1529	//블랙드라곤바지
454	-1	7	94	0	0	0	0	2	0	0	0	1529	//히라트헬멧
454	-1	8	94	0	0	0	0	2	0	0	0	1529	//히라트갑옷
454	-1	9	94	0	0	0	0	2	0	0	0	1529	//히라트바지
454	-1	11	94	0	0	0	0	2	0	0	0	1529	//히라트부츠
454	-1	7	95	0	0	0	0	2	0	0	0	1529	//세이트헬멧
454	-1	8	95	0	0	0	0	2	0	0	0	1529	//세이트갑옷
454	-1	9	95	0	0	0	0	2	0	0	0	1529	//세이트바지
454	-1	11	95	0	0	0	0	2	0	0	0	1529	//세이트부츠
454	-1	7	61	0	0	0	0	2	0	0	0	1529	//피어싱그로브투구
454	-1	8	61	0	0	0	0	2	0	0	0	1529	//피어싱그로브갑옷
454	-1	9	61	0	0	0	0	2	0	0	0	1529	//피어싱그로브바지
454	-1	7	24	0	0	0	0	2	0	0	0	1529	//레드스프릿헬멧
454	-1	10	24	0	0	0	0	2	0	0	0	1529	//레드스프릿장갑
454	-1	9	24	0	0	0	0	2	0	0	0	1529	//레드스프릿바지
454	-1	11	24	0	0	0	0	2	0	0	0	1529	//레드스프릿부츠
454	-1	7	17	0	0	0	0	2	0	0	0	1529	//다크피닉스투구
454	-1	8	17	0	0	0	0	2	0	0	0	1529	//다크피닉스갑옷
454	-1	10	17	0	0	0	0	2	0	0	0	1529	//다크피닉스장갑
454	-1	9	17	0	0	0	0	2	0	0	0	1529	//다크피닉스바지
454	-1	11	17	0	0	0	0	2	0	0	0	1529	//다크피닉스부츠
454	-1	10	22	0	0	0	0	2	0	0	0	1529	//블랙소울장갑
454	-1	11	22	0	0	0	0	2	0	0	0	1529	//블랙소울부츠
454	-1	10	20	0	0	0	0	2	0	0	0	1529	//선더호크장갑
454	-1	9	20	0	0	0	0	2	0	0	0	1529	//선더호크바지
454	-1	11	20	0	0	0	0	2	0	0	0	1529	//선더호크부츠
454	-1	10	28	0	0	0	0	2	0	0	0	1529	//다크마스터장갑
454	-1	11	28	0	0	0	0	2	0	0	0	1529	//다크마스터부츠
454	-1	10	37	0	0	0	0	2	0	0	0	1529	//발리언트장갑
454	-1	9	37	0	0	0	0	2	0	0	0	1529	//발리언트바지
454	-1	11	37	0	0	0	0	2	0	0	0	1529	//발리언트부츠
454	-1	7	38	0	0	0	0	2	0	0	0	1529	//글로리어스마스크
454	-1	10	38	0	0	0	0	2	0	0	0	1529	//글로리어스장갑
454	-1	9	38	0	0	0	0	2	0	0	0	1529	//글로리어스바지
454	-1	11	38	0	0	0	0	2	0	0	0	1529	//글로리어스부츠
454	-1	10	21	0	0	0	0	2	0	0	0	1529	//그레이트드라곤장갑
454	-1	11	21	0	0	0	0	2	0	0	0	1529	//그레이트드라곤부츠
454	-1	10	23	0	0	0	0	2	0	0	0	1529	//아스릴장갑
//454	-1	10	50	0	0	0	0	2	0	0	0	1000	//디바인장갑
//454	-1	11	50	0	0	0	0	2	0	0	0	1000	//디바인부츠
//454	-1	10	48	0	0	0	0	2	0	0	0	1000	//디스트로이장갑
//454	-1	11	48	0	0	0	0	2	0	0	0	1000	//디스트로이부츠
//454	-1	10	52	0	0	0	0	2	0	0	0	1000	//하데스장갑
//454	-1	11	52	0	0	0	0	2	0	0	0	1000	//하데스부츠
//454	-1	10	45	0	0	0	0	2	0	0	0	1000	//티탄장갑
//454	-1	11	45	0	0	0	0	2	0	0	0	1000	//티탄부츠
//454	-1	10	47	0	0	0	0	2	0	0	0	1000	//팬텀장갑
//454	-1	11	47	0	0	0	0	2	0	0	0	1000	//팬텀부츠
//454	-1	10	51	0	0	0	0	2	0	0	0	1000	//패왕장갑
//454	-1	11	51	0	0	0	0	2	0	0	0	1000	//패왕부츠
//454	-1	6	19	0	0	0	0	2	0	0	0	1000	//프로스트배리어
//454	-1	10	49	0	0	0	0	2	0	0	0	1000	//세라핌장갑
//454	-1	11	49	0	0	0	0	2	0	0	0	1000	//세라핌부츠
//454	-1	10	44	0	0	0	0	2	0	0	0	1000	//이터널윙장갑
//454	-1	11	44	0	0	0	0	2	0	0	0	1000	//이터널윙부츠
//454	-1	10	46	0	0	0	0	2	0	0	0	1000	//브레이브장갑
//454	-1	11	46	0	0	0	0	2	0	0	0	1000	//브레이브부츠
//454	-1	6	18	0	0	0	0	2	0	0	0	1000	//샐러맨더실드
//454	-1	14	180	0	0	0	0	0	0	0	0	725	// 아이스워커의갈기털
//454	-1	14	191	0	0	0	0	0	0	0	0	180	// 소닉조합쪽지
//454	-1	14	192	0	0	0	0	0	0	0	0	180	// 사이클론조합쪽지
//454	-1	14	193	0	0	0	0	0	0	0	0	180	// 블래스트조합쪽지
//454	-1	14	194	0	0	0	0	0	0	0	0	180	// 마그마조합쪽지
//454	-1	14	195	0	0	0	0	0	0	0	0	180	// 호른조합쪽지
//454	-1	14	196	0	0	0	0	0	0	0	0	180	// 엔젤릭조합쪽지
//454	-1	14	197	0	0	0	0	0	0	0	0	180	// 데빌크로스조합쪽지
//454	-1	14	198	0	0	0	0	0	0	0	0	180	// 미라클조합쪽지
//454	-1	14	199	0	0	0	0	0	0	0	0	180	// 스파이트조합쪽지
//454	-1	14	200	0	0	0	0	0	0	0	0	180	// 아수라조합쪽지
//454	-1	14	201	0	0	0	0	0	0	0	0	180	// 썬더조합쪽지
//454	-1	14	202	0	0	0	0	0	0	0	0	180	// 스피릿조합쪽지
//454	-1	14	203	0	0	0	0	0	0	0	0	180	// 프릭클조합쪽지
//아이스워커 엑설런트													
454	-1	2	4	0	0	0	0	2	0	1	0	2	//크리스탈모닝스타
454	-1	4	13	0	0	0	0	2	0	1	0	2	//블루윙석궁
454	-1	4	14	0	0	0	0	2	0	1	0	2	//아쿠아골드석궁
454	-1	0	14	0	0	0	0	2	0	1	0	2	//번개검
454	-1	2	5	0	0	0	0	2	0	1	0	2	//크리스탈검
454	-1	3	9	0	0	0	0	2	0	1	0	2	//발록의낫
454	-1	3	14	0	0	0	0	2	0	1	0	2	//콘모시온랜스
454	-1	3	18	0	0	0	0	2	0	1	0	2	//알라크란랜스
454	-1	5	5	0	0	0	0	2	0	1	0	2	//전설의지팡이
454	-1	5	6	0	0	0	0	2	0	1	0	2	//부활의지팡이
454	-1	5	16	0	0	0	0	2	0	1	0	2	//레드윙스틱
454	-1	5	22	0	0	0	0	2	0	1	0	2	//닐의서
454	-1	5	23	0	0	0	0	2	0	1	0	2	//라글의서
454	-1	2	9	0	0	0	0	2	0	1	0	2	//마스터셉터
454	-1	6	13	0	0	0	0	2	0	1	0	2	//드라곤방패
454	-1	6	16	0	0	0	0	2	0	1	0	2	//엘리멘탈방패
454	-1	6	21	0	0	0	0	2	0	1	0	2	//크로스실드
454	-1	6	30	0	0	0	0	2	0	1	0	2	//플루마실드
454	-1	6	15	0	0	0	0	2	0	1	0	2	//그랜드소울방패
454	-1	6	32	0	0	0	0	2	0	1	0	2	//비스실드
454	-1	8	92	0	0	0	0	2	0	1	0	2	//그루힐갑옷
454	-1	8	25	0	0	0	0	2	0	1	0	2	//라운드갑옷
454	-1	8	59	0	0	0	0	2	0	1	0	2	//세크리드파이어갑옷
454	-1	9	59	0	0	0	0	2	0	1	0	2	//세크리드파이어바지
454	-1	8	1	0	0	0	0	2	0	1	0	2	//드라곤갑옷
454	-1	7	26	0	0	0	0	2	0	1	0	2	//다크소울마스크
454	-1	9	26	0	0	0	0	2	0	1	0	2	//다크소울바지
454	-1	11	26	0	0	0	0	2	0	1	0	2	//다크소울부츠
454	-1	7	93	0	0	0	0	2	0	1	0	2	//프린시헬멧
454	-1	10	93	0	0	0	0	2	0	1	0	2	//프린시장갑
454	-1	9	93	0	0	0	0	2	0	1	0	2	//프린시바지
454	-1	11	93	0	0	0	0	2	0	1	0	2	//프린시부츠
454	-1	7	34	0	0	0	0	2	0	1	0	2	//애쉬크로우헬멧
454	-1	8	34	0	0	0	0	2	0	1	0	2	//애쉬크로우갑옷
454	-1	10	34	0	0	0	0	2	0	1	0	2	//애쉬크로우장갑
454	-1	9	34	0	0	0	0	2	0	1	0	2	//애쉬크로우바지
454	-1	11	34	0	0	0	0	2	0	1	0	2	//애쉬크로우부츠
454	-1	7	35	0	0	0	0	2	0	1	0	2	//이클립스헬멧
454	-1	8	35	0	0	0	0	2	0	1	0	2	//이클립스갑옷
454	-1	10	35	0	0	0	0	2	0	1	0	2	//이클립스장갑
454	-1	9	35	0	0	0	0	2	0	1	0	2	//이클립스바지
454	-1	11	35	0	0	0	0	2	0	1	0	2	//이클립스부츠
454	-1	7	36	0	0	0	0	2	0	1	0	2	//아이리스헬멧
454	-1	8	36	0	0	0	0	2	0	1	0	2	//아이리스갑옷
454	-1	10	36	0	0	0	0	2	0	1	0	2	//아이리스장갑
454	-1	9	36	0	0	0	0	2	0	1	0	2	//아이리스바지
454	-1	11	36	0	0	0	0	2	0	1	0	2	//아이리스부츠
454	-1	7	41	0	0	0	0	2	0	1	0	2	//에이션트헬멧
454	-1	8	41	0	0	0	0	2	0	1	0	2	//에이션트갑옷
454	-1	10	41	0	0	0	0	2	0	1	0	2	//에이션트장갑
454	-1	9	41	0	0	0	0	2	0	1	0	2	//에이션트바지
454	-1	11	41	0	0	0	0	2	0	1	0	2	//에이션트부츠
454	-1	7	60	0	0	0	0	2	0	1	0	2	//스톰자하드투구
454	-1	11	60	0	0	0	0	2	0	1	0	2	//스톰자하드부츠
454	-1	10	15	0	0	0	0	2	0	1	0	2	//아틀란스장갑
454	-1	9	15	0	0	0	0	2	0	1	0	2	//아틀란스바지
454	-1	11	15	0	0	0	0	2	0	1	0	2	//아틀란스부츠
454	-1	10	18	0	0	0	0	2	0	1	0	2	//그랜드소울장갑
454	-1	11	18	0	0	0	0	2	0	1	0	2	//그랜드소울부츠
454	-1	10	42	0	0	0	0	2	0	1	0	2	//데모닉장갑
454	-1	11	42	0	0	0	0	2	0	1	0	2	//데모닉부츠
454	-1	10	19	0	0	0	0	2	0	1	0	2	//홀리스프릿장갑
454	-1	10	27	0	0	0	0	2	0	1	0	2	//다크브리즌장갑
454	-1	10	16	0	0	0	0	2	0	1	0	2	//블랙드라곤장갑
//자이언트매머드 112													180
455	-1	4	19	0	0	0	2	2	0	0	0	1648	//그레이트레인석궁
455	-1	4	22	0	0	0	2	2	0	0	0	1648	//알바트로스보우
455	-1	0	31	0	0	0	2	2	0	0	0	1648	//데스브로드
455	-1	0	17	0	0	0	2	2	0	0	0	1648	//다크브레이커
455	-1	0	18	0	0	0	2	2	0	0	0	1648	//선더블레이드
455	-1	0	34	0	0	0	2	2	0	0	0	1648	//피어싱블레이드글러브
455	-1	5	9	0	0	0	2	2	0	0	0	1648	//드래곤소울지팡이
455	-1	5	13	0	0	0	2	2	0	0	0	1648	//플라티나윙스태프
455	-1	5	18	0	0	0	2	2	0	0	0	1648	//데모닉스틱
455	-1	2	11	0	0	0	2	2	0	0	0	1648	//로드셉터
455	-1	2	15	0	0	0	2	2	0	0	0	1648	//샤이닝셉터
455	-1	8	27	0	0	0	0	2	0	0	0	1648	//다크브리즌갑옷
455	-1	8	94	0	0	0	0	2	0	0	0	1648	//히라트갑옷
455	-1	9	94	0	0	0	0	2	0	0	0	1648	//히라트바지
455	-1	8	95	0	0	0	0	2	0	0	0	1648	//세이트갑옷
455	-1	9	95	0	0	0	0	2	0	0	0	1648	//세이트바지
455	-1	8	61	0	0	0	0	2	0	0	0	1648	//피어싱그로브갑옷
455	-1	9	61	0	0	0	0	2	0	0	0	1648	//피어싱그로브바지
455	-1	8	24	0	0	0	0	2	0	0	0	1648	//레드스프릿갑옷
455	-1	9	24	0	0	0	0	2	0	0	0	1648	//레드스프릿바지
455	-1	8	17	0	0	0	0	2	0	0	0	1648	//다크피닉스갑옷
455	-1	9	17	0	0	0	0	2	0	0	0	1648	//다크피닉스바지
455	-1	7	22	0	0	0	0	2	0	0	0	1648	//블랙소울헬멧
455	-1	11	22	0	0	0	0	2	0	0	0	1648	//블랙소울부츠
455	-1	8	20	0	0	0	0	2	0	0	0	1648	//선더호크갑옷
455	-1	9	20	0	0	0	0	2	0	0	0	1648	//선더호크바지
455	-1	7	28	0	0	0	0	2	0	0	0	1648	//다크마스터마스크
455	-1	9	28	0	0	0	0	2	0	0	0	1648	//다크마스터바지
455	-1	11	28	0	0	0	0	2	0	0	0	1648	//다크마스터부츠
455	-1	8	37	0	0	0	0	2	0	0	0	1648	//발리언트갑옷
455	-1	9	37	0	0	0	0	2	0	0	0	1648	//발리언트바지
455	-1	11	37	0	0	0	0	2	0	0	0	1648	//발리언트부츠
455	-1	7	38	0	0	0	0	2	0	0	0	1648	//글로리어스마스크
455	-1	8	38	0	0	0	0	2	0	0	0	1648	//글로리어스갑옷
455	-1	9	38	0	0	0	0	2	0	0	0	1648	//글로리어스바지
455	-1	11	38	0	0	0	0	2	0	0	0	1648	//글로리어스부츠
455	-1	7	21	0	0	0	0	2	0	0	0	1648	//그레이트드라곤투구
455	-1	10	21	0	0	0	0	2	0	0	0	1648	//그레이트드라곤장갑
455	-1	11	21	0	0	0	0	2	0	0	0	1648	//그레이트드라곤부츠
455	-1	10	23	0	0	0	0	2	0	0	0	1648	//아스릴장갑
455	-1	11	23	0	0	0	0	2	0	0	0	1648	//아스릴부츠
//455	-1	7	50	0	0	0	0	2	0	0	0	1000	//디바인헬멧
//455	-1	10	50	0	0	0	0	2	0	0	0	1000	//디바인장갑
//455	-1	9	50	0	0	0	0	2	0	0	0	1000	//디바인바지
//455	-1	10	48	0	0	0	0	2	0	0	0	1000	//디스트로이장갑
//455	-1	11	48	0	0	0	0	2	0	0	0	1000	//디스트로이부츠
//455	-1	7	52	0	0	0	0	2	0	0	0	1000	//하데스헬멧
//455	-1	10	52	0	0	0	0	2	0	0	0	1000	//하데스장갑
//455	-1	11	52	0	0	0	0	2	0	0	0	1000	//하데스부츠
//455	-1	7	45	0	0	0	0	2	0	0	0	1000	//티탄투구
//455	-1	10	45	0	0	0	0	2	0	0	0	1000	//티탄장갑
//455	-1	11	45	0	0	0	0	2	0	0	0	1000	//티탄부츠
//455	-1	10	47	0	0	0	0	2	0	0	0	1000	//팬텀장갑
//455	-1	11	47	0	0	0	0	2	0	0	0	1000	//팬텀부츠
//455	-1	7	51	0	0	0	0	2	0	0	0	1000	//패왕마스크
//455	-1	10	51	0	0	0	0	2	0	0	0	1000	//패왕장갑
//455	-1	11	51	0	0	0	0	2	0	0	0	1000	//패왕부츠
//455	-1	6	19	0	0	0	0	2	0	0	0	1000	//프로스트배리어
//455	-1	7	49	0	0	0	0	2	0	0	0	1000	//세라핌헬멧
//455	-1	10	49	0	0	0	0	2	0	0	0	1000	//세라핌장갑
//455	-1	11	49	0	0	0	0	2	0	0	0	1000	//세라핌부츠
//455	-1	10	44	0	0	0	0	2	0	0	0	1000	//이터널윙장갑
//455	-1	11	44	0	0	0	0	2	0	0	0	1000	//이터널윙부츠
//455	-1	7	46	0	0	0	0	2	0	0	0	1000	//브레이브헬멧
//455	-1	10	46	0	0	0	0	2	0	0	0	1000	//브레이브장갑
//455	-1	9	46	0	0	0	0	2	0	0	0	1000	//브레이브바지
//455	-1	6	18	0	0	0	0	2	0	0	0	1000	//샐러맨더실드
//455	-1	6	17	0	0	0	0	2	0	0	0	1000	//크림슨글로리
//455	-1	6	20	0	0	0	0	2	0	0	0	1000	//가디안방패
//455	-1	14	181	0	0	0	0	0	0	0	0	815	// 매머드의털뭉치
//455	-1	14	191	0	0	0	0	0	0	0	0	225	// 소닉조합쪽지
//455	-1	14	192	0	0	0	0	0	0	0	0	225	// 사이클론조합쪽지
//455	-1	14	193	0	0	0	0	0	0	0	0	225	// 블래스트조합쪽지
//455	-1	14	194	0	0	0	0	0	0	0	0	225	// 마그마조합쪽지
//455	-1	14	195	0	0	0	0	0	0	0	0	225	// 호른조합쪽지
//455	-1	14	196	0	0	0	0	0	0	0	0	225	// 엔젤릭조합쪽지
//455	-1	14	197	0	0	0	0	0	0	0	0	225	// 데빌크로스조합쪽지
//455	-1	14	198	0	0	0	0	0	0	0	0	225	// 미라클조합쪽지
//455	-1	14	199	0	0	0	0	0	0	0	0	225	// 스파이트조합쪽지
//455	-1	14	200	0	0	0	0	0	0	0	0	225	// 아수라조합쪽지
//455	-1	14	201	0	0	0	0	0	0	0	0	225	// 썬더조합쪽지
//455	-1	14	202	0	0	0	0	0	0	0	0	225	// 스피릿조합쪽지
//455	-1	14	203	0	0	0	0	0	0	0	0	225	// 프릭클조합쪽지
//자이언트매머드 엑설런트													
455	-1	4	14	0	0	0	0	2	0	1	0	2	//아쿠아골드석궁
455	-1	4	16	0	0	0	0	2	0	1	0	2	//세인트크로스석궁
455	-1	2	5	0	0	0	0	2	0	1	0	2	//크리스탈검
455	-1	0	16	0	0	0	0	2	0	1	0	2	//파괴의검
455	-1	0	33	0	0	0	0	2	0	1	0	2	//홀리스톰클로
455	-1	3	15	0	0	0	0	2	0	1	0	2	//플루마랜스
455	-1	3	16	0	0	0	0	2	0	1	0	2	//비스랜스
455	-1	5	6	0	0	0	0	2	0	1	0	2	//부활의지팡이
455	-1	5	17	0	0	0	0	2	0	1	0	2	//에이션트스틱
455	-1	2	9	0	0	0	0	2	0	1	0	2	//마스터셉터
455	-1	2	10	0	0	0	0	2	0	1	0	2	//그레이트셉터
455	-1	6	21	0	0	0	0	2	0	1	0	2	//크로스실드
455	-1	6	30	0	0	0	0	2	0	1	0	2	//플루마실드
455	-1	6	15	0	0	0	0	2	0	1	0	2	//그랜드소울방패
455	-1	6	32	0	0	0	0	2	0	1	0	2	//비스실드
455	-1	8	26	0	0	0	0	2	0	1	0	2	//다크소울갑옷
455	-1	9	26	0	0	0	0	2	0	1	0	2	//다크소울바지
455	-1	7	93	0	0	0	0	2	0	1	0	2	//프린시헬멧
455	-1	8	93	0	0	0	0	2	0	1	0	2	//프린시갑옷
455	-1	9	93	0	0	0	0	2	0	1	0	2	//프린시바지
455	-1	8	34	0	0	0	0	2	0	1	0	2	//애쉬크로우갑옷
455	-1	9	34	0	0	0	0	2	0	1	0	2	//애쉬크로우바지
455	-1	8	35	0	0	0	0	2	0	1	0	2	//이클립스갑옷
455	-1	9	35	0	0	0	0	2	0	1	0	2	//이클립스바지
455	-1	8	36	0	0	0	0	2	0	1	0	2	//아이리스갑옷
455	-1	9	36	0	0	0	0	2	0	1	0	2	//아이리스바지
455	-1	8	41	0	0	0	0	2	0	1	0	2	//에이션트갑옷
455	-1	9	41	0	0	0	0	2	0	1	0	2	//에이션트바지
455	-1	7	60	0	0	0	0	2	0	1	0	2	//스톰자하드투구
455	-1	8	60	0	0	0	0	2	0	1	0	2	//스톰자하드갑옷
455	-1	9	60	0	0	0	0	2	0	1	0	2	//스톰자하드바지
455	-1	8	15	0	0	0	0	2	0	1	0	2	//아틀란스갑옷
455	-1	10	15	0	0	0	0	2	0	1	0	2	//아틀란스장갑
455	-1	9	15	0	0	0	0	2	0	1	0	2	//아틀란스바지
455	-1	11	15	0	0	0	0	2	0	1	0	2	//아틀란스부츠
455	-1	7	18	0	0	0	0	2	0	1	0	2	//그랜드소울헬멧
455	-1	10	18	0	0	0	0	2	0	1	0	2	//그랜드소울장갑
455	-1	9	18	0	0	0	0	2	0	1	0	2	//그랜드소울바지
455	-1	11	18	0	0	0	0	2	0	1	0	2	//그랜드소울부츠
455	-1	7	42	0	0	0	0	2	0	1	0	2	//데모닉헬멧
455	-1	10	42	0	0	0	0	2	0	1	0	2	//데모닉장갑
455	-1	9	42	0	0	0	0	2	0	1	0	2	//데모닉바지
455	-1	11	42	0	0	0	0	2	0	1	0	2	//데모닉부츠
455	-1	7	19	0	0	0	0	2	0	1	0	2	//홀리스프릿헬멧
455	-1	10	19	0	0	0	0	2	0	1	0	2	//홀리스프릿장갑
455	-1	11	19	0	0	0	0	2	0	1	0	2	//홀리스프릿부츠
455	-1	7	27	0	0	0	0	2	0	1	0	2	//다크브리즌마스크
455	-1	10	27	0	0	0	0	2	0	1	0	2	//다크브리즌장갑
455	-1	11	27	0	0	0	0	2	0	1	0	2	//다크브리즌부츠
455	-1	7	16	0	0	0	0	2	0	1	0	2	//블랙드라곤투구
455	-1	10	16	0	0	0	0	2	0	1	0	2	//블랙드라곤장갑
455	-1	9	16	0	0	0	0	2	0	1	0	2	//블랙드라곤바지
455	-1	11	16	0	0	0	0	2	0	1	0	2	//블랙드라곤부츠
455	-1	10	94	0	0	0	0	2	0	1	0	2	//히라트장갑
455	-1	11	94	0	0	0	0	2	0	1	0	2	//히라트부츠
455	-1	10	95	0	0	0	0	2	0	1	0	2	//세이트장갑
455	-1	11	95	0	0	0	0	2	0	1	0	2	//세이트부츠
455	-1	11	61	0	0	0	0	2	0	1	0	2	//피어싱그로브부츠
455	-1	10	17	0	0	0	0	2	0	1	0	2	//다크피닉스장갑
455	-1	10	22	0	0	0	0	2	0	1	0	2	//블랙소울장갑
455	-1	10	24	0	0	0	0	2	0	1	0	2	//레드스피릿장갑
455	-1	11	24	0	0	0	0	2	0	1	0	2	//레드스피릿부츠
//아이스자이언트 122													180
456	-1	4	22	0	0	0	2	2	0	0	0	3713	//알바트로스보우
456	-1	0	17	0	0	0	2	2	0	0	0	3713	//다크브레이커
456	-1	0	18	0	0	0	2	2	0	0	0	3713	//선더블레이드
456	-1	0	24	0	0	0	2	2	0	0	0	3713	//데이브레이크
456	-1	0	25	0	0	0	2	2	0	0	0	3713	//소드댄서
456	-1	0	34	0	0	0	2	2	0	0	0	3713	//피어싱블레이드글러브
456	-1	5	13	0	0	0	2	2	0	0	0	3713	//플라티나윙스태프
456	-1	2	15	0	0	0	2	2	0	0	0	3713	//샤이닝셉터
456	-1	8	38	0	0	0	0	2	0	0	0	3713	//글로리어스갑옷
456	-1	7	21	0	0	0	0	2	0	0	0	3713	//그레이트드라곤투구
456	-1	9	21	0	0	0	0	2	0	0	0	3713	//그레이트드라곤바지
456	-1	8	37	0	0	0	0	2	0	0	0	3713	//발리언트갑옷
456	-1	8	20	0	0	0	0	2	0	0	0	3713	//선더호크갑옷
456	-1	8	24	0	0	0	0	2	0	0	0	3713	//레드스피릿갑옷
456	-1	9	23	0	0	0	0	2	0	0	0	3713	//아스릴바지
456	-1	11	23	0	0	0	0	2	0	0	0	3713	//아스릴부츠
456	-1	7	28	0	0	0	0	2	0	0	0	3713	//다크마스터마스크
456	-1	8	28	0	0	0	0	2	0	0	0	3713	//다크마스터갑옷
456	-1	9	28	0	0	0	0	2	0	0	0	3713	//다크마스터바지
456	-1	7	22	0	0	0	0	2	0	0	0	3713	//블랙소울헬멧
456	-1	8	22	0	0	0	0	2	0	0	0	3713	//블랙소울갑옷
456	-1	9	22	0	0	0	0	2	0	0	0	3713	//블랙소울바지
//456	-1	2	16	0	0	0	0	2	0	0	0	1000	//프로스트메이스
//456	-1	7	50	0	0	0	0	2	0	0	0	1000	//디바인헬멧
//456	-1	8	50	0	0	0	0	2	0	0	0	1000	//디바인갑옷
//456	-1	9	50	0	0	0	0	2	0	0	0	1000	//디바인바지
//456	-1	7	52	0	0	0	0	2	0	0	0	1000	//하데스헬멧
//456	-1	9	52	0	0	0	0	2	0	0	0	1000	//하데스바지
//456	-1	7	45	0	0	0	0	2	0	0	0	1000	//티탄투구
//456	-1	9	45	0	0	0	0	2	0	0	0	1000	//티탄바지
//456	-1	7	51	0	0	0	0	2	0	0	0	1000	//패왕마스크
//456	-1	9	51	0	0	0	0	2	0	0	0	1000	//패왕바지
//456	-1	7	49	0	0	0	0	2	0	0	0	1000	//세라핌헬멧
//456	-1	9	49	0	0	0	0	2	0	0	0	1000	//세라핌바지
//456	-1	7	46	0	0	0	0	2	0	0	0	1000	//브레이브헬멧
//456	-1	9	46	0	0	0	0	2	0	0	0	1000	//브레이브바지
//456	-1	9	48	0	0	0	0	2	0	0	0	1000	//디스트로이바지
//456	-1	9	47	0	0	0	0	2	0	0	0	1000	//팬텀바지
//456	-1	7	44	0	0	0	0	2	0	0	0	1000	//이터널윙헬멧
//456	-1	9	44	0	0	0	0	2	0	0	0	1000	//이터널윙바지
//456	-1	6	17	0	0	0	0	2	0	0	0	1000	//크림슨글로리
//456	-1	6	20	0	0	0	0	2	0	0	0	1000	//가디안방패
//456	-1	6	24	0	0	0	0	2	0	0	0	1000	//다크데빌실드
//456	-1	14	182	0	0	0	0	0	0	0	0	1020	// 자이언트의얼음조각
//456	-1	14	191	0	0	0	0	0	0	0	0	270	// 소닉조합쪽지
//456	-1	14	192	0	0	0	0	0	0	0	0	270	// 사이클론조합쪽지
//456	-1	14	193	0	0	0	0	0	0	0	0	270	// 블래스트조합쪽지
//456	-1	14	194	0	0	0	0	0	0	0	0	270	// 마그마조합쪽지
//456	-1	14	195	0	0	0	0	0	0	0	0	270	// 호른조합쪽지
//456	-1	14	196	0	0	0	0	0	0	0	0	270	// 엔젤릭조합쪽지
//456	-1	14	197	0	0	0	0	0	0	0	0	270	// 데빌크로스조합쪽지
//456	-1	14	198	0	0	0	0	0	0	0	0	270	// 미라클조합쪽지
//456	-1	14	199	0	0	0	0	0	0	0	0	270	// 스파이트조합쪽지
//456	-1	14	200	0	0	0	0	0	0	0	0	270	// 아수라조합쪽지
//456	-1	14	201	0	0	0	0	0	0	0	0	270	// 썬더조합쪽지
//456	-1	14	202	0	0	0	0	0	0	0	0	270	// 스피릿조합쪽지
//456	-1	14	203	0	0	0	0	0	0	0	0	270	// 프릭클조합쪽지
//아이스자이언트 엑설런트													
456	-1	2	7	0	0	0	0	2	0	1	0	2	//엘리멘탈메이스
456	-1	4	16	0	0	0	0	2	0	1	0	2	//세인트크로스석궁
456	-1	4	17	0	0	0	0	2	0	1	0	2	//홀리사이트보우
456	-1	0	16	0	0	0	0	2	0	1	0	2	//파괴의검
456	-1	0	33	0	0	0	0	2	0	1	0	2	//홀리스톰클로
456	-1	3	15	0	0	0	0	2	0	1	0	2	//플루마랜스
456	-1	3	16	0	0	0	0	2	0	1	0	2	//비스랜스
456	-1	3	10	0	0	0	0	2	0	1	0	2	//드라곤스피어
456	-1	5	8	0	0	0	0	2	0	1	0	2	//파멸의지팡이
456	-1	2	10	0	0	0	0	2	0	1	0	2	//그레이트셉터
456	-1	8	93	0	0	0	0	2	0	1	0	2	//프린시갑옷
456	-1	8	60	0	0	0	0	2	0	1	0	2	//스톰자하드갑옷
456	-1	8	15	0	0	0	0	2	0	1	0	2	//아틀란스갑옷
456	-1	7	18	0	0	0	0	2	0	1	0	2	//그랜드소울헬멧
456	-1	8	18	0	0	0	0	2	0	1	0	2	//그랜드소울갑옷
456	-1	9	18	0	0	0	0	2	0	1	0	2	//그랜드소울바지
456	-1	7	42	0	0	0	0	2	0	1	0	2	//데모닉헬멧
456	-1	8	42	0	0	0	0	2	0	1	0	2	//데모닉갑옷
456	-1	9	42	0	0	0	0	2	0	1	0	2	//데모닉바지
456	-1	7	19	0	0	0	0	2	0	1	0	2	//홀리스프릿헬멧
456	-1	8	19	0	0	0	0	2	0	1	0	2	//홀리스프릿갑옷
456	-1	9	19	0	0	0	0	2	0	1	0	2	//홀리스프릿바지
456	-1	7	27	0	0	0	0	2	0	1	0	2	//다크브리즌마스크
456	-1	8	27	0	0	0	0	2	0	1	0	2	//다크브리즌갑옷
456	-1	9	27	0	0	0	0	2	0	1	0	2	//다크브리즌바지
456	-1	11	27	0	0	0	0	2	0	1	0	2	//다크브리즌부츠
456	-1	7	16	0	0	0	0	2	0	1	0	2	//블랙드라곤투구
456	-1	8	16	0	0	0	0	2	0	1	0	2	//블랙드라곤갑옷
456	-1	9	16	0	0	0	0	2	0	1	0	2	//블랙드라곤바지
456	-1	7	94	0	0	0	0	2	0	1	0	2	//히라트헬멧
456	-1	10	94	0	0	0	0	2	0	1	0	2	//히라트장갑
456	-1	9	94	0	0	0	0	2	0	1	0	2	//히라트바지
456	-1	11	94	0	0	0	0	2	0	1	0	2	//히라트부츠
456	-1	7	95	0	0	0	0	2	0	1	0	2	//세이트헬멧
456	-1	10	95	0	0	0	0	2	0	1	0	2	//세이트장갑
456	-1	9	95	0	0	0	0	2	0	1	0	2	//세이트바지
456	-1	11	95	0	0	0	0	2	0	1	0	2	//세이트부츠
456	-1	7	61	0	0	0	0	2	0	1	0	2	//피어싱그로브투구
456	-1	9	61	0	0	0	0	2	0	1	0	2	//피어싱그로브바지
456	-1	11	61	0	0	0	0	2	0	1	0	2	//피어싱그로브부츠
456	-1	7	17	0	0	0	0	2	0	1	0	2	//다크피닉스투구
456	-1	10	17	0	0	0	0	2	0	1	0	2	//다크피닉스장갑
456	-1	9	17	0	0	0	0	2	0	1	0	2	//다크피닉스바지
456	-1	11	17	0	0	0	0	2	0	1	0	2	//다크피닉스부츠
456	-1	10	22	0	0	0	0	2	0	1	0	2	//블랙소울장갑
456	-1	11	22	0	0	0	0	2	0	1	0	2	//블랙소울부츠
456	-1	10	20	0	0	0	0	2	0	1	0	2	//선더호크장갑
456	-1	11	20	0	0	0	0	2	0	1	0	2	//선더호크부츠
456	-1	10	28	0	0	0	0	2	0	1	0	2	//다크마스터장갑
456	-1	11	28	0	0	0	0	2	0	1	0	2	//다크마스터부츠
456	-1	10	37	0	0	0	0	2	0	1	0	2	//발리언트장갑
456	-1	7	38	0	0	0	0	2	0	1	0	2	//글로리어스마스크
456	-1	10	38	0	0	0	0	2	0	1	0	2	//글로리어스장갑
456	-1	7	24	0	0	0	0	2	0	1	0	2	//레드스피릿헬멧
456	-1	10	24	0	0	0	0	2	0	1	0	2	//레드스피릿장갑
456	-1	11	24	0	0	0	0	2	0	1	0	2	//레드스피릿부츠
456	-1	10	21	0	0	0	0	2	0	1	0	2	//그레이트드라곤장갑
//쿨러틴 132													180
457	-1	0	24	0	0	0	2	2	0	0	0	6928	//데이브레이크
457	-1	0	25	0	0	0	2	2	0	0	0	6928	//소드댄서
457	-1	8	21	0	0	0	0	2	0	0	0	6928	//그레이트드라곤갑옷
457	-1	8	23	0	0	0	0	2	0	0	0	6928	//아스릴갑옷
457	-1	9	23	0	0	0	0	2	0	0	0	6928	//아스릴바지
457	-1	8	28	0	0	0	0	2	0	0	0	6928	//다크마스터갑옷
457	-1	8	22	0	0	0	0	2	0	0	0	6928	//블랙소울갑옷
457	-1	9	22	0	0	0	0	2	0	0	0	6928	//블랙소울바지
//457	-1	2	16	0	0	0	0	2	0	0	0	1000	//프로스트메이스
//457	-1	8	50	0	0	0	0	2	0	0	0	1000	//디바인갑옷
//457	-1	8	52	0	0	0	0	2	0	0	0	1000	//하데스갑옷
//457	-1	9	52	0	0	0	0	2	0	0	0	1000	//하데스바지
//457	-1	8	45	0	0	0	0	2	0	0	0	1000	//티탄갑옷
//457	-1	9	45	0	0	0	0	2	0	0	0	1000	//티탄바지
//457	-1	8	51	0	0	0	0	2	0	0	0	1000	//패왕갑옷
//457	-1	9	51	0	0	0	0	2	0	0	0	1000	//패왕바지
//457	-1	8	49	0	0	0	0	2	0	0	0	1000	//세라핌갑옷
//457	-1	9	49	0	0	0	0	2	0	0	0	1000	//세라핌바지
//457	-1	8	47	0	0	0	0	2	0	0	0	1000	//팬텀갑옷
//457	-1	9	47	0	0	0	0	2	0	0	0	1000	//팬텀바지
//457	-1	7	44	0	0	0	0	2	0	0	0	1000	//이터널윙헬멧
//457	-1	8	44	0	0	0	0	2	0	0	0	1000	//이터널윙갑옷
//457	-1	9	44	0	0	0	0	2	0	0	0	1000	//이터널윙바지
//457	-1	8	48	0	0	0	0	2	0	0	0	1000	//디스트로이갑옷
//457	-1	8	46	0	0	0	0	2	0	0	0	1000	//브레이브갑옷
//457	-1	6	24	0	0	0	0	2	0	0	0	1000	//다크데빌실드
//457	-1	6	23	0	0	0	0	2	0	0	0	1000	//라이트로드실드
//457	-1	6	25	0	0	0	0	2	0	0	0	1000	//매직나이트실드
//457	-1	6	22	0	0	0	0	2	0	0	0	1000	//레이지윈드방패
//457	-1	6	26	0	0	0	0	2	0	0	0	1000	//엠비션실드
//457	-1	14	183	0	0	0	0	0	0	0	0	360	// 쿨러틴의독
//457	-1	14	191	0	0	0	0	0	0	0	0	315	// 소닉조합쪽지
//457	-1	14	192	0	0	0	0	0	0	0	0	315	// 사이클론조합쪽지
//457	-1	14	193	0	0	0	0	0	0	0	0	315	// 블래스트조합쪽지
//457	-1	14	194	0	0	0	0	0	0	0	0	315	// 마그마조합쪽지
//457	-1	14	195	0	0	0	0	0	0	0	0	315	// 호른조합쪽지
//457	-1	14	196	0	0	0	0	0	0	0	0	315	// 엔젤릭조합쪽지
//457	-1	14	197	0	0	0	0	0	0	0	0	315	// 데빌크로스조합쪽지
//457	-1	14	198	0	0	0	0	0	0	0	0	315	// 미라클조합쪽지
//457	-1	14	199	0	0	0	0	0	0	0	0	315	// 스파이트조합쪽지
//457	-1	14	200	0	0	0	0	0	0	0	0	315	// 아수라조합쪽지
//457	-1	14	201	0	0	0	0	0	0	0	0	315	// 썬더조합쪽지
//457	-1	14	202	0	0	0	0	0	0	0	0	315	// 스피릿조합쪽지
//457	-1	14	203	0	0	0	0	0	0	0	0	315	// 프릭클조합쪽지
//쿨러틴 엑설런트													
457	-1	2	7	0	0	0	0	2	0	1	0	2	//엘리멘탈메이스
457	-1	4	17	0	0	0	0	2	0	1	0	2	//홀리사이트보우
457	-1	4	19	0	0	0	0	2	0	1	0	2	//그레이트레인석궁
457	-1	0	31	0	0	0	0	2	0	1	0	2	//데스브로드
457	-1	0	17	0	0	0	0	2	0	1	0	2	//다크브레이커
457	-1	0	18	0	0	0	0	2	0	1	0	2	//선더블레이드
457	-1	0	34	0	0	0	0	2	0	1	0	2	//피어싱블레이드글러브
457	-1	3	10	0	0	0	0	2	0	1	0	2	//드라곤스피어
457	-1	5	8	0	0	0	0	2	0	1	0	2	//파멸의지팡이
457	-1	5	9	0	0	0	0	2	0	1	0	2	//드래곤소울지팡이
457	-1	5	18	0	0	0	0	2	0	1	0	2	//데모닉스틱
457	-1	2	11	0	0	0	0	2	0	1	0	2	//로드셉터
457	-1	8	18	0	0	0	0	2	0	1	0	2	//그랜드소울갑옷
457	-1	8	42	0	0	0	0	2	0	1	0	2	//데모닉갑옷
457	-1	8	19	0	0	0	0	2	0	1	0	2	//홀리스프릿갑옷
457	-1	8	27	0	0	0	0	2	0	1	0	2	//다크브리즌갑옷
457	-1	9	27	0	0	0	0	2	0	1	0	2	//다크브리즌바지
457	-1	8	16	0	0	0	0	2	0	1	0	2	//블랙드라곤갑옷
457	-1	7	94	0	0	0	0	2	0	1	0	2	//히라트헬멧
457	-1	8	94	0	0	0	0	2	0	1	0	2	//히라트갑옷
457	-1	9	94	0	0	0	0	2	0	1	0	2	//히라트바지
457	-1	7	95	0	0	0	0	2	0	1	0	2	//세이트헬멧
457	-1	8	95	0	0	0	0	2	0	1	0	2	//세이트갑옷
457	-1	9	95	0	0	0	0	2	0	1	0	2	//세이트바지
457	-1	7	61	0	0	0	0	2	0	1	0	2	//피어싱그로브투구
457	-1	8	61	0	0	0	0	2	0	1	0	2	//피어싱그로브갑옷
457	-1	9	61	0	0	0	0	2	0	1	0	2	//피어싱그로브바지
457	-1	7	17	0	0	0	0	2	0	1	0	2	//다크피닉스투구
457	-1	8	17	0	0	0	0	2	0	1	0	2	//다크피닉스갑옷
457	-1	9	17	0	0	0	0	2	0	1	0	2	//다크피닉스바지
457	-1	11	17	0	0	0	0	2	0	1	0	2	//다크피닉스부츠
457	-1	11	22	0	0	0	0	2	0	1	0	2	//블랙소울부츠
457	-1	8	20	0	0	0	0	2	0	1	0	2	//선더호크갑옷
457	-1	9	20	0	0	0	0	2	0	1	0	2	//선더호크바지
457	-1	11	20	0	0	0	0	2	0	1	0	2	//선더호크부츠
457	-1	7	28	0	0	0	0	2	0	1	0	2	//다크마스터마스크
457	-1	10	28	0	0	0	0	2	0	1	0	2	//다크마스터장갑
457	-1	11	28	0	0	0	0	2	0	1	0	2	//다크마스터부츠
457	-1	8	37	0	0	0	0	2	0	1	0	2	//발리언트갑옷
457	-1	10	37	0	0	0	0	2	0	1	0	2	//발리언트장갑
457	-1	9	37	0	0	0	0	2	0	1	0	2	//발리언트바지
457	-1	11	37	0	0	0	0	2	0	1	0	2	//발리언트부츠
457	-1	7	38	0	0	0	0	2	0	1	0	2	//글로리어스마스크
457	-1	8	38	0	0	0	0	2	0	1	0	2	//글로리어스갑옷
457	-1	10	38	0	0	0	0	2	0	1	0	2	//글로리어스장갑
457	-1	9	38	0	0	0	0	2	0	1	0	2	//글로리어스바지
457	-1	11	38	0	0	0	0	2	0	1	0	2	//글로리어스부츠
457	-1	10	23	0	0	0	0	2	0	1	0	2	//아스릴장갑
457	-1	9	24	0	0	0	0	2	0	1	0	2	//레드스피릿바지
457	-1	7	21	0	0	0	0	2	0	1	0	2	//그레이트드라곤투구
457	-1	11	21	0	0	0	0	2	0	1	0	2	//그레이트드라곤부츠
457	-1	10	21	0	0	0	0	2	0	1	0	2	//그레이트드라곤장갑
//다크매머드 140													180
562	-1	4	20	0	0	0	2	2	0	0	0	4664	//에로우바이퍼보우
562	-1	0	20	0	0	0	2	2	0	0	0	4664	//나이트블레이드
562	-1	0	21	0	0	0	2	2	0	0	0	4664	//데스블레이드
562	-1	5	11	0	0	0	2	2	0	0	0	4664	//쿤둔의지팡이
562	-1	2	12	0	0	0	2	2	0	0	0	4664	//그레이트로드셉터
562	-1	8	22	0	0	0	2	2	0	0	0	4664	//블랙소울갑옷
562	-1	8	23	0	0	0	2	2	0	0	0	4664	//아스릴갑옷
562	-1	9	23	0	0	0	2	2	0	0	0	4664	//아스릴바지
562	-1	8	21	0	0	0	2	2	0	0	0	4664	//그레이트드라곤갑옷
//562	-1	4	23	0	0	0	2	2	0	0	0	1000	//다크스팅거
//562	-1	0	27	0	0	0	2	2	0	0	0	1000	//소드브레이커
//562	-1	0	26	0	0	0	2	2	0	0	0	1000	//플랑베루주
//562	-1	0	28	0	0	0	2	2	0	0	0	1000	//룬바스타드
//562	-1	5	31	0	0	0	2	2	0	0	0	1000	//인베리알스태프
//562	-1	5	30	0	0	0	2	2	0	0	0	1000	//데들리스테프
//562	-1	2	17	0	0	0	2	2	0	0	0	1000	//앱솔루트셉터
//562	-1	8	50	0	0	0	0	2	0	0	0	1000	//디바인갑옷
//562	-1	8	52	0	0	0	0	2	0	0	0	1000	//하데스갑옷
//562	-1	8	45	0	0	0	0	2	0	0	0	1000	//티탄갑옷
//562	-1	8	51	0	0	0	0	2	0	0	0	1000	//패왕갑옷
//562	-1	8	49	0	0	0	0	2	0	0	0	1000	//세라핌갑옷
//562	-1	8	47	0	0	0	0	2	0	0	0	1000	//팬텀갑옷
//562	-1	8	44	0	0	0	0	2	0	0	0	1000	//이터널윙갑옷
//562	-1	9	44	0	0	0	0	2	0	0	0	1000	//이터널윙바지
//562	-1	8	48	0	0	0	0	2	0	0	0	1000	//디스트로이갑옷
//562	-1	8	46	0	0	0	0	2	0	0	0	1000	//브레이브갑옷
//562	-1	11	53	0	0	0	0	2	0	0	0	1000	//서큐버스부츠
//562	-1	11	54	0	0	0	0	2	0	0	0	1000	//레이지윈드부츠
//562	-1	11	55	0	0	0	0	2	0	0	0	1000	//다크데빌부츠
//562	-1	11	56	0	0	0	0	2	0	0	0	1000	//스티키부츠
//562	-1	11	57	0	0	0	0	2	0	0	0	1000	//헬나이트부츠
//562	-1	11	58	0	0	0	0	2	0	0	0	1000	//엠비션부츠
//562	-1	11	74	0	0	0	0	2	0	0	0	1000	//스톰윙부츠
//562	-1	11	75	0	0	0	0	2	0	0	0	1000	//라이트로드부츠
//562	-1	11	76	0	0	0	0	2	0	0	0	1000	//매직나이트부츠
//562	-1	6	24	0	0	0	0	2	0	0	0	1000	//다크데빌실드
//562	-1	6	23	0	0	0	0	2	0	0	0	1000	//라이트로드실드
//562	-1	6	25	0	0	0	0	2	0	0	0	1000	//매직나이트실드
//562	-1	6	22	0	0	0	0	2	0	0	0	1000	//레이지윈드방패
//562	-1	6	26	0	0	0	0	2	0	0	0	1000	//엠비션실드
//562	-1	14	185	0	0	0	0	0	0	0	0	905	// 다크매머드의뿔
//562	-1	14	191	0	0	0	0	0	0	0	0	340	// 소닉조합쪽지
//562	-1	14	192	0	0	0	0	0	0	0	0	340	// 사이클론조합쪽지
//562	-1	14	193	0	0	0	0	0	0	0	0	340	// 블래스트조합쪽지
//562	-1	14	194	0	0	0	0	0	0	0	0	340	// 마그마조합쪽지
//562	-1	14	195	0	0	0	0	0	0	0	0	340	// 호른조합쪽지
//562	-1	14	196	0	0	0	0	0	0	0	0	340	// 엔젤릭조합쪽지
//562	-1	14	197	0	0	0	0	0	0	0	0	340	// 데빌크로스조합쪽지
//562	-1	14	198	0	0	0	0	0	0	0	0	340	// 미라클조합쪽지
//562	-1	14	199	0	0	0	0	0	0	0	0	340	// 스파이트조합쪽지
//562	-1	14	200	0	0	0	0	0	0	0	0	340	// 아수라조합쪽지
//562	-1	14	201	0	0	0	0	0	0	0	0	340	// 썬더조합쪽지
//562	-1	14	202	0	0	0	0	0	0	0	0	340	// 스피릿조합쪽지
//562	-1	14	203	0	0	0	0	0	0	0	0	340	// 프릭클조합쪽지
//다크매머드 엑설런트													
562	-1	4	19	0	0	0	0	2	0	1	0	2	//그레이트레인석궁
562	-1	4	22	0	0	0	0	2	0	1	0	2	//알바트로스보우
562	-1	0	31	0	0	0	0	2	0	1	0	2	//데스브로드
562	-1	0	17	0	0	0	0	2	0	1	0	2	//다크브레이커
562	-1	0	18	0	0	0	0	2	0	1	0	2	//선더블레이드
562	-1	0	34	0	0	0	0	2	0	1	0	2	//피어싱블레이드글러브
562	-1	0	24	0	0	0	0	2	0	1	0	2	//데이브레이크
562	-1	0	25	0	0	0	0	2	0	1	0	2	//소드댄서
562	-1	5	9	0	0	0	0	2	0	1	0	2	//드래곤소울지팡이
562	-1	5	13	0	0	0	0	2	0	1	0	2	//플라티나윙스태프
562	-1	5	18	0	0	0	0	2	0	1	0	2	//데모닉스틱
562	-1	2	11	0	0	0	0	2	0	1	0	2	//로드셉터
562	-1	2	15	0	0	0	0	2	0	1	0	2	//샤이닝셉터
562	-1	8	94	0	0	0	0	2	0	1	0	2	//히라트갑옷
562	-1	8	95	0	0	0	0	2	0	1	0	2	//세이트갑옷
562	-1	8	61	0	0	0	0	2	0	1	0	2	//피어싱그로브갑옷
562	-1	8	17	0	0	0	0	2	0	1	0	2	//다크피닉스갑옷
562	-1	7	22	0	0	0	0	2	0	1	0	2	//블랙소울헬멧
562	-1	8	20	0	0	0	0	2	0	1	0	2	//선더호크갑옷
562	-1	9	20	0	0	0	0	2	0	1	0	2	//선더호크바지
562	-1	7	28	0	0	0	0	2	0	1	0	2	//다크마스터마스크
562	-1	9	28	0	0	0	0	2	0	1	0	2	//다크마스터바지
562	-1	8	37	0	0	0	0	2	0	1	0	2	//발리언트갑옷
562	-1	9	37	0	0	0	0	2	0	1	0	2	//발리언트바지
562	-1	11	37	0	0	0	0	2	0	1	0	2	//발리언트부츠
562	-1	7	38	0	0	0	0	2	0	1	0	2	//글로리어스마스크
562	-1	8	38	0	0	0	0	2	0	1	0	2	//글로리어스갑옷
562	-1	9	38	0	0	0	0	2	0	1	0	2	//글로리어스바지
562	-1	11	38	0	0	0	0	2	0	1	0	2	//글로리어스부츠
562	-1	10	23	0	0	0	0	2	0	1	0	2	//아스릴장갑
562	-1	11	23	0	0	0	0	2	0	1	0	2	//아스릴부츠
562	-1	8	24	0	0	0	0	2	0	1	0	2	//레드스피릿갑옷
562	-1	9	24	0	0	0	0	2	0	1	0	2	//레드스피릿바지
562	-1	9	21	0	0	0	0	2	0	1	0	2	//그레이트드라곤바지
//아이언나이트 142													180
458	-1	4	20	0	0	0	2	2	0	0	0	4190	//에로우바이퍼보우
458	-1	0	20	0	0	0	2	2	0	0	0	4190	//나이트블레이드
458	-1	0	21	0	0	0	2	2	0	0	0	4190	//데스블레이드
458	-1	5	11	0	0	0	2	2	0	0	0	4190	//쿤둔의지팡이
458	-1	2	12	0	0	0	2	2	0	0	0	4190	//그레이트로드셉터
458	-1	8	23	0	0	0	2	2	0	0	0	4190	//아스릴갑옷
458	-1	8	21	0	0	0	2	2	0	0	0	4190	//그레이트드라곤갑옷
//458	-1	4	23	0	0	0	2	2	0	0	0	1000	//다크스팅거
//458	-1	0	27	0	0	0	2	2	0	0	0	1000	//소드브레이커
//458	-1	0	26	0	0	0	2	2	0	0	0	1000	//플랑베루주
//458	-1	0	28	0	0	0	2	2	0	0	0	1000	//룬바스타드
//458	-1	5	31	0	0	0	2	2	0	0	0	1000	//인베리알스태프
//458	-1	5	30	0	0	0	2	2	0	0	0	1000	//데들리스테프
//458	-1	2	17	0	0	0	2	2	0	0	0	1000	//앱솔루트셉터
//458	-1	8	52	0	0	0	0	2	0	0	0	1000	//하데스갑옷
//458	-1	8	45	0	0	0	0	2	0	0	0	1000	//티탄갑옷
//458	-1	8	51	0	0	0	0	2	0	0	0	1000	//패왕갑옷
//458	-1	8	49	0	0	0	0	2	0	0	0	1000	//세라핌갑옷
//458	-1	8	47	0	0	0	0	2	0	0	0	1000	//팬텀갑옷
//458	-1	8	44	0	0	0	0	2	0	0	0	1000	//이터널윙갑옷
//458	-1	8	48	0	0	0	0	2	0	0	0	1000	//디스트로이갑옷
//458	-1	8	46	0	0	0	0	2	0	0	0	1000	//브레이브갑옷
//458	-1	10	53	0	0	0	0	2	0	0	0	1000	//서큐버스장갑
//458	-1	11	53	0	0	0	0	2	0	0	0	1000	//서큐버스부츠
//458	-1	10	54	0	0	0	0	2	0	0	0	1000	//레이지윈드장갑
//458	-1	11	54	0	0	0	0	2	0	0	0	1000	//레이지윈드부츠
//458	-1	10	55	0	0	0	0	2	0	0	0	1000	//다크데빌장갑
//458	-1	11	55	0	0	0	0	2	0	0	0	1000	//다크데빌부츠
//458	-1	10	56	0	0	0	0	2	0	0	0	1000	//스티키장갑
//458	-1	11	56	0	0	0	0	2	0	0	0	1000	//스티키부츠
//458	-1	10	57	0	0	0	0	2	0	0	0	1000	//헬나이트장갑
//458	-1	11	57	0	0	0	0	2	0	0	0	1000	//헬나이트부츠
//458	-1	10	58	0	0	0	0	2	0	0	0	1000	//엠비션장갑
//458	-1	11	58	0	0	0	0	2	0	0	0	1000	//엠비션부츠
//458	-1	10	74	0	0	0	0	2	0	0	0	1000	//스톰윙장갑
//458	-1	11	74	0	0	0	0	2	0	0	0	1000	//스톰윙부츠
//458	-1	10	75	0	0	0	0	2	0	0	0	1000	//라이트로드장갑
//458	-1	11	75	0	0	0	0	2	0	0	0	1000	//라이트로드부츠
//458	-1	10	76	0	0	0	0	2	0	0	0	1000	//매직나이트장갑
//458	-1	11	76	0	0	0	0	2	0	0	0	1000	//매직나이트부츠
//458	-1	6	23	0	0	0	0	2	0	0	0	1000	//라이트로드실드
//458	-1	6	25	0	0	0	0	2	0	0	0	1000	//매직나이트실드
//458	-1	6	22	0	0	0	0	2	0	0	0	1000	//레이지윈드방패
//458	-1	6	26	0	0	0	0	2	0	0	0	1000	//엠비션실드
//458	-1	14	184	0	0	0	0	0	0	0	0	1725	// 아이언나이트의심장
//458	-1	14	191	0	0	0	0	0	0	0	0	360	// 소닉조합쪽지
//458	-1	14	192	0	0	0	0	0	0	0	0	360	// 사이클론조합쪽지
//458	-1	14	193	0	0	0	0	0	0	0	0	360	// 블래스트조합쪽지
//458	-1	14	194	0	0	0	0	0	0	0	0	360	// 마그마조합쪽지
//458	-1	14	195	0	0	0	0	0	0	0	0	360	// 호른조합쪽지
//458	-1	14	196	0	0	0	0	0	0	0	0	360	// 엔젤릭조합쪽지
//458	-1	14	197	0	0	0	0	0	0	0	0	360	// 데빌크로스조합쪽지
//458	-1	14	198	0	0	0	0	0	0	0	0	360	// 미라클조합쪽지
//458	-1	14	199	0	0	0	0	0	0	0	0	360	// 스파이트조합쪽지
//458	-1	14	200	0	0	0	0	0	0	0	0	360	// 아수라조합쪽지
//458	-1	14	201	0	0	0	0	0	0	0	0	360	// 썬더조합쪽지
//458	-1	14	202	0	0	0	0	0	0	0	0	360	// 스피릿조합쪽지
//458	-1	14	203	0	0	0	0	0	0	0	0	360	// 프릭클조합쪽지
//아이언나이트 엑설런트													
458	-1	4	19	0	0	0	0	2	0	1	0	2	//그레이트레인석궁
458	-1	4	22	0	0	0	0	2	0	1	0	2	//알바트로스보우
458	-1	0	31	0	0	0	0	2	0	1	0	2	//데스브로드
458	-1	0	17	0	0	0	0	2	0	1	0	2	//다크브레이커
458	-1	0	18	0	0	0	0	2	0	1	0	2	//선더블레이드
458	-1	0	34	0	0	0	0	2	0	1	0	2	//피어싱블레이드글러브
458	-1	0	24	0	0	0	0	2	0	1	0	2	//데이브레이크
458	-1	0	25	0	0	0	0	2	0	1	0	2	//소드댄서
458	-1	5	9	0	0	0	0	2	0	1	0	2	//드래곤소울지팡이
458	-1	5	13	0	0	0	0	2	0	1	0	2	//플라티나윙스태프
458	-1	5	18	0	0	0	0	2	0	1	0	2	//데모닉스틱
458	-1	2	15	0	0	0	0	2	0	1	0	2	//샤이닝셉터
458	-1	8	94	0	0	0	0	2	0	1	0	2	//히라트갑옷
458	-1	8	95	0	0	0	0	2	0	1	0	2	//세이트갑옷
458	-1	8	61	0	0	0	0	2	0	1	0	2	//피어싱그로브갑옷
458	-1	8	17	0	0	0	0	2	0	1	0	2	//다크피닉스갑옷
458	-1	7	22	0	0	0	0	2	0	1	0	2	//블랙소울헬멧
458	-1	9	22	0	0	0	0	2	0	1	0	2	//블랙소울바지
458	-1	8	20	0	0	0	0	2	0	1	0	2	//선더호크갑옷
458	-1	9	20	0	0	0	0	2	0	1	0	2	//선더호크바지
458	-1	7	28	0	0	0	0	2	0	1	0	2	//다크마스터마스크
458	-1	8	28	0	0	0	0	2	0	1	0	2	//다크마스터갑옷
458	-1	9	28	0	0	0	0	2	0	1	0	2	//다크마스터바지
458	-1	8	37	0	0	0	0	2	0	1	0	2	//발리언트갑옷
458	-1	9	37	0	0	0	0	2	0	1	0	2	//발리언트바지
458	-1	8	38	0	0	0	0	2	0	1	0	2	//글로리어스갑옷
458	-1	9	38	0	0	0	0	2	0	1	0	2	//글로리어스바지
458	-1	10	23	0	0	0	0	2	0	1	0	2	//아스릴장갑
458	-1	11	23	0	0	0	0	2	0	1	0	2	//아스릴부츠
458	-1	8	24	0	0	0	0	2	0	1	0	2	//레드스피릿갑옷
458	-1	9	24	0	0	0	0	2	0	1	0	2	//레드스피릿바지
458	-1	9	21	0	0	0	0	2	0	1	0	2	//그레이트드라곤바지
//다크자이언트 143													180
563	-1	4	20	0	0	0	2	2	0	0	0	3916	//에로우바이퍼보우
563	-1	0	20	0	0	0	2	2	0	0	0	3916	//나이트블레이드
563	-1	0	21	0	0	0	2	2	0	0	0	3916	//데스블레이드
563	-1	5	11	0	0	0	2	2	0	0	0	3916	//쿤둔의지팡이
563	-1	2	12	0	0	0	2	2	0	0	0	3916	//그레이트로드셉터
563	-1	8	23	0	0	0	2	2	0	0	0	3916	//아스릴갑옷
563	-1	8	21	0	0	0	2	2	0	0	0	3916	//그레이트드라곤갑옷
//563	-1	4	23	0	0	0	2	2	0	0	0	1000	//다크스팅거
//563	-1	0	27	0	0	0	2	2	0	0	0	1000	//소드브레이커
//563	-1	0	26	0	0	0	2	2	0	0	0	1000	//플랑베루주
//563	-1	0	28	0	0	0	2	2	0	0	0	1000	//룬바스타드
//563	-1	5	31	0	0	0	2	2	0	0	0	1000	//인베리알스태프
//563	-1	5	30	0	0	0	2	2	0	0	0	1000	//데들리스테프
//563	-1	2	17	0	0	0	2	2	0	0	0	1000	//앱솔루트셉터
//563	-1	8	52	0	0	0	0	2	0	0	0	1000	//하데스갑옷
//563	-1	8	45	0	0	0	0	2	0	0	0	1000	//티탄갑옷
//563	-1	8	51	0	0	0	0	2	0	0	0	1000	//패왕갑옷
//563	-1	8	49	0	0	0	0	2	0	0	0	1000	//세라핌갑옷
//563	-1	8	47	0	0	0	0	2	0	0	0	1000	//팬텀갑옷
//563	-1	8	44	0	0	0	0	2	0	0	0	1000	//이터널윙갑옷
//563	-1	8	48	0	0	0	0	2	0	0	0	1000	//디스트로이갑옷
//563	-1	8	46	0	0	0	0	2	0	0	0	1000	//브레이브갑옷
//563	-1	7	53	0	0	0	0	2	0	0	0	1000	//서큐버스헬멧
//563	-1	10	53	0	0	0	0	2	0	0	0	1000	//서큐버스장갑
//563	-1	11	53	0	0	0	0	2	0	0	0	1000	//서큐버스부츠
//563	-1	7	54	0	0	0	0	2	0	0	0	1000	//레이지윈드투구
//563	-1	10	54	0	0	0	0	2	0	0	0	1000	//레이지윈드장갑
//563	-1	11	54	0	0	0	0	2	0	0	0	1000	//레이지윈드부츠
//563	-1	7	55	0	0	0	0	2	0	0	0	1000	//다크데빌헬멧
//563	-1	10	55	0	0	0	0	2	0	0	0	1000	//다크데빌장갑
//563	-1	11	55	0	0	0	0	2	0	0	0	1000	//다크데빌부츠
//563	-1	7	56	0	0	0	0	2	0	0	0	1000	//스티키헬멧
//563	-1	10	56	0	0	0	0	2	0	0	0	1000	//스티키장갑
//563	-1	11	56	0	0	0	0	2	0	0	0	1000	//스티키부츠
//563	-1	10	57	0	0	0	0	2	0	0	0	1000	//헬나이트장갑
//563	-1	11	57	0	0	0	0	2	0	0	0	1000	//헬나이트부츠
//563	-1	7	58	0	0	0	0	2	0	0	0	1000	//엠비션마스크
//563	-1	10	58	0	0	0	0	2	0	0	0	1000	//엠비션장갑
//563	-1	11	58	0	0	0	0	2	0	0	0	1000	//엠비션부츠
//563	-1	7	74	0	0	0	0	2	0	0	0	1000	//스톰윙투구
//563	-1	10	74	0	0	0	0	2	0	0	0	1000	//스톰윙장갑
//563	-1	11	74	0	0	0	0	2	0	0	0	1000	//스톰윙부츠
//563	-1	7	75	0	0	0	0	2	0	0	0	1000	//라이트로드헬멧
//563	-1	10	75	0	0	0	0	2	0	0	0	1000	//라이트로드장갑
//563	-1	11	75	0	0	0	0	2	0	0	0	1000	//라이트로드부츠
//563	-1	10	76	0	0	0	0	2	0	0	0	1000	//매직나이트장갑
//563	-1	11	76	0	0	0	0	2	0	0	0	1000	//매직나이트부츠
//563	-1	6	25	0	0	0	0	2	0	0	0	1000	//매직나이트실드
//563	-1	6	22	0	0	0	0	2	0	0	0	1000	//레이지윈드방패
//563	-1	6	26	0	0	0	0	2	0	0	0	1000	//엠비션실드
//563	-1	14	186	0	0	0	0	0	0	0	0	450	// 다크자이언트의도끼
//563	-1	14	191	0	0	0	0	0	0	0	0	385	// 소닉조합쪽지
//563	-1	14	192	0	0	0	0	0	0	0	0	385	// 사이클론조합쪽지
//563	-1	14	193	0	0	0	0	0	0	0	0	385	// 블래스트조합쪽지
//563	-1	14	194	0	0	0	0	0	0	0	0	385	// 마그마조합쪽지
//563	-1	14	195	0	0	0	0	0	0	0	0	385	// 호른조합쪽지
//563	-1	14	196	0	0	0	0	0	0	0	0	385	// 엔젤릭조합쪽지
//563	-1	14	197	0	0	0	0	0	0	0	0	385	// 데빌크로스조합쪽지
//563	-1	14	198	0	0	0	0	0	0	0	0	385	// 미라클조합쪽지
//563	-1	14	199	0	0	0	0	0	0	0	0	385	// 스파이트조합쪽지
//563	-1	14	200	0	0	0	0	0	0	0	0	385	// 아수라조합쪽지
//563	-1	14	201	0	0	0	0	0	0	0	0	385	// 썬더조합쪽지
//563	-1	14	202	0	0	0	0	0	0	0	0	385	// 스피릿조합쪽지
//563	-1	14	203	0	0	0	0	0	0	0	0	385	// 프릭클조합쪽지
//다크자이언트 엑설런트													
563	-1	4	19	0	0	0	0	2	0	1	0	2	//그레이트레인석궁
563	-1	4	22	0	0	0	0	2	0	1	0	2	//알바트로스보우
563	-1	0	31	0	0	0	0	2	0	1	0	2	//데스브로드
563	-1	0	17	0	0	0	0	2	0	1	0	2	//다크브레이커
563	-1	0	18	0	0	0	0	2	0	1	0	2	//선더블레이드
563	-1	0	34	0	0	0	0	2	0	1	0	2	//피어싱블레이드글러브
563	-1	0	24	0	0	0	0	2	0	1	0	2	//데이브레이크
563	-1	0	25	0	0	0	0	2	0	1	0	2	//소드댄서
563	-1	5	9	0	0	0	0	2	0	1	0	2	//드래곤소울지팡이
563	-1	5	13	0	0	0	0	2	0	1	0	2	//플라티나윙스태프
563	-1	5	18	0	0	0	0	2	0	1	0	2	//데모닉스틱
563	-1	2	15	0	0	0	0	2	0	1	0	2	//샤이닝셉터
563	-1	8	94	0	0	0	0	2	0	1	0	2	//히라트갑옷
563	-1	8	95	0	0	0	0	2	0	1	0	2	//세이트갑옷
563	-1	8	61	0	0	0	0	2	0	1	0	2	//피어싱그로브갑옷
563	-1	8	17	0	0	0	0	2	0	1	0	2	//다크피닉스갑옷
563	-1	7	22	0	0	0	0	2	0	1	0	2	//블랙소울헬멧
563	-1	9	22	0	0	0	0	2	0	1	0	2	//블랙소울바지
563	-1	8	20	0	0	0	0	2	0	1	0	2	//선더호크갑옷
563	-1	7	28	0	0	0	0	2	0	1	0	2	//다크마스터마스크
563	-1	8	28	0	0	0	0	2	0	1	0	2	//다크마스터갑옷
563	-1	9	28	0	0	0	0	2	0	1	0	2	//다크마스터바지
563	-1	8	37	0	0	0	0	2	0	1	0	2	//발리언트갑옷
563	-1	9	37	0	0	0	0	2	0	1	0	2	//발리언트바지
563	-1	8	38	0	0	0	0	2	0	1	0	2	//글로리어스갑옷
563	-1	9	38	0	0	0	0	2	0	1	0	2	//글로리어스바지
563	-1	10	23	0	0	0	0	2	0	1	0	2	//아스릴장갑
563	-1	11	23	0	0	0	0	2	0	1	0	2	//아스릴부츠
563	-1	8	24	0	0	0	0	2	0	1	0	2	//레드스피릿갑옷
563	-1	9	24	0	0	0	0	2	0	1	0	2	//레드스피릿바지
563	-1	9	21	0	0	0	0	2	0	1	0	2	//그레이트드라곤바지
//다크쿨러틴 145													180
564	-1	4	20	0	0	0	2	2	0	0	0	3658	//에로우바이퍼보우
564	-1	0	20	0	0	0	2	2	0	0	0	3658	//나이트블레이드
564	-1	0	21	0	0	0	2	2	0	0	0	3658	//데스블레이드
564	-1	5	11	0	0	0	2	2	0	0	0	3658	//쿤둔의지팡이
564	-1	2	12	0	0	0	2	2	0	0	0	3658	//그레이트로드셉터
564	-1	8	23	0	0	0	2	2	0	0	0	3658	//아스릴갑옷
564	-1	8	21	0	0	0	2	2	0	0	0	3658	//그레이트드라곤갑옷
//564	-1	4	23	0	0	0	2	2	0	0	0	1000	//다크스팅거
//564	-1	0	27	0	0	0	2	2	0	0	0	1000	//소드브레이커
//564	-1	0	26	0	0	0	2	2	0	0	0	1000	//플랑베루주
//564	-1	0	28	0	0	0	2	2	0	0	0	1000	//룬바스타드
//564	-1	5	31	0	0	0	2	2	0	0	0	1000	//인베리알스태프
//564	-1	5	30	0	0	0	2	2	0	0	0	1000	//데들리스테프
//564	-1	2	17	0	0	0	2	2	0	0	0	1000	//앱솔루트셉터
//564	-1	8	52	0	0	0	0	2	0	0	0	1000	//하데스갑옷
//564	-1	8	45	0	0	0	0	2	0	0	0	1000	//티탄갑옷
//564	-1	8	51	0	0	0	0	2	0	0	0	1000	//패왕갑옷
//564	-1	8	49	0	0	0	0	2	0	0	0	1000	//세라핌갑옷
//564	-1	8	47	0	0	0	0	2	0	0	0	1000	//팬텀갑옷
//564	-1	8	44	0	0	0	0	2	0	0	0	1000	//이터널윙갑옷
//564	-1	8	46	0	0	0	0	2	0	0	0	1000	//브레이브갑옷
//564	-1	7	53	0	0	0	0	2	0	0	0	1000	//서큐버스헬멧
//564	-1	10	53	0	0	0	0	2	0	0	0	1000	//서큐버스장갑
//564	-1	9	53	0	0	0	0	2	0	0	0	1000	//서큐버스바지
//564	-1	11	53	0	0	0	0	2	0	0	0	1000	//서큐버스부츠
//564	-1	7	54	0	0	0	0	2	0	0	0	1000	//레이지윈드투구
//564	-1	10	54	0	0	0	0	2	0	0	0	1000	//레이지윈드장갑
//564	-1	9	54	0	0	0	0	2	0	0	0	1000	//레이지윈드바지
//564	-1	11	54	0	0	0	0	2	0	0	0	1000	//레이지윈드부츠
//564	-1	7	55	0	0	0	0	2	0	0	0	1000	//다크데빌헬멧
//564	-1	10	55	0	0	0	0	2	0	0	0	1000	//다크데빌장갑
//564	-1	9	55	0	0	0	0	2	0	0	0	1000	//다크데빌바지
//564	-1	11	55	0	0	0	0	2	0	0	0	1000	//다크데빌부츠
//564	-1	7	56	0	0	0	0	2	0	0	0	1000	//스티키헬멧
//564	-1	10	56	0	0	0	0	2	0	0	0	1000	//스티키장갑
//564	-1	9	56	0	0	0	0	2	0	0	0	1000	//스티키바지
//564	-1	11	56	0	0	0	0	2	0	0	0	1000	//스티키부츠
//564	-1	10	57	0	0	0	0	2	0	0	0	1000	//헬나이트장갑
//564	-1	9	57	0	0	0	0	2	0	0	0	1000	//헬나이트바지
//564	-1	11	57	0	0	0	0	2	0	0	0	1000	//헬나이트부츠
//564	-1	7	58	0	0	0	0	2	0	0	0	1000	//엠비션마스크
//564	-1	10	58	0	0	0	0	2	0	0	0	1000	//엠비션장갑
//564	-1	9	58	0	0	0	0	2	0	0	0	1000	//엠비션바지
//564	-1	11	58	0	0	0	0	2	0	0	0	1000	//엠비션부츠
//564	-1	7	74	0	0	0	0	2	0	0	0	1000	//스톰윙투구
//564	-1	10	74	0	0	0	0	2	0	0	0	1000	//스톰윙장갑
//564	-1	9	74	0	0	0	0	2	0	0	0	1000	//스톰윙바지
//564	-1	11	74	0	0	0	0	2	0	0	0	1000	//스톰윙부츠
//564	-1	7	75	0	0	0	0	2	0	0	0	1000	//라이트로드헬멧
//564	-1	10	75	0	0	0	0	2	0	0	0	1000	//라이트로드장갑
//564	-1	9	75	0	0	0	0	2	0	0	0	1000	//라이트로드바지
//564	-1	11	75	0	0	0	0	2	0	0	0	1000	//라이트로드부츠
//564	-1	10	76	0	0	0	0	2	0	0	0	1000	//매직나이트장갑
//564	-1	9	76	0	0	0	0	2	0	0	0	1000	//매직나이트바지
//564	-1	11	76	0	0	0	0	2	0	0	0	1000	//매직나이트부츠
//564	-1	6	25	0	0	0	0	2	0	0	0	1000	//매직나이트실드
//564	-1	6	22	0	0	0	0	2	0	0	0	1000	//레이지윈드방패
//564	-1	6	26	0	0	0	0	2	0	0	0	1000	//엠비션실드
//564	-1	14	187	0	0	0	0	0	0	0	0	325	// 다크쿨러틴의피
//564	-1	14	191	0	0	0	0	0	0	0	0	405	// 소닉조합쪽지
//564	-1	14	192	0	0	0	0	0	0	0	0	405	// 사이클론조합쪽지
//564	-1	14	193	0	0	0	0	0	0	0	0	405	// 블래스트조합쪽지
//564	-1	14	194	0	0	0	0	0	0	0	0	405	// 마그마조합쪽지
//564	-1	14	195	0	0	0	0	0	0	0	0	405	// 호른조합쪽지
//564	-1	14	196	0	0	0	0	0	0	0	0	405	// 엔젤릭조합쪽지
//564	-1	14	197	0	0	0	0	0	0	0	0	405	// 데빌크로스조합쪽지
//564	-1	14	198	0	0	0	0	0	0	0	0	405	// 미라클조합쪽지
//564	-1	14	199	0	0	0	0	0	0	0	0	405	// 스파이트조합쪽지
//564	-1	14	200	0	0	0	0	0	0	0	0	405	// 아수라조합쪽지
//564	-1	14	201	0	0	0	0	0	0	0	0	405	// 썬더조합쪽지
//564	-1	14	202	0	0	0	0	0	0	0	0	405	// 스피릿조합쪽지
//564	-1	14	203	0	0	0	0	0	0	0	0	405	// 프릭클조합쪽지
//다크쿨러틴 엑설런트													
564	-1	4	22	0	0	0	0	2	0	1	0	2	//알바트로스보우
564	-1	0	17	0	0	0	0	2	0	1	0	2	//다크브레이커
564	-1	0	18	0	0	0	0	2	0	1	0	2	//선더블레이드
564	-1	0	34	0	0	0	0	2	0	1	0	2	//피어싱블레이드글러브
564	-1	0	24	0	0	0	0	2	0	1	0	2	//데이브레이크
564	-1	0	25	0	0	0	0	2	0	1	0	2	//소드댄서
564	-1	5	13	0	0	0	0	2	0	1	0	2	//플라티나윙스태프
564	-1	2	15	0	0	0	0	2	0	1	0	2	//샤이닝셉터
564	-1	7	22	0	0	0	0	2	0	1	0	2	//블랙소울헬멧
564	-1	9	22	0	0	0	0	2	0	1	0	2	//블랙소울바지
564	-1	8	20	0	0	0	0	2	0	1	0	2	//선더호크갑옷
564	-1	7	28	0	0	0	0	2	0	1	0	2	//다크마스터마스크
564	-1	8	28	0	0	0	0	2	0	1	0	2	//다크마스터갑옷
564	-1	9	28	0	0	0	0	2	0	1	0	2	//다크마스터바지
564	-1	8	37	0	0	0	0	2	0	1	0	2	//발리언트갑옷
564	-1	8	38	0	0	0	0	2	0	1	0	2	//글로리어스갑옷
564	-1	10	23	0	0	0	0	2	0	1	0	2	//아스릴장갑
564	-1	11	23	0	0	0	0	2	0	1	0	2	//아스릴부츠
564	-1	8	24	0	0	0	0	2	0	1	0	2	//레드스피릿갑옷
564	-1	9	21	0	0	0	0	2	0	1	0	2	//그레이트드라곤바지
//다크아이언나이트 148													180
565	-1	4	20	0	0	0	2	2	0	0	0	2531	//에로우바이퍼보우
565	-1	4	21	0	0	0	2	2	0	0	0	2531	//실프윈드보우
565	-1	0	20	0	0	0	2	2	0	0	0	2531	//나이트블레이드
565	-1	0	21	0	0	0	2	2	0	0	0	2531	//데스블레이드
565	-1	0	22	0	0	0	2	2	0	0	0	2531	//본블레이드
565	-1	0	23	0	0	0	2	2	0	0	0	2531	//익스플로전블레이드
565	-1	0	35	0	0	0	2	2	0	0	0	2531	//피닉스소울스타
565	-1	5	11	0	0	0	2	2	0	0	0	2531	//쿤둔의지팡이
565	-1	5	12	0	0	0	2	2	0	0	0	2531	//그랜드바이퍼지팡이
565	-1	2	12	0	0	0	2	2	0	0	0	2531	//그레이트로드셉터
565	-1	8	21	0	0	0	2	2	0	0	0	2531	//그레이트드라곤갑옷
//565	-1	4	23	0	0	0	2	2	0	0	0	1000	//다크스팅거
//565	-1	0	27	0	0	0	2	2	0	0	0	1000	//소드브레이커
//565	-1	0	26	0	0	0	2	2	0	0	0	1000	//플랑베루주
//565	-1	0	28	0	0	0	2	2	0	0	0	1000	//룬바스타드
//565	-1	5	31	0	0	0	2	2	0	0	0	1000	//인베리알스태프
//565	-1	5	30	0	0	0	2	2	0	0	0	1000	//데들리스테프
//565	-1	5	20	0	0	0	2	2	0	0	0	1000	//이터널윙스틱
//565	-1	2	17	0	0	0	2	2	0	0	0	1000	//앱솔루트셉터
//565	-1	2	14	0	0	0	2	2	0	0	0	1000	//솔레이유셉터
//565	-1	8	45	0	0	0	0	2	0	0	0	1000	//티탄갑옷
//565	-1	8	51	0	0	0	0	2	0	0	0	1000	//패왕갑옷
//565	-1	8	47	0	0	0	0	2	0	0	0	1000	//팬텀갑옷
//565	-1	8	44	0	0	0	0	2	0	0	0	1000	//이터널윙갑옷
//565	-1	7	53	0	0	0	0	2	0	0	0	1000	//서큐버스헬멧
//565	-1	8	53	0	0	0	0	2	0	0	0	1000	//서큐버스갑옷
//565	-1	10	53	0	0	0	0	2	0	0	0	1000	//서큐버스장갑
//565	-1	9	53	0	0	0	0	2	0	0	0	1000	//서큐버스바지
//565	-1	11	53	0	0	0	0	2	0	0	0	1000	//서큐버스부츠
//565	-1	7	54	0	0	0	0	2	0	0	0	1000	//레이지윈드투구
//565	-1	8	54	0	0	0	0	2	0	0	0	1000	//레이지윈드갑옷
//565	-1	10	54	0	0	0	0	2	0	0	0	1000	//레이지윈드장갑
//565	-1	9	54	0	0	0	0	2	0	0	0	1000	//레이지윈드바지
//565	-1	11	54	0	0	0	0	2	0	0	0	1000	//레이지윈드부츠
//565	-1	7	55	0	0	0	0	2	0	0	0	1000	//다크데빌헬멧
//565	-1	8	55	0	0	0	0	2	0	0	0	1000	//다크데빌갑옷
//565	-1	10	55	0	0	0	0	2	0	0	0	1000	//다크데빌장갑
//565	-1	9	55	0	0	0	0	2	0	0	0	1000	//다크데빌바지
//565	-1	11	55	0	0	0	0	2	0	0	0	1000	//다크데빌부츠
//565	-1	7	56	0	0	0	0	2	0	0	0	1000	//스티키헬멧
//565	-1	8	56	0	0	0	0	2	0	0	0	1000	//스티키갑옷
//565	-1	10	56	0	0	0	0	2	0	0	0	1000	//스티키장갑
//565	-1	9	56	0	0	0	0	2	0	0	0	1000	//스티키바지
//565	-1	11	56	0	0	0	0	2	0	0	0	1000	//스티키부츠
//565	-1	8	57	0	0	0	0	2	0	0	0	1000	//헬나이트갑옷
//565	-1	10	57	0	0	0	0	2	0	0	0	1000	//헬나이트장갑
//565	-1	9	57	0	0	0	0	2	0	0	0	1000	//헬나이트바지
//565	-1	11	57	0	0	0	0	2	0	0	0	1000	//헬나이트부츠
//565	-1	7	58	0	0	0	0	2	0	0	0	1000	//엠비션마스크
//565	-1	8	58	0	0	0	0	2	0	0	0	1000	//엠비션갑옷
//565	-1	10	58	0	0	0	0	2	0	0	0	1000	//엠비션장갑
//565	-1	9	58	0	0	0	0	2	0	0	0	1000	//엠비션바지
//565	-1	11	58	0	0	0	0	2	0	0	0	1000	//엠비션부츠
//565	-1	7	74	0	0	0	0	2	0	0	0	1000	//스톰윙투구
//565	-1	8	74	0	0	0	0	2	0	0	0	1000	//스톰윙갑옷
//565	-1	10	74	0	0	0	0	2	0	0	0	1000	//스톰윙장갑
//565	-1	9	74	0	0	0	0	2	0	0	0	1000	//스톰윙바지
//565	-1	11	74	0	0	0	0	2	0	0	0	1000	//스톰윙부츠
//565	-1	7	75	0	0	0	0	2	0	0	0	1000	//라이트로드헬멧
//565	-1	8	75	0	0	0	0	2	0	0	0	1000	//라이트로드갑옷
//565	-1	10	75	0	0	0	0	2	0	0	0	1000	//라이트로드장갑
//565	-1	9	75	0	0	0	0	2	0	0	0	1000	//라이트로드바지
//565	-1	11	75	0	0	0	0	2	0	0	0	1000	//라이트로드부츠
//565	-1	8	76	0	0	0	0	2	0	0	0	1000	//매직나이트갑옷
//565	-1	10	76	0	0	0	0	2	0	0	0	1000	//매직나이트장갑
//565	-1	9	76	0	0	0	0	2	0	0	0	1000	//매직나이트바지
//565	-1	11	76	0	0	0	0	2	0	0	0	1000	//매직나이트부츠
//565	-1	6	26	0	0	0	0	2	0	0	0	1000	//엠비션실드
//565	-1	14	188	0	0	0	0	0	0	0	0	590	// 다크아이언나이트의검
//565	-1	14	191	0	0	0	0	0	0	0	0	430	// 소닉조합쪽지
//565	-1	14	192	0	0	0	0	0	0	0	0	430	// 사이클론조합쪽지
//565	-1	14	193	0	0	0	0	0	0	0	0	430	// 블래스트조합쪽지
//565	-1	14	194	0	0	0	0	0	0	0	0	430	// 마그마조합쪽지
//565	-1	14	195	0	0	0	0	0	0	0	0	430	// 호른조합쪽지
//565	-1	14	196	0	0	0	0	0	0	0	0	430	// 엔젤릭조합쪽지
//565	-1	14	197	0	0	0	0	0	0	0	0	430	// 데빌크로스조합쪽지
//565	-1	14	198	0	0	0	0	0	0	0	0	430	// 미라클조합쪽지
//565	-1	14	199	0	0	0	0	0	0	0	0	430	// 스파이트조합쪽지
//565	-1	14	200	0	0	0	0	0	0	0	0	430	// 아수라조합쪽지
//565	-1	14	201	0	0	0	0	0	0	0	0	430	// 썬더조합쪽지
//565	-1	14	202	0	0	0	0	0	0	0	0	430	// 스피릿조합쪽지
//565	-1	14	203	0	0	0	0	0	0	0	0	430	// 프릭클조합쪽지
//다크아이언나이트 엑설런트													
565	-1	4	22	0	0	0	0	2	0	1	0	2	//알바트로스보우
565	-1	0	18	0	0	0	0	2	0	1	0	2	//선더블레이드
565	-1	0	34	0	0	0	0	2	0	1	0	2	//피어싱블레이드글러브
565	-1	0	24	0	0	0	0	2	0	1	0	2	//데이브레이크
565	-1	0	25	0	0	0	0	2	0	1	0	2	//소드댄서
565	-1	5	13	0	0	0	0	2	0	1	0	2	//플라티나윙스태프
565	-1	2	15	0	0	0	0	2	0	1	0	2	//샤이닝셉터
565	-1	7	22	0	0	0	0	2	0	1	0	2	//블랙소울헬멧
565	-1	8	22	0	0	0	0	2	0	1	0	2	//블랙소울갑옷
565	-1	9	22	0	0	0	0	2	0	1	0	2	//블랙소울바지
565	-1	8	20	0	0	0	0	2	0	1	0	2	//선더호크갑옷
565	-1	7	28	0	0	0	0	2	0	1	0	2	//다크마스터마스크
565	-1	8	28	0	0	0	0	2	0	1	0	2	//다크마스터갑옷
565	-1	9	28	0	0	0	0	2	0	1	0	2	//다크마스터바지
565	-1	8	37	0	0	0	0	2	0	1	0	2	//발리언트갑옷
565	-1	8	38	0	0	0	0	2	0	1	0	2	//글로리어스갑옷
565	-1	9	23	0	0	0	0	2	0	1	0	2	//아스릴바지
565	-1	11	23	0	0	0	0	2	0	1	0	2	//아스릴부츠
565	-1	8	24	0	0	0	0	2	0	1	0	2	//레드스피릿갑옷
565	-1	9	21	0	0	0	0	2	0	1	0	2	//그레이트드라곤바지
//소켓아이템 드랍 설정 변경 (Season11 Part.2 - 2016-05-12 사재일)													
// 아이스워커_ 소켓아이템 드랍													
454	-1	10	44	0	0	0	0	2	0	0	0	1200	//이터널윙장갑
454	-1	10	45	0	0	0	0	2	0	0	0	1200	//티탄장갑
454	-1	10	46	0	0	0	0	2	0	0	0	1200	//브레이브장갑
454	-1	10	47	0	0	0	0	2	0	0	0	1200	//팬텀장갑
454	-1	10	48	0	0	0	0	2	0	0	0	1200	//디스트로이장갑
454	-1	10	49	0	0	0	0	2	0	0	0	1200	//세라핌장갑
454	-1	10	50	0	0	0	0	2	0	0	0	1200	//디바인장갑
454	-1	10	51	0	0	0	0	2	0	0	0	1200	//패왕장갑
454	-1	10	52	0	0	0	0	2	0	0	0	1200	//하데스장갑
454	-1	10	148	0	0	0	0	2	0	0	0	1200	//그레이스장갑
454	-1	11	44	0	0	0	0	2	0	0	0	1200	//이터널윙부츠
454	-1	11	45	0	0	0	0	2	0	0	0	1200	//티탄부츠
454	-1	11	46	0	0	0	0	2	0	0	0	1200	//브레이브부츠
454	-1	11	47	0	0	0	0	2	0	0	0	1200	//팬텀부츠
454	-1	11	48	0	0	0	0	2	0	0	0	1200	//디스트로이부츠
454	-1	11	49	0	0	0	0	2	0	0	0	1200	//세라핌부츠
454	-1	11	50	0	0	0	0	2	0	0	0	1200	//디바인부츠
454	-1	11	51	0	0	0	0	2	0	0	0	1200	//패왕부츠
454	-1	11	52	0	0	0	0	2	0	0	0	1200	//하데스부츠
454	-1	11	146	0	0	0	0	2	0	0	0	1200	//티그리스부츠
454	-1	11	148	0	0	0	0	2	0	0	0	1200	//그레이스부츠
// 자이언트매머드_ 소켓아이템 드랍													
455	-1	9	44	0	0	0	0	2	0	0	0	1200	//이터널윙바지
455	-1	9	45	0	0	0	0	2	0	0	0	1200	//티탄바지
455	-1	9	46	0	0	0	0	2	0	0	0	1200	//브레이브바지
455	-1	9	47	0	0	0	0	2	0	0	0	1200	//팬텀바지
455	-1	9	48	0	0	0	0	2	0	0	0	1200	//디스트로이바지
455	-1	9	49	0	0	0	0	2	0	0	0	1200	//세라핌바지
455	-1	9	50	0	0	0	0	2	0	0	0	1200	//디바인바지
455	-1	9	51	0	0	0	0	2	0	0	0	1200	//패왕바지
455	-1	9	52	0	0	0	0	2	0	0	0	1200	//하데스바지
455	-1	9	146	0	0	0	0	2	0	0	0	1200	//티그리스바지
455	-1	9	148	0	0	0	0	2	0	0	0	1200	//그레이스바지
455	-1	7	44	0	0	0	0	2	0	0	0	1200	//이터널윙헬멧
455	-1	7	45	0	0	0	0	2	0	0	0	1200	//티탄투구
455	-1	7	46	0	0	0	0	2	0	0	0	1200	//브레이브헬멧
455	-1	7	49	0	0	0	0	2	0	0	0	1200	//세라핌헬멧
455	-1	7	50	0	0	0	0	2	0	0	0	1200	//디바인헬멧
455	-1	7	51	0	0	0	0	2	0	0	0	1200	//패왕마스크
455	-1	7	52	0	0	0	0	2	0	0	0	1200	//하데스헬멧
455	-1	7	146	0	0	0	0	2	0	0	0	1200	//티그리스헬멧
455	-1	7	148	0	0	0	0	2	0	0	0	1200	//그레이스헬멧
// 아이스자이언트_ 소켓아이템 드랍													
456	-1	6	17	0	0	0	0	2	0	0	0	1200	//크림슨글로리
456	-1	6	18	0	0	0	0	2	0	0	0	1200	//샐러맨더실드
456	-1	6	19	0	0	0	0	2	0	0	0	1200	//프로스트배리어
456	-1	6	20	0	0	0	0	2	0	0	0	1200	//가디안방패
456	-1	6	40	0	0	0	0	2	0	0	0	1200	//그레이스실드
456	-1	8	44	0	0	0	0	2	0	0	0	1200	//이터널윙갑옷
456	-1	8	45	0	0	0	0	2	0	0	0	1200	//티탄갑옷
456	-1	8	46	0	0	0	0	2	0	0	0	1200	//브레이브갑옷
456	-1	8	47	0	0	0	0	2	0	0	0	1200	//팬텀갑옷
456	-1	8	48	0	0	0	0	2	0	0	0	1200	//디스트로이갑옷
456	-1	8	49	0	0	0	0	2	0	0	0	1200	//세라핌갑옷
456	-1	8	50	0	0	0	0	2	0	0	0	1200	//디바인갑옷
456	-1	8	51	0	0	0	0	2	0	0	0	1200	//패왕갑옷
456	-1	8	52	0	0	0	0	2	0	0	0	1200	//하데스갑옷
456	-1	8	146	0	0	0	0	2	0	0	0	1200	//티그리스갑옷
456	-1	8	148	0	0	0	0	2	0	0	0	1200	//그레이스갑옷
456	-1	0	26	0	0	0	2	2	0	0	0	450	//플랑베루주
456	-1	0	27	0	0	0	2	2	0	0	0	450	//소드브레이커
456	-1	0	28	0	0	0	2	2	0	0	0	450	//룬바스타드
456	-1	0	52	0	0	0	2	2	0	0	0	450	//판테라클로
456	-1	2	16	0	0	0	2	2	0	0	0	450	//프로스트메이스
456	-1	2	17	0	0	0	2	2	0	0	0	450	//앱솔루트셉터
456	-1	3	22	0	0	0	2	2	0	0	0	450	//렉투스랜스
456	-1	4	23	0	0	0	2	2	0	0	0	450	//다크스팅거
456	-1	5	20	0	0	0	2	2	0	0	0	450	//이터널윙스틱
456	-1	5	30	0	0	0	2	2	0	0	0	450	//데들리스태프
456	-1	5	31	0	0	0	2	2	0	0	0	450	//인베리알스태프
// 쿨러틴_ 소켓아이템 드랍													
457	-1	10	44	0	0	0	0	2	2	0	0	1000	//이터널윙장갑
457	-1	10	45	0	0	0	0	2	2	0	0	1000	//티탄장갑
457	-1	10	46	0	0	0	0	2	2	0	0	1000	//브레이브장갑
457	-1	10	47	0	0	0	0	2	2	0	0	1000	//팬텀장갑
457	-1	10	48	0	0	0	0	2	2	0	0	1000	//디스트로이장갑
457	-1	10	49	0	0	0	0	2	2	0	0	1000	//세라핌장갑
457	-1	10	50	0	0	0	0	2	2	0	0	1000	//디바인장갑
457	-1	10	51	0	0	0	0	2	2	0	0	1000	//패왕장갑
457	-1	10	52	0	0	0	0	2	2	0	0	1000	//하데스장갑
457	-1	10	148	0	0	0	0	2	2	0	0	1000	//그레이스장갑
457	-1	11	44	0	0	0	0	2	2	0	0	1000	//이터널윙부츠
457	-1	11	45	0	0	0	0	2	2	0	0	1000	//티탄부츠
457	-1	11	46	0	0	0	0	2	2	0	0	1000	//브레이브부츠
457	-1	11	47	0	0	0	0	2	2	0	0	1000	//팬텀부츠
457	-1	11	48	0	0	0	0	2	2	0	0	1000	//디스트로이부츠
457	-1	11	49	0	0	0	0	2	2	0	0	1000	//세라핌부츠
457	-1	11	50	0	0	0	0	2	2	0	0	1000	//디바인부츠
457	-1	11	51	0	0	0	0	2	2	0	0	1000	//패왕부츠
457	-1	11	52	0	0	0	0	2	2	0	0	1000	//하데스부츠
457	-1	11	146	0	0	0	0	2	2	0	0	1000	//티그리스부츠
457	-1	11	148	0	0	0	0	2	2	0	0	1000	//그레이스부츠
457	-1	9	44	0	0	0	0	2	2	0	0	1000	//이터널윙바지
457	-1	9	45	0	0	0	0	2	2	0	0	1000	//티탄바지
457	-1	9	46	0	0	0	0	2	2	0	0	1000	//브레이브바지
457	-1	9	47	0	0	0	0	2	2	0	0	1000	//팬텀바지
457	-1	9	48	0	0	0	0	2	2	0	0	1000	//디스트로이바지
457	-1	9	49	0	0	0	0	2	2	0	0	1000	//세라핌바지
457	-1	9	50	0	0	0	0	2	2	0	0	1000	//디바인바지
457	-1	9	51	0	0	0	0	2	2	0	0	1000	//패왕바지
457	-1	9	52	0	0	0	0	2	2	0	0	1000	//하데스바지
457	-1	9	146	0	0	0	0	2	2	0	0	1000	//티그리스바지
457	-1	9	148	0	0	0	0	2	2	0	0	1000	//그레이스바지
457	-1	0	26	0	0	0	2	2	0	0	0	700	//플랑베루주
457	-1	0	27	0	0	0	2	2	0	0	0	700	//소드브레이커
457	-1	0	28	0	0	0	2	2	0	0	0	700	//룬바스타드
457	-1	0	52	0	0	0	2	2	0	0	0	700	//판테라클로
457	-1	2	16	0	0	0	2	2	0	0	0	700	//프로스트메이스
457	-1	2	17	0	0	0	2	2	0	0	0	700	//앱솔루트셉터
457	-1	3	22	0	0	0	2	2	0	0	0	700	//렉투스랜스
457	-1	4	23	0	0	0	2	2	0	0	0	700	//다크스팅거
457	-1	5	20	0	0	0	2	2	0	0	0	700	//이터널윙스틱
457	-1	5	30	0	0	0	2	2	0	0	0	700	//데들리스태프
457	-1	5	31	0	0	0	2	2	0	0	0	700	//인베리알스태프
// 아이언나이트_ 소켓아이템 드랍													
458	-1	6	17	0	0	0	0	2	0	0	0	1000	//크림슨글로리
458	-1	6	18	0	0	0	0	2	0	0	0	1000	//샐러맨더실드
458	-1	6	19	0	0	0	0	2	0	0	0	1000	//프로스트배리어
458	-1	6	20	0	0	0	0	2	0	0	0	1000	//가디안방패
458	-1	6	40	0	0	0	0	2	0	0	0	1000	//그레이스실드
458	-1	8	44	0	0	0	0	2	0	0	0	1000	//이터널윙갑옷
458	-1	8	45	0	0	0	0	2	0	0	0	1000	//티탄갑옷
458	-1	8	46	0	0	0	0	2	0	0	0	1000	//브레이브갑옷
458	-1	8	47	0	0	0	0	2	0	0	0	1000	//팬텀갑옷
458	-1	8	48	0	0	0	0	2	0	0	0	1000	//디스트로이갑옷
458	-1	8	49	0	0	0	0	2	0	0	0	1000	//세라핌갑옷
458	-1	8	50	0	0	0	0	2	0	0	0	1000	//디바인갑옷
458	-1	8	51	0	0	0	0	2	0	0	0	1000	//패왕갑옷
458	-1	8	52	0	0	0	0	2	0	0	0	1000	//하데스갑옷
458	-1	8	146	0	0	0	0	2	0	0	0	1000	//티그리스갑옷
458	-1	8	148	0	0	0	0	2	0	0	0	1000	//그레이스갑옷
458	-1	7	44	0	0	0	0	2	0	0	0	1000	//이터널윙헬멧
458	-1	7	45	0	0	0	0	2	0	0	0	1000	//티탄투구
458	-1	7	46	0	0	0	0	2	0	0	0	1000	//브레이브헬멧
458	-1	7	49	0	0	0	0	2	0	0	0	1000	//세라핌헬멧
458	-1	7	50	0	0	0	0	2	0	0	0	1000	//디바인헬멧
458	-1	7	51	0	0	0	0	2	0	0	0	1000	//패왕마스크
458	-1	7	52	0	0	0	0	2	0	0	0	1000	//하데스헬멧
458	-1	7	146	0	0	0	0	2	0	0	0	1000	//티그리스헬멧
458	-1	7	148	0	0	0	0	2	0	0	0	1000	//그레이스헬멧
458	-1	0	26	0	0	0	2	2	2	0	0	800	//플랑베루주
458	-1	0	27	0	0	0	2	2	2	0	0	800	//소드브레이커
458	-1	0	28	0	0	0	2	2	2	0	0	800	//룬바스타드
458	-1	0	52	0	0	0	2	2	2	0	0	800	//판테라클로
458	-1	2	16	0	0	0	2	2	2	0	0	800	//프로스트메이스
458	-1	2	17	0	0	0	2	2	2	0	0	800	//앱솔루트셉터
458	-1	3	22	0	0	0	2	2	2	0	0	800	//렉투스랜스
458	-1	4	23	0	0	0	2	2	2	0	0	800	//다크스팅거
458	-1	5	20	0	0	0	2	2	2	0	0	800	//이터널윙스틱
458	-1	5	30	0	0	0	2	2	2	0	0	800	//데들리스태프
458	-1	5	31	0	0	0	2	2	2	0	0	800	//인베리알스태프
// 다크매머드_ 소켓아이템 드랍													
562	-1	0	26	0	0	0	2	2	2	0	0	1200	//플랑베루주
562	-1	0	27	0	0	0	2	2	2	0	0	1200	//소드브레이커
562	-1	0	28	0	0	0	2	2	2	0	0	1200	//룬바스타드
562	-1	0	52	0	0	0	2	2	2	0	0	1200	//판테라클로
562	-1	2	16	0	0	0	2	2	2	0	0	1200	//프로스트메이스
562	-1	2	17	0	0	0	2	2	2	0	0	1200	//앱솔루트셉터
562	-1	3	22	0	0	0	2	2	2	0	0	1200	//렉투스랜스
562	-1	4	23	0	0	0	2	2	2	0	0	1200	//다크스팅거
562	-1	5	20	0	0	0	2	2	2	0	0	1200	//이터널윙스틱
562	-1	5	30	0	0	0	2	2	2	0	0	1200	//데들리스태프
562	-1	5	31	0	0	0	2	2	2	0	0	1200	//인베리알스태프
// 다크자이언트_ 소켓아이템 드랍													
563	-1	0	26	0	0	0	2	2	2	0	0	1300	//플랑베루주
563	-1	0	27	0	0	0	2	2	2	0	0	1300	//소드브레이커
563	-1	0	28	0	0	0	2	2	2	0	0	1300	//룬바스타드
563	-1	0	52	0	0	0	2	2	2	0	0	1300	//판테라클로
563	-1	2	16	0	0	0	2	2	2	0	0	1300	//프로스트메이스
563	-1	2	17	0	0	0	2	2	2	0	0	1300	//앱솔루트셉터
563	-1	3	22	0	0	0	2	2	2	0	0	1300	//렉투스랜스
563	-1	4	23	0	0	0	2	2	2	0	0	1300	//다크스팅거
563	-1	5	20	0	0	0	2	2	2	0	0	1300	//이터널윙스틱
563	-1	5	30	0	0	0	2	2	2	0	0	1300	//데들리스태프
563	-1	5	31	0	0	0	2	2	2	0	0	1300	//인베리알스태프
// 다크매머드_ 소켓아이템 드랍													
564	-1	0	26	0	0	0	2	2	2	0	0	1400	//플랑베루주
564	-1	0	27	0	0	0	2	2	2	0	0	1400	//소드브레이커
564	-1	0	28	0	0	0	2	2	2	0	0	1400	//룬바스타드
564	-1	0	52	0	0	0	2	2	2	0	0	1400	//판테라클로
564	-1	2	16	0	0	0	2	2	2	0	0	1400	//프로스트메이스
564	-1	2	17	0	0	0	2	2	2	0	0	1400	//앱솔루트셉터
564	-1	3	22	0	0	0	2	2	2	0	0	1400	//렉투스랜스
564	-1	4	23	0	0	0	2	2	2	0	0	1400	//다크스팅거
564	-1	5	20	0	0	0	2	2	2	0	0	1400	//이터널윙스틱
564	-1	5	30	0	0	0	2	2	2	0	0	1400	//데들리스태프
564	-1	5	31	0	0	0	2	2	2	0	0	1400	//인베리알스태프
// 다크아이언나이트_ 소켓아이템 드랍													
565	-1	0	26	0	0	0	2	1	2	0	0	1500	//플랑베루주
565	-1	0	27	0	0	0	2	1	2	0	0	1500	//소드브레이커
565	-1	0	28	0	0	0	2	1	2	0	0	1500	//룬바스타드
565	-1	0	52	0	0	0	2	1	2	0	0	1500	//판테라클로
565	-1	2	16	0	0	0	2	1	2	0	0	1500	//프로스트메이스
565	-1	2	17	0	0	0	2	1	2	0	0	1500	//앱솔루트셉터
565	-1	3	22	0	0	0	2	1	2	0	0	1500	//렉투스랜스
565	-1	4	23	0	0	0	2	1	2	0	0	1500	//다크스팅거
565	-1	5	20	0	0	0	2	1	2	0	0	1500	//이터널윙스틱
565	-1	5	30	0	0	0	2	1	2	0	0	1500	//데들리스태프
565	-1	5	31	0	0	0	2	1	2	0	0	1500	//인베리알스태프
end													
