//////////////////////////////////////////////////////////////////////////////////////													
// [우바이드, 알크마르]	EachMonsterBag91												
// [ Start  ] 	2015-03-20												
// [ Latest ]	2015-03-20 17:26												
// [ Author ]	박혜진												
// [ Version ]	0.0.0.1												
// [ Text ]													
// [ Desc ]	맵에 출현하는 몬스터 별로 드롭하는 아이템 리스트를 작성하는 스크립트												
//////////////////////////////////////////////////////////////////////////////////////													
													
//사냥 마리 수	32400												
													
//몬스터 인덱스	몬스터 속성	아이템 타입	아이템 인덱스	최소레벨	최대레벨	개수	스킬	행운	추가옵션	엑설런트 	속성 아이템	확률 (1/1000000)	아이템 명
//데블페어리 88													160
586	-1	4	14	0	0	0	2	2	0	0	0	1038	//아쿠아골드석궁
586	-1	4	16	0	0	0	2	2	0	0	0	1038	//세인트크로스석궁
586	-1	2	5	0	0	0	2	2	0	0	0	1038	//크리스탈검
586	-1	0	16	0	0	0	2	2	0	0	0	1038	//파괴의검
586	-1	0	33	0	0	0	2	2	0	0	0	1038	//홀리스톰클로
586	-1	3	15	0	0	0	2	2	0	0	0	1038	//플루마랜스
586	-1	3	16	0	0	0	2	2	0	0	0	1038	//비스랜스
586	-1	5	6	0	0	0	2	2	0	0	0	1038	//부활의지팡이
586	-1	5	17	0	0	0	2	2	0	0	0	1038	//에이션트스틱
586	-1	2	9	0	0	0	2	2	0	0	0	1038	//마스터셉터
586	-1	2	10	0	0	0	2	2	0	0	0	1038	//그레이트셉터
586	-1	6	21	0	0	0	2	2	0	0	0	1038	//크로스실드
586	-1	6	30	0	0	0	2	2	0	0	0	1038	//플루마실드
586	-1	6	15	0	0	0	2	2	0	0	0	1038	//그랜드소울방패
586	-1	6	32	0	0	0	2	2	0	0	0	1038	//비스실드
586	-1	8	26	0	0	0	0	2	0	0	0	1038	//다크소울갑옷
586	-1	9	26	0	0	0	0	2	0	0	0	1038	//다크소울바지
586	-1	7	93	0	0	0	0	2	0	0	0	1038	//프린시헬멧
586	-1	8	93	0	0	0	0	2	0	0	0	1038	//프린시갑옷
586	-1	9	93	0	0	0	0	2	0	0	0	1038	//프린시바지
586	-1	8	34	0	0	0	0	2	0	0	0	1038	//애쉬크로우갑옷
586	-1	8	35	0	0	0	0	2	0	0	0	1038	//이클립스갑옷
586	-1	8	36	0	0	0	0	2	0	0	0	1038	//아이리스갑옷
586	-1	8	41	0	0	0	0	2	0	0	0	1038	//에이션트갑옷
586	-1	9	41	0	0	0	0	2	0	0	0	1038	//에이션트바지
586	-1	7	60	0	0	0	0	2	0	0	0	1038	//스톰자하드투구
586	-1	8	60	0	0	0	0	2	0	0	0	1038	//스톰자하드갑옷
586	-1	9	60	0	0	0	0	2	0	0	0	1038	//스톰자하드바지
586	-1	8	15	0	0	0	0	2	0	0	0	1038	//아틀란스갑옷
586	-1	10	15	0	0	0	0	2	0	0	0	1038	//아틀란스장갑
586	-1	9	15	0	0	0	0	2	0	0	0	1038	//아틀란스바지
586	-1	11	15	0	0	0	0	2	0	0	0	1038	//아틀란스부츠
586	-1	7	18	0	0	0	0	2	0	0	0	1038	//그랜드소울헬멧
586	-1	10	18	0	0	0	0	2	0	0	0	1038	//그랜드소울장갑
586	-1	9	18	0	0	0	0	2	0	0	0	1038	//그랜드소울바지
586	-1	11	18	0	0	0	0	2	0	0	0	1038	//그랜드소울부츠
586	-1	7	42	0	0	0	0	2	0	0	0	1038	//데모닉헬멧
586	-1	10	42	0	0	0	0	2	0	0	0	1038	//데모닉장갑
586	-1	9	42	0	0	0	0	2	0	0	0	1038	//데모닉바지
586	-1	11	42	0	0	0	0	2	0	0	0	1038	//데모닉부츠
586	-1	7	19	0	0	0	0	2	0	0	0	1038	//홀리스프릿헬멧
586	-1	10	19	0	0	0	0	2	0	0	0	1038	//홀리스프릿장갑
586	-1	9	19	0	0	0	0	2	0	0	0	1038	//홀리스프릿바지
586	-1	11	19	0	0	0	0	2	0	0	0	1038	//홀리스프릿부츠
586	-1	7	27	0	0	0	0	2	0	0	0	1038	//다크브리즌마스크
586	-1	10	27	0	0	0	0	2	0	0	0	1038	//다크브리즌장갑
586	-1	11	27	0	0	0	0	2	0	0	0	1038	//다크브리즌부츠
586	-1	7	16	0	0	0	0	2	0	0	0	1038	//블랙드라곤투구
586	-1	10	16	0	0	0	0	2	0	0	0	1038	//블랙드라곤장갑
586	-1	11	16	0	0	0	0	2	0	0	0	1038	//블랙드라곤부츠
586	-1	10	94	0	0	0	0	2	0	0	0	1038	//히라트장갑
586	-1	11	94	0	0	0	0	2	0	0	0	1038	//히라트부츠
586	-1	10	95	0	0	0	0	2	0	0	0	1038	//세이트장갑
586	-1	11	95	0	0	0	0	2	0	0	0	1038	//세이트부츠
586	-1	11	61	0	0	0	0	2	0	0	0	1038	//피어싱그로브부츠
586	-1	9	16	0	0	0	0	2	0	0	0	1038	//블랙드라곤바지
586	-1	10	24	0	0	0	0	2	0	0	0	1038	//레드스피릿장갑
586	-1	11	24	0	0	0	0	2	0	0	0	1038	//레드스피릿부츠
586	-1	10	17	0	0	0	0	2	0	0	0	1038	//다크피닉스장갑
586	-1	10	22	0	0	0	0	2	0	0	0	1038	//블랙소울장갑
586	-1	10	20	0	0	0	0	2	0	0	0	1038	//선더호크장갑
//속성 아이템													
586	-1	12	200	0	0	0	0	0	0	0	1	1000	//뮤렌의 마법서
586	-1	12	201	0	0	0	0	0	0	0	1	1000	//에트라무의 두루마리
586	-1	12	202	0	0	0	0	0	0	0	1	250	//로랜시아기사단철벽방패
586	-1	12	204	0	0	0	0	0	0	0	1	250	//영웅의 비약
586	-1	12	206	0	0	0	0	0	0	0	1	250	//검투사의 단도
586	-1	12	144	0	0	0	0	0	0	0	1	1200	//미스릴 조각
//데블페어리 엑설런트 													
586	-1	4	32	0	0	0	0	2	0	1	0	2	//전투화살통
586	-1	1	7	0	0	0	0	2	0	1	0	2	//라르칸도끼
586	-1	1	8	0	0	0	0	2	0	1	0	2	//반월도끼
586	-1	4	12	0	0	0	0	2	0	1	0	2	//서펜트석궁
586	-1	4	5	0	0	0	0	2	0	1	0	2	//실버보우
586	-1	0	13	0	0	0	0	2	0	1	0	2	//더블블레이드
586	-1	0	15	0	0	0	0	2	0	1	0	2	//거대한검
586	-1	0	32	0	0	0	0	2	0	1	0	2	//세크리드글러브
586	-1	0	12	0	0	0	0	2	0	1	0	2	//태양검
586	-1	0	14	0	0	0	0	2	0	1	0	2	//번개검
586	-1	3	4	0	0	0	0	2	0	1	0	2	//서펜트스피어
586	-1	3	9	0	0	0	0	2	0	1	0	2	//발록의낫
586	-1	3	8	0	0	0	0	2	0	1	0	2	//그레이트사이드
586	-1	5	4	0	0	0	0	2	0	1	0	2	//고르곤지팡이
586	-1	5	5	0	0	0	0	2	0	1	0	2	//전설의지팡이
586	-1	5	16	0	0	0	0	2	0	1	0	2	//레드윙스틱
586	-1	5	21	0	0	0	0	2	0	1	0	2	//사아무트의서
586	-1	5	22	0	0	0	0	2	0	1	0	2	//닐의서
586	-1	2	8	0	0	0	0	2	0	1	0	2	//배틀셉터
586	-1	6	11	0	0	0	0	2	0	1	0	2	//서펜트방패
586	-1	6	14	0	0	0	0	2	0	1	0	2	//전설의방패
586	-1	6	12	0	0	0	0	2	0	1	0	2	//브론즈방패
586	-1	6	13	0	0	0	0	2	0	1	0	2	//드라곤방패
586	-1	7	92	0	0	0	0	2	0	1	0	2	//그루힐헬멧
586	-1	8	92	0	0	0	0	2	0	1	0	2	//그루힐갑옷
586	-1	9	92	0	0	0	0	2	0	1	0	2	//그루힐바지
586	-1	7	9	0	0	0	0	2	0	1	0	2	//철판헬멧
586	-1	8	9	0	0	0	0	2	0	1	0	2	//철판갑옷
586	-1	9	9	0	0	0	0	2	0	1	0	2	//철판바지
586	-1	7	25	0	0	0	0	2	0	1	0	2	//라운드마스크
586	-1	8	25	0	0	0	0	2	0	1	0	2	//라운드갑옷
586	-1	9	25	0	0	0	0	2	0	1	0	2	//라운드바지
586	-1	11	25	0	0	0	0	2	0	1	0	2	//라운드부츠
586	-1	7	3	0	0	0	0	2	0	1	0	2	//전설의헬멧
586	-1	8	3	0	0	0	0	2	0	1	0	2	//전설의갑옷
586	-1	9	3	0	0	0	0	2	0	1	0	2	//전설의바지
586	-1	11	3	0	0	0	0	2	0	1	0	2	//전설의부츠
586	-1	7	40	0	0	0	0	2	0	1	0	2	//레드윙헬멧
586	-1	8	40	0	0	0	0	2	0	1	0	2	//레드윙갑옷
586	-1	9	40	0	0	0	0	2	0	1	0	2	//레드윙바지
586	-1	11	40	0	0	0	0	2	0	1	0	2	//레드윙부츠
586	-1	7	59	0	0	0	0	2	0	1	0	2	//세크리드파이어투구
586	-1	9	59	0	0	0	0	2	0	1	0	2	//세크리드파이어바지
586	-1	11	59	0	0	0	0	2	0	1	0	2	//세크리드파이어부츠
586	-1	7	14	0	0	0	0	2	0	1	0	2	//수호헬멧
586	-1	8	14	0	0	0	0	2	0	1	0	2	//수호갑옷
586	-1	10	14	0	0	0	0	2	0	1	0	2	//수호장갑
586	-1	9	14	0	0	0	0	2	0	1	0	2	//수호바지
586	-1	11	14	0	0	0	0	2	0	1	0	2	//수호부츠
586	-1	7	1	0	0	0	0	2	0	1	0	2	//드라곤투구
586	-1	8	1	0	0	0	0	2	0	1	0	2	//드라곤갑옷
586	-1	10	1	0	0	0	0	2	0	1	0	2	//드라곤장갑
586	-1	9	1	0	0	0	0	2	0	1	0	2	//드라곤바지
586	-1	11	1	0	0	0	0	2	0	1	0	2	//드라곤부츠
586	-1	10	26	0	0	0	0	2	0	1	0	2	//다크소울장갑
586	-1	11	26	0	0	0	0	2	0	1	0	2	//다크소울부츠
586	-1	10	93	0	0	0	0	2	0	1	0	2	//프린시장갑
586	-1	10	34	0	0	0	0	2	0	1	0	2	//애쉬크로우장갑
586	-1	10	35	0	0	0	0	2	0	1	0	2	//이클립스장갑
586	-1	10	36	0	0	0	0	2	0	1	0	2	//아이리스장갑
586	-1	10	41	0	0	0	0	2	0	1	0	2	//에이션트장갑
586	-1	11	60	0	0	0	0	2	0	1	0	2	//스톰자하드부츠
//엘리맨탈 비스트 91													160
587	-1	4	16	0	0	0	2	2	0	0	0	854	//세인트크로스석궁
587	-1	0	16	0	0	0	2	2	0	0	0	854	//파괴의검
587	-1	0	33	0	0	0	2	2	0	0	0	854	//홀리스톰클로
587	-1	3	15	0	0	0	2	2	0	0	0	854	//플루마랜스
587	-1	3	16	0	0	0	2	2	0	0	0	854	//비스랜스
587	-1	5	8	0	0	0	2	2	0	0	0	854	//파멸의지팡이
587	-1	5	17	0	0	0	2	2	0	0	0	854	//에이션트스틱
587	-1	2	10	0	0	0	2	2	0	0	0	854	//그레이트셉터
587	-1	2	7	0	0	0	2	2	0	0	0	854	//엘리멘탈메이스
587	-1	6	15	0	0	0	2	2	0	0	0	854	//그랜드소울방패
587	-1	6	32	0	0	0	2	2	0	0	0	854	//비스실드
587	-1	8	26	0	0	0	0	2	0	0	0	854	//다크소울갑옷
587	-1	8	93	0	0	0	0	2	0	0	0	854	//프린시갑옷
587	-1	9	93	0	0	0	0	2	0	0	0	854	//프린시바지
587	-1	8	34	0	0	0	0	2	0	0	0	854	//애쉬크로우갑옷
587	-1	8	35	0	0	0	0	2	0	0	0	854	//이클립스갑옷
587	-1	8	36	0	0	0	0	2	0	0	0	854	//아이리스갑옷
587	-1	8	41	0	0	0	0	2	0	0	0	854	//에이션트갑옷
587	-1	8	60	0	0	0	0	2	0	0	0	854	//스톰자하드갑옷
587	-1	9	60	0	0	0	0	2	0	0	0	854	//스톰자하드바지
587	-1	8	15	0	0	0	0	2	0	0	0	854	//아틀란스갑옷
587	-1	9	15	0	0	0	0	2	0	0	0	854	//아틀란스바지
587	-1	7	18	0	0	0	0	2	0	0	0	854	//그랜드소울헬멧
587	-1	8	18	0	0	0	0	2	0	0	0	854	//그랜드소울갑옷
587	-1	9	18	0	0	0	0	2	0	0	0	854	//그랜드소울바지
587	-1	11	18	0	0	0	0	2	0	0	0	854	//그랜드소울부츠
587	-1	7	42	0	0	0	0	2	0	0	0	854	//데모닉헬멧
587	-1	8	42	0	0	0	0	2	0	0	0	854	//데모닉갑옷
587	-1	9	42	0	0	0	0	2	0	0	0	854	//데모닉바지
587	-1	11	42	0	0	0	0	2	0	0	0	854	//데모닉부츠
587	-1	7	19	0	0	0	0	2	0	0	0	854	//홀리스프릿헬멧
587	-1	9	19	0	0	0	0	2	0	0	0	854	//홀리스프릿바지
587	-1	11	19	0	0	0	0	2	0	0	0	854	//홀리스프릿부츠
587	-1	7	27	0	0	0	0	2	0	0	0	854	//다크브리즌마스크
587	-1	10	27	0	0	0	0	2	0	0	0	854	//다크브리즌장갑
587	-1	11	27	0	0	0	0	2	0	0	0	854	//다크브리즌부츠
587	-1	7	16	0	0	0	0	2	0	0	0	854	//블랙드라곤투구
587	-1	10	16	0	0	0	0	2	0	0	0	854	//블랙드라곤장갑
587	-1	11	16	0	0	0	0	2	0	0	0	854	//블랙드라곤부츠
587	-1	7	94	0	0	0	0	2	0	0	0	854	//히라트헬멧
587	-1	10	94	0	0	0	0	2	0	0	0	854	//히라트장갑
587	-1	11	94	0	0	0	0	2	0	0	0	854	//히라트부츠
587	-1	7	95	0	0	0	0	2	0	0	0	854	//세이트헬멧
587	-1	10	95	0	0	0	0	2	0	0	0	854	//세이트장갑
587	-1	11	95	0	0	0	0	2	0	0	0	854	//세이트부츠
587	-1	7	61	0	0	0	0	2	0	0	0	854	//피어싱그로브투구
587	-1	11	61	0	0	0	0	2	0	0	0	854	//피어싱그로브부츠
587	-1	8	16	0	0	0	0	2	0	0	0	854	//블랙드라곤갑옷
587	-1	9	16	0	0	0	0	2	0	0	0	854	//블랙드라곤바지
587	-1	10	24	0	0	0	0	2	0	0	0	854	//레드스피릿장갑
587	-1	11	24	0	0	0	0	2	0	0	0	854	//레드스피릿부츠
587	-1	10	17	0	0	0	0	2	0	0	0	854	//다크피닉스장갑
587	-1	10	22	0	0	0	0	2	0	0	0	854	//블랙소울장갑
587	-1	10	20	0	0	0	0	2	0	0	0	854	//선더호크장갑
587	-1	10	28	0	0	0	0	2	0	0	0	854	//다크마스터장갑
587	-1	10	37	0	0	0	0	2	0	0	0	854	//발리언트장갑
587	-1	10	38	0	0	0	0	2	0	0	0	854	//글로리어스장갑
//속성 아이템													
587	-1	12	200	0	0	0	0	0	0	0	1	1000	//뮤렌의 마법서
587	-1	12	201	0	0	0	0	0	0	0	1	1000	//에트라무의 두루마리
587	-1	12	202	0	0	0	0	0	0	0	1	250	//로랜시아기사단철벽방패
587	-1	12	204	0	0	0	0	0	0	0	1	250	//영웅의 비약
587	-1	12	206	0	0	0	0	0	0	0	1	250	//검투사의 단도
587	-1	12	144	0	0	0	0	0	0	0	1	1200	//미스릴 조각
//엘리멘탈 비스트 엑설런트													
587	-1	4	32	0	0	0	0	2	0	1	0	2	//전투화살통
587	-1	1	8	0	0	0	0	2	0	1	0	2	//반월도끼
587	-1	2	4	0	0	0	0	2	0	1	0	2	//크리스탈모닝스타
587	-1	4	12	0	0	0	0	2	0	1	0	2	//서펜트석궁
587	-1	4	5	0	0	0	0	2	0	1	0	2	//실버보우
587	-1	0	13	0	0	0	0	2	0	1	0	2	//더블블레이드
587	-1	0	15	0	0	0	0	2	0	1	0	2	//거대한검
587	-1	0	32	0	0	0	0	2	0	1	0	2	//세크리드글러브
587	-1	0	12	0	0	0	0	2	0	1	0	2	//태양검
587	-1	0	14	0	0	0	0	2	0	1	0	2	//번개검
587	-1	3	9	0	0	0	0	2	0	1	0	2	//발록의낫
587	-1	3	8	0	0	0	0	2	0	1	0	2	//그레이트사이드
587	-1	3	14	0	0	0	0	2	0	1	0	2	//콘모시온랜스
587	-1	5	4	0	0	0	0	2	0	1	0	2	//고르곤지팡이
587	-1	5	5	0	0	0	0	2	0	1	0	2	//전설의지팡이
587	-1	5	16	0	0	0	0	2	0	1	0	2	//레드윙스틱
587	-1	5	21	0	0	0	0	2	0	1	0	2	//사아무트의서
587	-1	5	22	0	0	0	0	2	0	1	0	2	//닐의서
587	-1	5	23	0	0	0	0	2	0	1	0	2	//라글의서
587	-1	2	8	0	0	0	0	2	0	1	0	2	//배틀셉터
587	-1	6	14	0	0	0	0	2	0	1	0	2	//전설의방패
587	-1	6	12	0	0	0	0	2	0	1	0	2	//브론즈방패
587	-1	6	13	0	0	0	0	2	0	1	0	2	//드라곤방패
587	-1	6	16	0	0	0	0	2	0	1	0	2	//엘리멘탈방패
587	-1	7	92	0	0	0	0	2	0	1	0	2	//그루힐헬멧
587	-1	8	92	0	0	0	0	2	0	1	0	2	//그루힐갑옷
587	-1	9	92	0	0	0	0	2	0	1	0	2	//그루힐바지
587	-1	8	9	0	0	0	0	2	0	1	0	2	//철판갑옷
587	-1	8	25	0	0	0	0	2	0	1	0	2	//라운드갑옷
587	-1	9	25	0	0	0	0	2	0	1	0	2	//라운드바지
587	-1	7	3	0	0	0	0	2	0	1	0	2	//전설의헬멧
587	-1	8	3	0	0	0	0	2	0	1	0	2	//전설의갑옷
587	-1	9	3	0	0	0	0	2	0	1	0	2	//전설의바지
587	-1	7	40	0	0	0	0	2	0	1	0	2	//레드윙헬멧
587	-1	8	40	0	0	0	0	2	0	1	0	2	//레드윙갑옷
587	-1	9	40	0	0	0	0	2	0	1	0	2	//레드윙바지
587	-1	7	59	0	0	0	0	2	0	1	0	2	//세크리드파이어투구
587	-1	8	59	0	0	0	0	2	0	1	0	2	//세크리드파이어갑옷
587	-1	9	59	0	0	0	0	2	0	1	0	2	//세크리드파이어바지
587	-1	11	59	0	0	0	0	2	0	1	0	2	//세크리드파이어부츠
587	-1	7	14	0	0	0	0	2	0	1	0	2	//수호헬멧
587	-1	8	14	0	0	0	0	2	0	1	0	2	//수호갑옷
587	-1	10	14	0	0	0	0	2	0	1	0	2	//수호장갑
587	-1	9	14	0	0	0	0	2	0	1	0	2	//수호바지
587	-1	11	14	0	0	0	0	2	0	1	0	2	//수호부츠
587	-1	7	1	0	0	0	0	2	0	1	0	2	//드라곤투구
587	-1	8	1	0	0	0	0	2	0	1	0	2	//드라곤갑옷
587	-1	10	1	0	0	0	0	2	0	1	0	2	//드라곤장갑
587	-1	9	1	0	0	0	0	2	0	1	0	2	//드라곤바지
587	-1	11	1	0	0	0	0	2	0	1	0	2	//드라곤부츠
587	-1	7	26	0	0	0	0	2	0	1	0	2	//다크소울마스크
587	-1	10	26	0	0	0	0	2	0	1	0	2	//다크소울장갑
587	-1	11	26	0	0	0	0	2	0	1	0	2	//다크소울부츠
587	-1	10	93	0	0	0	0	2	0	1	0	2	//프린시장갑
587	-1	11	93	0	0	0	0	2	0	1	0	2	//프린시부츠
587	-1	10	34	0	0	0	0	2	0	1	0	2	//애쉬크로우장갑
587	-1	10	35	0	0	0	0	2	0	1	0	2	//이클립스장갑
587	-1	10	36	0	0	0	0	2	0	1	0	2	//아이리스장갑
587	-1	10	41	0	0	0	0	2	0	1	0	2	//에이션트장갑
587	-1	11	41	0	0	0	0	2	0	1	0	2	//에이션트부츠
587	-1	11	60	0	0	0	0	2	0	1	0	2	//스톰자하드부츠
//엘리멘탈 나이트 93													160
588	-1	4	16	0	0	0	2	2	0	0	0	1206	//세인트크로스석궁
588	-1	4	17	0	0	0	2	2	0	0	0	1206	//홀리사이트보우
588	-1	0	16	0	0	0	2	2	0	0	0	1206	//파괴의검
588	-1	0	33	0	0	0	2	2	0	0	0	1206	//홀리스톰클로
588	-1	3	15	0	0	0	2	2	0	0	0	1206	//플루마랜스
588	-1	3	16	0	0	0	2	2	0	0	0	1206	//비스랜스
588	-1	3	10	0	0	0	2	2	0	0	0	1206	//드라곤스피어
588	-1	5	8	0	0	0	2	2	0	0	0	1206	//파멸의지팡이
588	-1	5	17	0	0	0	2	2	0	0	0	1206	//에이션트스틱
588	-1	2	10	0	0	0	2	2	0	0	0	1206	//그레이트셉터
588	-1	2	7	0	0	0	2	2	0	0	0	1206	//엘리멘탈메이스
588	-1	6	32	0	0	0	2	2	0	0	0	1206	//비스실드
588	-1	8	26	0	0	0	0	2	0	0	0	1206	//다크소울갑옷
588	-1	8	93	0	0	0	0	2	0	0	0	1206	//프린시갑옷
588	-1	8	34	0	0	0	0	2	0	0	0	1206	//애쉬크로우갑옷
588	-1	8	35	0	0	0	0	2	0	0	0	1206	//이클립스갑옷
588	-1	8	36	0	0	0	0	2	0	0	0	1206	//아이리스갑옷
588	-1	8	41	0	0	0	0	2	0	0	0	1206	//에이션트갑옷
588	-1	8	60	0	0	0	0	2	0	0	0	1206	//스톰자하드갑옷
588	-1	9	60	0	0	0	0	2	0	0	0	1206	//스톰자하드바지
588	-1	8	15	0	0	0	0	2	0	0	0	1206	//아틀란스갑옷
588	-1	7	18	0	0	0	0	2	0	0	0	1206	//그랜드소울헬멧
588	-1	8	18	0	0	0	0	2	0	0	0	1206	//그랜드소울갑옷
588	-1	9	18	0	0	0	0	2	0	0	0	1206	//그랜드소울바지
588	-1	11	18	0	0	0	0	2	0	0	0	1206	//그랜드소울부츠
588	-1	7	42	0	0	0	0	2	0	0	0	1206	//데모닉헬멧
588	-1	8	42	0	0	0	0	2	0	0	0	1206	//데모닉갑옷
588	-1	9	42	0	0	0	0	2	0	0	0	1206	//데모닉바지
588	-1	11	42	0	0	0	0	2	0	0	0	1206	//데모닉부츠
588	-1	7	19	0	0	0	0	2	0	0	0	1206	//홀리스프릿헬멧
588	-1	8	19	0	0	0	0	2	0	0	0	1206	//홀리스프릿갑옷
588	-1	9	19	0	0	0	0	2	0	0	0	1206	//홀리스프릿바지
588	-1	11	19	0	0	0	0	2	0	0	0	1206	//홀리스프릿부츠
588	-1	7	27	0	0	0	0	2	0	0	0	1206	//다크브리즌마스크
588	-1	10	27	0	0	0	0	2	0	0	0	1206	//다크브리즌장갑
588	-1	9	27	0	0	0	0	2	0	0	0	1206	//다크브리즌바지
588	-1	11	27	0	0	0	0	2	0	0	0	1206	//다크브리즌부츠
588	-1	7	16	0	0	0	0	2	0	0	0	1206	//블랙드라곤투구
588	-1	10	16	0	0	0	0	2	0	0	0	1206	//블랙드라곤장갑
588	-1	11	16	0	0	0	0	2	0	0	0	1206	//블랙드라곤부츠
588	-1	7	94	0	0	0	0	2	0	0	0	1206	//히라트헬멧
588	-1	10	94	0	0	0	0	2	0	0	0	1206	//히라트장갑
588	-1	11	94	0	0	0	0	2	0	0	0	1206	//히라트부츠
588	-1	7	95	0	0	0	0	2	0	0	0	1206	//세이트헬멧
588	-1	10	95	0	0	0	0	2	0	0	0	1206	//세이트장갑
588	-1	11	95	0	0	0	0	2	0	0	0	1206	//세이트부츠
588	-1	7	61	0	0	0	0	2	0	0	0	1206	//피어싱그로브투구
588	-1	11	61	0	0	0	0	2	0	0	0	1206	//피어싱그로브부츠
588	-1	8	16	0	0	0	0	2	0	0	0	1206	//블랙드라곤갑옷
588	-1	9	16	0	0	0	0	2	0	0	0	1206	//블랙드라곤바지
588	-1	10	24	0	0	0	0	2	0	0	0	1206	//레드스피릿장갑
588	-1	7	24	0	0	0	0	2	0	0	0	1206	//레드스피릿헬멧
588	-1	11	24	0	0	0	0	2	0	0	0	1206	//레드스피릿부츠
588	-1	7	17	0	0	0	0	2	0	0	0	1206	//다크피닉스투구
588	-1	10	17	0	0	0	0	2	0	0	0	1206	//다크피닉스장갑
588	-1	11	17	0	0	0	0	2	0	0	0	1206	//다크피닉스부츠
588	-1	10	22	0	0	0	0	2	0	0	0	1206	//블랙소울장갑
588	-1	10	20	0	0	0	0	2	0	0	0	1206	//선더호크장갑
588	-1	11	20	0	0	0	0	2	0	0	0	1206	//선더호크부츠
588	-1	10	28	0	0	0	0	2	0	0	0	1206	//다크마스터장갑
588	-1	10	37	0	0	0	0	2	0	0	0	1206	//발리언트장갑
588	-1	10	38	0	0	0	0	2	0	0	0	1206	//글로리어스장갑
//속성 아이템													
588	-1	12	200	0	0	0	0	0	0	0	1	1000	//뮤렌의 마법서
588	-1	12	201	0	0	0	0	0	0	0	1	1000	//에트라무의 두루마리
588	-1	12	202	0	0	0	0	0	0	0	1	250	//로랜시아기사단철벽방패
588	-1	12	204	0	0	0	0	0	0	0	1	250	//영웅의 비약
588	-1	12	206	0	0	0	0	0	0	0	1	250	//검투사의 단도
588	-1	12	144	0	0	0	0	0	0	0	1	1200	//미스릴 조각
//엘리멘탈 나이트 엑설런트													
588	-1	4	32	0	0	0	0	2	0	1	0	2	//전투화살통
588	-1	1	8	0	0	0	0	2	0	1	0	2	//반월도끼
588	-1	2	4	0	0	0	0	2	0	1	0	2	//크리스탈모닝스타
588	-1	4	5	0	0	0	0	2	0	1	0	2	//실버보우
588	-1	4	13	0	0	0	0	2	0	1	0	2	//블루윙석궁
588	-1	0	15	0	0	0	0	2	0	1	0	2	//거대한검
588	-1	0	32	0	0	0	0	2	0	1	0	2	//세크리드글러브
588	-1	0	12	0	0	0	0	2	0	1	0	2	//태양검
588	-1	0	14	0	0	0	0	2	0	1	0	2	//번개검
588	-1	3	9	0	0	0	0	2	0	1	0	2	//발록의낫
588	-1	3	8	0	0	0	0	2	0	1	0	2	//그레이트사이드
588	-1	3	14	0	0	0	0	2	0	1	0	2	//콘모시온랜스
588	-1	3	18	0	0	0	0	2	0	1	0	2	//알라크란랜스
588	-1	5	4	0	0	0	0	2	0	1	0	2	//고르곤지팡이
588	-1	5	5	0	0	0	0	2	0	1	0	2	//전설의지팡이
588	-1	5	16	0	0	0	0	2	0	1	0	2	//레드윙스틱
588	-1	5	21	0	0	0	0	2	0	1	0	2	//사아무트의서
588	-1	5	22	0	0	0	0	2	0	1	0	2	//닐의서
588	-1	5	23	0	0	0	0	2	0	1	0	2	//라글의서
588	-1	2	8	0	0	0	0	2	0	1	0	2	//배틀셉터
588	-1	6	12	0	0	0	0	2	0	1	0	2	//브론즈방패
588	-1	6	13	0	0	0	0	2	0	1	0	2	//드라곤방패
588	-1	6	16	0	0	0	0	2	0	1	0	2	//엘리멘탈방패
588	-1	7	92	0	0	0	0	2	0	1	0	2	//그루힐헬멧
588	-1	8	92	0	0	0	0	2	0	1	0	2	//그루힐갑옷
588	-1	9	92	0	0	0	0	2	0	1	0	2	//그루힐바지
588	-1	8	25	0	0	0	0	2	0	1	0	2	//라운드갑옷
588	-1	9	25	0	0	0	0	2	0	1	0	2	//라운드바지
588	-1	7	3	0	0	0	0	2	0	1	0	2	//전설의헬멧
588	-1	8	3	0	0	0	0	2	0	1	0	2	//전설의갑옷
588	-1	9	3	0	0	0	0	2	0	1	0	2	//전설의바지
588	-1	7	40	0	0	0	0	2	0	1	0	2	//레드윙헬멧
588	-1	8	40	0	0	0	0	2	0	1	0	2	//레드윙갑옷
588	-1	9	40	0	0	0	0	2	0	1	0	2	//레드윙바지
588	-1	7	59	0	0	0	0	2	0	1	0	2	//세크리드파이어투구
588	-1	8	59	0	0	0	0	2	0	1	0	2	//세크리드파이어갑옷
588	-1	9	59	0	0	0	0	2	0	1	0	2	//세크리드파이어바지
588	-1	11	59	0	0	0	0	2	0	1	0	2	//세크리드파이어부츠
588	-1	7	14	0	0	0	0	2	0	1	0	2	//수호헬멧
588	-1	8	14	0	0	0	0	2	0	1	0	2	//수호갑옷
588	-1	10	14	0	0	0	0	2	0	1	0	2	//수호장갑
588	-1	9	14	0	0	0	0	2	0	1	0	2	//수호바지
588	-1	11	14	0	0	0	0	2	0	1	0	2	//수호부츠
588	-1	7	1	0	0	0	0	2	0	1	0	2	//드라곤투구
588	-1	8	1	0	0	0	0	2	0	1	0	2	//드라곤갑옷
588	-1	10	1	0	0	0	0	2	0	1	0	2	//드라곤장갑
588	-1	9	1	0	0	0	0	2	0	1	0	2	//드라곤바지
588	-1	11	1	0	0	0	0	2	0	1	0	2	//드라곤부츠
588	-1	7	26	0	0	0	0	2	0	1	0	2	//다크소울마스크
588	-1	10	26	0	0	0	0	2	0	1	0	2	//다크소울장갑
588	-1	11	26	0	0	0	0	2	0	1	0	2	//다크소울부츠
588	-1	10	93	0	0	0	0	2	0	1	0	2	//프린시장갑
588	-1	11	93	0	0	0	0	2	0	1	0	2	//프린시부츠
588	-1	7	34	0	0	0	0	2	0	1	0	2	//애쉬크로우헬멧
588	-1	10	34	0	0	0	0	2	0	1	0	2	//애쉬크로우장갑
588	-1	11	34	0	0	0	0	2	0	1	0	2	//애쉬크로우부츠
588	-1	7	35	0	0	0	0	2	0	1	0	2	//이클립스헬멧
588	-1	10	35	0	0	0	0	2	0	1	0	2	//이클립스장갑
588	-1	11	35	0	0	0	0	2	0	1	0	2	//이클립스부츠
588	-1	7	36	0	0	0	0	2	0	1	0	2	//아이리스헬멧
588	-1	10	36	0	0	0	0	2	0	1	0	2	//아이리스장갑
588	-1	11	36	0	0	0	0	2	0	1	0	2	//아이리스부츠
588	-1	7	41	0	0	0	0	2	0	1	0	2	//에이션트헬멧
588	-1	10	41	0	0	0	0	2	0	1	0	2	//에이션트장갑
588	-1	11	41	0	0	0	0	2	0	1	0	2	//에이션트부츠
588	-1	11	60	0	0	0	0	2	0	1	0	2	//스톰자하드부츠
//우바이드 데블 페어리 99													160
589	-1	4	16	0	0	0	2	2	0	0	0	2089	//세인트크로스석궁
589	-1	4	17	0	0	0	2	2	0	0	0	2089	//홀리사이트보우
589	-1	0	16	0	0	0	2	2	0	0	0	2089	//파괴의검
589	-1	0	33	0	0	0	2	2	0	0	0	2089	//홀리스톰클로
589	-1	3	15	0	0	0	2	2	0	0	0	2089	//플루마랜스
589	-1	3	16	0	0	0	2	2	0	0	0	2089	//비스랜스
589	-1	3	10	0	0	0	2	2	0	0	0	2089	//드라곤스피어
589	-1	5	8	0	0	0	2	2	0	0	0	2089	//파멸의지팡이
589	-1	2	10	0	0	0	2	2	0	0	0	2089	//그레이트셉터
589	-1	2	11	0	0	0	2	2	0	0	0	2089	//로드셉터
589	-1	2	7	0	0	0	2	2	0	0	0	2089	//엘리멘탈메이스
589	-1	8	60	0	0	0	0	2	0	0	0	2089	//스톰자하드갑옷
589	-1	7	18	0	0	0	0	2	0	0	0	2089	//그랜드소울헬멧
589	-1	8	18	0	0	0	0	2	0	0	0	2089	//그랜드소울갑옷
589	-1	9	18	0	0	0	0	2	0	0	0	2089	//그랜드소울바지
589	-1	7	42	0	0	0	0	2	0	0	0	2089	//데모닉헬멧
589	-1	8	42	0	0	0	0	2	0	0	0	2089	//데모닉갑옷
589	-1	9	42	0	0	0	0	2	0	0	0	2089	//데모닉바지
589	-1	7	19	0	0	0	0	2	0	0	0	2089	//홀리스프릿헬멧
589	-1	8	19	0	0	0	0	2	0	0	0	2089	//홀리스프릿갑옷
589	-1	9	19	0	0	0	0	2	0	0	0	2089	//홀리스프릿바지
589	-1	11	19	0	0	0	0	2	0	0	0	2089	//홀리스프릿부츠
589	-1	7	27	0	0	0	0	2	0	0	0	2089	//다크브리즌마스크
589	-1	8	27	0	0	0	0	2	0	0	0	2089	//다크브리즌갑옷
589	-1	9	27	0	0	0	0	2	0	0	0	2089	//다크브리즌바지
589	-1	11	27	0	0	0	0	2	0	0	0	2089	//다크브리즌부츠
589	-1	7	16	0	0	0	0	2	0	0	0	2089	//블랙드라곤투구
589	-1	7	94	0	0	0	0	2	0	0	0	2089	//히라트헬멧
589	-1	10	94	0	0	0	0	2	0	0	0	2089	//히라트장갑
589	-1	9	94	0	0	0	0	2	0	0	0	2089	//히라트바지
589	-1	11	94	0	0	0	0	2	0	0	0	2089	//히라트부츠
589	-1	7	95	0	0	0	0	2	0	0	0	2089	//세이트헬멧
589	-1	10	95	0	0	0	0	2	0	0	0	2089	//세이트장갑
589	-1	9	95	0	0	0	0	2	0	0	0	2089	//세이트바지
589	-1	11	95	0	0	0	0	2	0	0	0	2089	//세이트부츠
589	-1	7	61	0	0	0	0	2	0	0	0	2089	//피어싱그로브투구
589	-1	9	61	0	0	0	0	2	0	0	0	2089	//피어싱그로브바지
589	-1	11	61	0	0	0	0	2	0	0	0	2089	//피어싱그로브부츠
589	-1	8	16	0	0	0	0	2	0	0	0	2089	//블랙드라곤갑옷
589	-1	9	16	0	0	0	0	2	0	0	0	2089	//블랙드라곤바지
589	-1	10	24	0	0	0	0	2	0	0	0	2089	//레드스피릿장갑
589	-1	7	24	0	0	0	0	2	0	0	0	2089	//레드스피릿헬멧
589	-1	11	24	0	0	0	0	2	0	0	0	2089	//레드스피릿부츠
589	-1	7	17	0	0	0	0	2	0	0	0	2089	//다크피닉스투구
589	-1	10	17	0	0	0	0	2	0	0	0	2089	//다크피닉스장갑
589	-1	9	17	0	0	0	0	2	0	0	0	2089	//다크피닉스바지
589	-1	11	17	0	0	0	0	2	0	0	0	2089	//다크피닉스부츠
589	-1	10	22	0	0	0	0	2	0	0	0	2089	//블랙소울장갑
589	-1	11	22	0	0	0	0	2	0	0	0	2089	//블랙소울부츠
589	-1	10	20	0	0	0	0	2	0	0	0	2089	//선더호크장갑
589	-1	9	20	0	0	0	0	2	0	0	0	2089	//선더호크바지
589	-1	11	20	0	0	0	0	2	0	0	0	2089	//선더호크부츠
589	-1	10	28	0	0	0	0	2	0	0	0	2089	//다크마스터장갑
589	-1	11	28	0	0	0	0	2	0	0	0	2089	//다크마스터부츠
589	-1	10	37	0	0	0	0	2	0	0	0	2089	//발리언트장갑
589	-1	11	37	0	0	0	0	2	0	0	0	2089	//발리언트부츠
589	-1	7	38	0	0	0	0	2	0	0	0	2089	//글로리어스마스크
589	-1	10	38	0	0	0	0	2	0	0	0	2089	//글로리어스장갑
589	-1	11	38	0	0	0	0	2	0	0	0	2089	//글로리어스부츠
589	-1	10	21	0	0	0	0	2	0	0	0	2089	//그레이트드라곤장갑
589	-1	11	21	0	0	0	0	2	0	0	0	2089	//그레이트드라곤부츠
//속성 아이템													
589	-1	12	200	0	0	0	0	0	0	0	1	1000	//뮤렌의 마법서
589	-1	12	201	0	0	0	0	0	0	0	1	1000	//에트라무의 두루마리
589	-1	12	202	0	0	0	0	0	0	0	1	250	//로랜시아기사단철벽방패
589	-1	12	204	0	0	0	0	0	0	0	1	250	//영웅의 비약
589	-1	12	206	0	0	0	0	0	0	0	1	250	//검투사의 단도
589	-1	12	144	0	0	0	0	0	0	0	1	1200	//미스릴 조각
//우바이드 데블 페어리 엑설런트													
589	-1	2	4	0	0	0	0	2	0	1	0	2	//크리스탈모닝스타
589	-1	4	5	0	0	0	0	2	0	1	0	2	//실버보우
589	-1	4	13	0	0	0	0	2	0	1	0	2	//블루윙석궁
589	-1	4	14	0	0	0	0	2	0	1	0	2	//아쿠아골드석궁
589	-1	0	12	0	0	0	0	2	0	1	0	2	//태양검
589	-1	0	14	0	0	0	0	2	0	1	0	2	//번개검
589	-1	2	5	0	0	0	0	2	0	1	0	2	//크리스탈검
589	-1	3	9	0	0	0	0	2	0	1	0	2	//발록의낫
589	-1	3	14	0	0	0	0	2	0	1	0	2	//콘모시온랜스
589	-1	3	18	0	0	0	0	2	0	1	0	2	//알라크란랜스
589	-1	5	5	0	0	0	0	2	0	1	0	2	//전설의지팡이
589	-1	5	6	0	0	0	0	2	0	1	0	2	//부활의지팡이
589	-1	5	16	0	0	0	0	2	0	1	0	2	//레드윙스틱
589	-1	5	22	0	0	0	0	2	0	1	0	2	//닐의서
589	-1	5	23	0	0	0	0	2	0	1	0	2	//라글의서
589	-1	2	9	0	0	0	0	2	0	1	0	2	//마스터셉터
589	-1	6	13	0	0	0	0	2	0	1	0	2	//드라곤방패
589	-1	6	16	0	0	0	0	2	0	1	0	2	//엘리멘탈방패
589	-1	6	21	0	0	0	0	2	0	1	0	2	//크로스실드
589	-1	6	30	0	0	0	0	2	0	1	0	2	//플루마실드
589	-1	6	15	0	0	0	0	2	0	1	0	2	//그랜드소울방패
589	-1	8	92	0	0	0	0	2	0	1	0	2	//그루힐갑옷
589	-1	8	25	0	0	0	0	2	0	1	0	2	//라운드갑옷
589	-1	8	3	0	0	0	0	2	0	1	0	2	//전설의갑옷
589	-1	8	40	0	0	0	0	2	0	1	0	2	//레드윙갑옷
589	-1	8	59	0	0	0	0	2	0	1	0	2	//세크리드파이어갑옷
589	-1	9	59	0	0	0	0	2	0	1	0	2	//세크리드파이어바지
589	-1	8	14	0	0	0	0	2	0	1	0	2	//수호갑옷
589	-1	7	1	0	0	0	0	2	0	1	0	2	//드라곤투구
589	-1	8	1	0	0	0	0	2	0	1	0	2	//드라곤갑옷
589	-1	7	26	0	0	0	0	2	0	1	0	2	//다크소울마스크
589	-1	10	26	0	0	0	0	2	0	1	0	2	//다크소울장갑
589	-1	9	26	0	0	0	0	2	0	1	0	2	//다크소울바지
589	-1	11	26	0	0	0	0	2	0	1	0	2	//다크소울부츠
589	-1	7	93	0	0	0	0	2	0	1	0	2	//프린시헬멧
589	-1	10	93	0	0	0	0	2	0	1	0	2	//프린시장갑
589	-1	9	93	0	0	0	0	2	0	1	0	2	//프린시바지
589	-1	11	93	0	0	0	0	2	0	1	0	2	//프린시부츠
589	-1	7	34	0	0	0	0	2	0	1	0	2	//애쉬크로우헬멧
589	-1	10	34	0	0	0	0	2	0	1	0	2	//애쉬크로우장갑
589	-1	9	34	0	0	0	0	2	0	1	0	2	//애쉬크로우바지
589	-1	11	34	0	0	0	0	2	0	1	0	2	//애쉬크로우부츠
589	-1	7	35	0	0	0	0	2	0	1	0	2	//이클립스헬멧
589	-1	10	35	0	0	0	0	2	0	1	0	2	//이클립스장갑
589	-1	9	35	0	0	0	0	2	0	1	0	2	//이클립스바지
589	-1	11	35	0	0	0	0	2	0	1	0	2	//이클립스부츠
589	-1	7	36	0	0	0	0	2	0	1	0	2	//아이리스헬멧
589	-1	10	36	0	0	0	0	2	0	1	0	2	//아이리스장갑
589	-1	9	36	0	0	0	0	2	0	1	0	2	//아이리스바지
589	-1	11	36	0	0	0	0	2	0	1	0	2	//아이리스부츠
589	-1	7	41	0	0	0	0	2	0	1	0	2	//에이션트헬멧
589	-1	10	41	0	0	0	0	2	0	1	0	2	//에이션트장갑
589	-1	9	41	0	0	0	0	2	0	1	0	2	//에이션트바지
589	-1	11	41	0	0	0	0	2	0	1	0	2	//에이션트부츠
589	-1	7	60	0	0	0	0	2	0	1	0	2	//스톰자하드투구
589	-1	11	60	0	0	0	0	2	0	1	0	2	//스톰자하드부츠
589	-1	10	15	0	0	0	0	2	0	1	0	2	//아틀란스장갑
589	-1	9	15	0	0	0	0	2	0	1	0	2	//아틀란스바지
589	-1	11	15	0	0	0	0	2	0	1	0	2	//아틀란스부츠
589	-1	10	18	0	0	0	0	2	0	1	0	2	//그랜드소울장갑
589	-1	10	42	0	0	0	0	2	0	1	0	2	//데모닉장갑
589	-1	10	19	0	0	0	0	2	0	1	0	2	//홀리스프릿장갑
//우바이드 엘리멘탈 비스트 101													
590	-1	2	7	0	0	0	2	2	0	0	0	2182	//엘리멘탈메이스
590	-1	4	16	0	0	0	2	2	0	0	0	2182	//세인트크로스석궁
590	-1	4	17	0	0	0	2	2	0	0	0	2182	//홀리사이트보우
590	-1	4	19	0	0	0	2	2	0	0	0	2182	//그레이트레인석궁
590	-1	0	31	0	0	0	2	2	0	0	0	2182	//데스브로드
590	-1	3	15	0	0	0	2	2	0	0	0	2182	//플루마랜스
590	-1	3	16	0	0	0	2	2	0	0	0	2182	//비스랜스
590	-1	3	10	0	0	0	2	2	0	0	0	2182	//드라곤스피어
590	-1	5	8	0	0	0	2	2	0	0	0	2182	//파멸의지팡이
590	-1	5	9	0	0	0	2	2	0	0	0	2182	//드래곤소울지팡이
590	-1	5	18	0	0	0	2	2	0	0	0	2182	//데모닉스틱
590	-1	2	11	0	0	0	2	2	0	0	0	2182	//로드셉터
590	-1	8	18	0	0	0	0	2	0	0	0	2182	//그랜드소울갑옷
590	-1	9	18	0	0	0	0	2	0	0	0	2182	//그랜드소울바지
590	-1	8	42	0	0	0	0	2	0	0	0	2182	//데모닉갑옷
590	-1	9	42	0	0	0	0	2	0	0	0	2182	//데모닉바지
590	-1	7	19	0	0	0	0	2	0	0	0	2182	//홀리스프릿헬멧
590	-1	8	19	0	0	0	0	2	0	0	0	2182	//홀리스프릿갑옷
590	-1	9	19	0	0	0	0	2	0	0	0	2182	//홀리스프릿바지
590	-1	7	27	0	0	0	0	2	0	0	0	2182	//다크브리즌마스크
590	-1	8	27	0	0	0	0	2	0	0	0	2182	//다크브리즌갑옷
590	-1	9	27	0	0	0	0	2	0	0	0	2182	//다크브리즌바지
590	-1	11	27	0	0	0	0	2	0	0	0	2182	//다크브리즌부츠
590	-1	8	16	0	0	0	0	2	0	0	0	2182	//블랙드라곤갑옷
590	-1	9	16	0	0	0	0	2	0	0	0	2182	//블랙드라곤바지
590	-1	7	94	0	0	0	0	2	0	0	0	2182	//히라트헬멧
590	-1	8	94	0	0	0	0	2	0	0	0	2182	//히라트갑옷
590	-1	9	94	0	0	0	0	2	0	0	0	2182	//히라트바지
590	-1	11	94	0	0	0	0	2	0	0	0	2182	//히라트부츠
590	-1	7	95	0	0	0	0	2	0	0	0	2182	//세이트헬멧
590	-1	8	95	0	0	0	0	2	0	0	0	2182	//세이트갑옷
590	-1	9	95	0	0	0	0	2	0	0	0	2182	//세이트바지
590	-1	11	95	0	0	0	0	2	0	0	0	2182	//세이트부츠
590	-1	7	61	0	0	0	0	2	0	0	0	2182	//피어싱그로브투구
590	-1	8	61	0	0	0	0	2	0	0	0	2182	//피어싱그로브갑옷
590	-1	9	61	0	0	0	0	2	0	0	0	2182	//피어싱그로브바지
590	-1	7	24	0	0	0	0	2	0	0	0	2182	//레드스프릿헬멧
590	-1	10	24	0	0	0	0	2	0	0	0	2182	//레드스프릿장갑
590	-1	9	24	0	0	0	0	2	0	0	0	2182	//레드스프릿바지
590	-1	11	24	0	0	0	0	2	0	0	0	2182	//레드스프릿부츠
590	-1	7	17	0	0	0	0	2	0	0	0	2182	//다크피닉스투구
590	-1	8	17	0	0	0	0	2	0	0	0	2182	//다크피닉스갑옷
590	-1	10	17	0	0	0	0	2	0	0	0	2182	//다크피닉스장갑
590	-1	9	17	0	0	0	0	2	0	0	0	2182	//다크피닉스바지
590	-1	11	17	0	0	0	0	2	0	0	0	2182	//다크피닉스부츠
590	-1	10	22	0	0	0	0	2	0	0	0	2182	//블랙소울장갑
590	-1	11	22	0	0	0	0	2	0	0	0	2182	//블랙소울부츠
590	-1	10	20	0	0	0	0	2	0	0	0	2182	//선더호크장갑
590	-1	9	20	0	0	0	0	2	0	0	0	2182	//선더호크바지
590	-1	11	20	0	0	0	0	2	0	0	0	2182	//선더호크부츠
590	-1	10	28	0	0	0	0	2	0	0	0	2182	//다크마스터장갑
590	-1	11	28	0	0	0	0	2	0	0	0	2182	//다크마스터부츠
590	-1	10	37	0	0	0	0	2	0	0	0	2182	//발리언트장갑
590	-1	9	37	0	0	0	0	2	0	0	0	2182	//발리언트바지
590	-1	11	37	0	0	0	0	2	0	0	0	2182	//발리언트부츠
590	-1	7	38	0	0	0	0	2	0	0	0	2182	//글로리어스마스크
590	-1	10	38	0	0	0	0	2	0	0	0	2182	//글로리어스장갑
590	-1	9	38	0	0	0	0	2	0	0	0	2182	//글로리어스바지
590	-1	11	38	0	0	0	0	2	0	0	0	2182	//글로리어스부츠
590	-1	10	21	0	0	0	0	2	0	0	0	2182	//그레이트드라곤장갑
590	-1	11	21	0	0	0	0	2	0	0	0	2182	//그레이트드라곤부츠
//속성 아이템													
590	-1	12	200	0	0	0	0	0	0	0	1	1000	//뮤렌의 마법서
590	-1	12	201	0	0	0	0	0	0	0	1	1000	//에트라무의 두루마리
590	-1	12	202	0	0	0	0	0	0	0	1	250	//로랜시아기사단철벽방패
590	-1	12	204	0	0	0	0	0	0	0	1	250	//영웅의 비약
590	-1	12	206	0	0	0	0	0	0	0	1	250	//검투사의 단도
590	-1	12	144	0	0	0	0	0	0	0	1	1200	//미스릴 조각
//우바이드 엘리멘탈 비스트 엑설런트													
590	-1	2	4	0	0	0	0	2	0	1	0	2	//크리스탈모닝스타
590	-1	4	13	0	0	0	0	2	0	1	0	2	//블루윙석궁
590	-1	4	14	0	0	0	0	2	0	1	0	2	//아쿠아골드석궁
590	-1	0	14	0	0	0	0	2	0	1	0	2	//번개검
590	-1	2	5	0	0	0	0	2	0	1	0	2	//크리스탈검
590	-1	3	9	0	0	0	0	2	0	1	0	2	//발록의낫
590	-1	3	14	0	0	0	0	2	0	1	0	2	//콘모시온랜스
590	-1	3	18	0	0	0	0	2	0	1	0	2	//알라크란랜스
590	-1	5	5	0	0	0	0	2	0	1	0	2	//전설의지팡이
590	-1	5	6	0	0	0	0	2	0	1	0	2	//부활의지팡이
590	-1	5	16	0	0	0	0	2	0	1	0	2	//레드윙스틱
590	-1	5	22	0	0	0	0	2	0	1	0	2	//닐의서
590	-1	5	23	0	0	0	0	2	0	1	0	2	//라글의서
590	-1	2	9	0	0	0	0	2	0	1	0	2	//마스터셉터
590	-1	6	13	0	0	0	0	2	0	1	0	2	//드라곤방패
590	-1	6	16	0	0	0	0	2	0	1	0	2	//엘리멘탈방패
590	-1	6	21	0	0	0	0	2	0	1	0	2	//크로스실드
590	-1	6	30	0	0	0	0	2	0	1	0	2	//플루마실드
590	-1	6	15	0	0	0	0	2	0	1	0	2	//그랜드소울방패
590	-1	6	32	0	0	0	0	2	0	1	0	2	//비스실드
590	-1	8	92	0	0	0	0	2	0	1	0	2	//그루힐갑옷
590	-1	8	25	0	0	0	0	2	0	1	0	2	//라운드갑옷
590	-1	8	59	0	0	0	0	2	0	1	0	2	//세크리드파이어갑옷
590	-1	9	59	0	0	0	0	2	0	1	0	2	//세크리드파이어바지
590	-1	8	1	0	0	0	0	2	0	1	0	2	//드라곤갑옷
590	-1	7	26	0	0	0	0	2	0	1	0	2	//다크소울마스크
590	-1	9	26	0	0	0	0	2	0	1	0	2	//다크소울바지
590	-1	11	26	0	0	0	0	2	0	1	0	2	//다크소울부츠
590	-1	7	93	0	0	0	0	2	0	1	0	2	//프린시헬멧
590	-1	10	93	0	0	0	0	2	0	1	0	2	//프린시장갑
590	-1	9	93	0	0	0	0	2	0	1	0	2	//프린시바지
590	-1	11	93	0	0	0	0	2	0	1	0	2	//프린시부츠
590	-1	7	34	0	0	0	0	2	0	1	0	2	//애쉬크로우헬멧
590	-1	8	34	0	0	0	0	2	0	1	0	2	//애쉬크로우갑옷
590	-1	10	34	0	0	0	0	2	0	1	0	2	//애쉬크로우장갑
590	-1	9	34	0	0	0	0	2	0	1	0	2	//애쉬크로우바지
590	-1	11	34	0	0	0	0	2	0	1	0	2	//애쉬크로우부츠
590	-1	7	35	0	0	0	0	2	0	1	0	2	//이클립스헬멧
590	-1	8	35	0	0	0	0	2	0	1	0	2	//이클립스갑옷
590	-1	10	35	0	0	0	0	2	0	1	0	2	//이클립스장갑
590	-1	9	35	0	0	0	0	2	0	1	0	2	//이클립스바지
590	-1	11	35	0	0	0	0	2	0	1	0	2	//이클립스부츠
590	-1	7	36	0	0	0	0	2	0	1	0	2	//아이리스헬멧
590	-1	8	36	0	0	0	0	2	0	1	0	2	//아이리스갑옷
590	-1	10	36	0	0	0	0	2	0	1	0	2	//아이리스장갑
590	-1	9	36	0	0	0	0	2	0	1	0	2	//아이리스바지
590	-1	11	36	0	0	0	0	2	0	1	0	2	//아이리스부츠
590	-1	7	41	0	0	0	0	2	0	1	0	2	//에이션트헬멧
590	-1	8	41	0	0	0	0	2	0	1	0	2	//에이션트갑옷
590	-1	10	41	0	0	0	0	2	0	1	0	2	//에이션트장갑
590	-1	9	41	0	0	0	0	2	0	1	0	2	//에이션트바지
590	-1	11	41	0	0	0	0	2	0	1	0	2	//에이션트부츠
590	-1	7	60	0	0	0	0	2	0	1	0	2	//스톰자하드투구
590	-1	11	60	0	0	0	0	2	0	1	0	2	//스톰자하드부츠
590	-1	10	15	0	0	0	0	2	0	1	0	2	//아틀란스장갑
590	-1	9	15	0	0	0	0	2	0	1	0	2	//아틀란스바지
590	-1	11	15	0	0	0	0	2	0	1	0	2	//아틀란스부츠
590	-1	10	18	0	0	0	0	2	0	1	0	2	//그랜드소울장갑
590	-1	11	18	0	0	0	0	2	0	1	0	2	//그랜드소울부츠
590	-1	10	42	0	0	0	0	2	0	1	0	2	//데모닉장갑
590	-1	11	42	0	0	0	0	2	0	1	0	2	//데모닉부츠
590	-1	10	19	0	0	0	0	2	0	1	0	2	//홀리스프릿장갑
590	-1	10	27	0	0	0	0	2	0	1	0	2	//다크브리즌장갑
590	-1	10	16	0	0	0	0	2	0	1	0	2	//블랙드라곤장갑
//우바이드 엘리멘탈 나이트 103													160
591	-1	2	7	0	0	0	2	2	0	0	0	2394	//엘리멘탈메이스
591	-1	4	17	0	0	0	2	2	0	0	0	2394	//홀리사이트보우
591	-1	4	19	0	0	0	2	2	0	0	0	2394	//그레이트레인석궁
591	-1	0	31	0	0	0	2	2	0	0	0	2394	//데스브로드
591	-1	3	15	0	0	0	2	2	0	0	0	2394	//플루마랜스
591	-1	3	16	0	0	0	2	2	0	0	0	2394	//비스랜스
591	-1	3	10	0	0	0	2	2	0	0	0	2394	//드라곤스피어
591	-1	5	8	0	0	0	2	2	0	0	0	2394	//파멸의지팡이
591	-1	5	9	0	0	0	2	2	0	0	0	2394	//드래곤소울지팡이
591	-1	5	18	0	0	0	2	2	0	0	0	2394	//데모닉스틱
591	-1	2	11	0	0	0	2	2	0	0	0	2394	//로드셉터
591	-1	8	18	0	0	0	0	2	0	0	0	2394	//그랜드소울갑옷
591	-1	9	18	0	0	0	0	2	0	0	0	2394	//그랜드소울바지
591	-1	8	42	0	0	0	0	2	0	0	0	2394	//데모닉갑옷
591	-1	9	42	0	0	0	0	2	0	0	0	2394	//데모닉바지
591	-1	7	19	0	0	0	0	2	0	0	0	2394	//홀리스프릿헬멧
591	-1	8	19	0	0	0	0	2	0	0	0	2394	//홀리스프릿갑옷
591	-1	9	19	0	0	0	0	2	0	0	0	2394	//홀리스프릿바지
591	-1	7	27	0	0	0	0	2	0	0	0	2394	//다크브리즌마스크
591	-1	8	27	0	0	0	0	2	0	0	0	2394	//다크브리즌갑옷
591	-1	9	27	0	0	0	0	2	0	0	0	2394	//다크브리즌바지
591	-1	8	16	0	0	0	0	2	0	0	0	2394	//블랙드라곤갑옷
591	-1	7	94	0	0	0	0	2	0	0	0	2394	//히라트헬멧
591	-1	8	94	0	0	0	0	2	0	0	0	2394	//히라트갑옷
591	-1	9	94	0	0	0	0	2	0	0	0	2394	//히라트바지
591	-1	11	94	0	0	0	0	2	0	0	0	2394	//히라트부츠
591	-1	7	95	0	0	0	0	2	0	0	0	2394	//세이트헬멧
591	-1	8	95	0	0	0	0	2	0	0	0	2394	//세이트갑옷
591	-1	9	95	0	0	0	0	2	0	0	0	2394	//세이트바지
591	-1	11	95	0	0	0	0	2	0	0	0	2394	//세이트부츠
591	-1	7	61	0	0	0	0	2	0	0	0	2394	//피어싱그로브투구
591	-1	8	61	0	0	0	0	2	0	0	0	2394	//피어싱그로브갑옷
591	-1	9	61	0	0	0	0	2	0	0	0	2394	//피어싱그로브바지
591	-1	7	24	0	0	0	0	2	0	0	0	2394	//레드스프릿헬멧
591	-1	9	24	0	0	0	0	2	0	0	0	2394	//레드스프릿바지
591	-1	11	24	0	0	0	0	2	0	0	0	2394	//레드스프릿부츠
591	-1	7	17	0	0	0	0	2	0	0	0	2394	//다크피닉스투구
591	-1	8	17	0	0	0	0	2	0	0	0	2394	//다크피닉스갑옷
591	-1	10	17	0	0	0	0	2	0	0	0	2394	//다크피닉스장갑
591	-1	9	17	0	0	0	0	2	0	0	0	2394	//다크피닉스바지
591	-1	11	17	0	0	0	0	2	0	0	0	2394	//다크피닉스부츠
591	-1	10	22	0	0	0	0	2	0	0	0	2394	//블랙소울장갑
591	-1	11	22	0	0	0	0	2	0	0	0	2394	//블랙소울부츠
591	-1	10	20	0	0	0	0	2	0	0	0	2394	//선더호크장갑
591	-1	9	20	0	0	0	0	2	0	0	0	2394	//선더호크바지
591	-1	11	20	0	0	0	0	2	0	0	0	2394	//선더호크부츠
591	-1	10	28	0	0	0	0	2	0	0	0	2394	//다크마스터장갑
591	-1	11	28	0	0	0	0	2	0	0	0	2394	//다크마스터부츠
591	-1	10	37	0	0	0	0	2	0	0	0	2394	//발리언트장갑
591	-1	9	37	0	0	0	0	2	0	0	0	2394	//발리언트바지
591	-1	11	37	0	0	0	0	2	0	0	0	2394	//발리언트부츠
591	-1	7	38	0	0	0	0	2	0	0	0	2394	//글로리어스마스크
591	-1	10	38	0	0	0	0	2	0	0	0	2394	//글로리어스장갑
591	-1	9	38	0	0	0	0	2	0	0	0	2394	//글로리어스바지
591	-1	11	38	0	0	0	0	2	0	0	0	2394	//글로리어스부츠
591	-1	10	21	0	0	0	0	2	0	0	0	2394	//그레이트드라곤장갑
591	-1	11	21	0	0	0	0	2	0	0	0	2394	//그레이트드라곤부츠
591	-1	10	23	0	0	0	0	2	0	0	0	2394	//아스릴장갑
//속성 아이템													
591	-1	12	200	0	0	0	0	0	0	0	1	1000	//뮤렌의 마법서
591	-1	12	201	0	0	0	0	0	0	0	1	1000	//에트라무의 두루마리
591	-1	12	202	0	0	0	0	0	0	0	1	250	//로랜시아기사단철벽방패
591	-1	12	204	0	0	0	0	0	0	0	1	250	//영웅의 비약
591	-1	12	206	0	0	0	0	0	0	0	1	250	//검투사의 단도
591	-1	12	144	0	0	0	0	0	0	0	1	1200	//미스릴 조각
//우바이드 엘리멘탈 나이트 엑설런트													
591	-1	2	4	0	0	0	0	2	0	1	0	2	//크리스탈모닝스타
591	-1	4	13	0	0	0	0	2	0	1	0	2	//블루윙석궁
591	-1	4	14	0	0	0	0	2	0	1	0	2	//아쿠아골드석궁
591	-1	2	5	0	0	0	0	2	0	1	0	2	//크리스탈검
591	-1	3	9	0	0	0	0	2	0	1	0	2	//발록의낫
591	-1	3	14	0	0	0	0	2	0	1	0	2	//콘모시온랜스
591	-1	3	18	0	0	0	0	2	0	1	0	2	//알라크란랜스
591	-1	5	6	0	0	0	0	2	0	1	0	2	//부활의지팡이
591	-1	5	17	0	0	0	0	2	0	1	0	2	//에이션트스틱
591	-1	5	23	0	0	0	0	2	0	1	0	2	//라글의서
591	-1	2	9	0	0	0	0	2	0	1	0	2	//마스터셉터
591	-1	6	13	0	0	0	0	2	0	1	0	2	//드라곤방패
591	-1	6	16	0	0	0	0	2	0	1	0	2	//엘리멘탈방패
591	-1	6	21	0	0	0	0	2	0	1	0	2	//크로스실드
591	-1	6	30	0	0	0	0	2	0	1	0	2	//플루마실드
591	-1	6	15	0	0	0	0	2	0	1	0	2	//그랜드소울방패
591	-1	6	32	0	0	0	0	2	0	1	0	2	//비스실드
591	-1	8	92	0	0	0	0	2	0	1	0	2	//그루힐갑옷
591	-1	8	25	0	0	0	0	2	0	1	0	2	//라운드갑옷
591	-1	8	59	0	0	0	0	2	0	1	0	2	//세크리드파이어갑옷
591	-1	9	59	0	0	0	0	2	0	1	0	2	//세크리드파이어바지
591	-1	7	26	0	0	0	0	2	0	1	0	2	//다크소울마스크
591	-1	8	26	0	0	0	0	2	0	1	0	2	//다크소울갑옷
591	-1	9	26	0	0	0	0	2	0	1	0	2	//다크소울바지
591	-1	11	26	0	0	0	0	2	0	1	0	2	//다크소울부츠
591	-1	7	93	0	0	0	0	2	0	1	0	2	//프린시헬멧
591	-1	10	93	0	0	0	0	2	0	1	0	2	//프린시장갑
591	-1	9	93	0	0	0	0	2	0	1	0	2	//프린시바지
591	-1	11	93	0	0	0	0	2	0	1	0	2	//프린시부츠
591	-1	7	34	0	0	0	0	2	0	1	0	2	//애쉬크로우헬멧
591	-1	8	34	0	0	0	0	2	0	1	0	2	//애쉬크로우갑옷
591	-1	10	34	0	0	0	0	2	0	1	0	2	//애쉬크로우장갑
591	-1	9	34	0	0	0	0	2	0	1	0	2	//애쉬크로우바지
591	-1	11	34	0	0	0	0	2	0	1	0	2	//애쉬크로우부츠
591	-1	7	35	0	0	0	0	2	0	1	0	2	//이클립스헬멧
591	-1	8	35	0	0	0	0	2	0	1	0	2	//이클립스갑옷
591	-1	10	35	0	0	0	0	2	0	1	0	2	//이클립스장갑
591	-1	9	35	0	0	0	0	2	0	1	0	2	//이클립스바지
591	-1	11	35	0	0	0	0	2	0	1	0	2	//이클립스부츠
591	-1	7	36	0	0	0	0	2	0	1	0	2	//아이리스헬멧
591	-1	8	36	0	0	0	0	2	0	1	0	2	//아이리스갑옷
591	-1	10	36	0	0	0	0	2	0	1	0	2	//아이리스장갑
591	-1	9	36	0	0	0	0	2	0	1	0	2	//아이리스바지
591	-1	11	36	0	0	0	0	2	0	1	0	2	//아이리스부츠
591	-1	7	41	0	0	0	0	2	0	1	0	2	//에이션트헬멧
591	-1	8	41	0	0	0	0	2	0	1	0	2	//에이션트갑옷
591	-1	10	41	0	0	0	0	2	0	1	0	2	//에이션트장갑
591	-1	9	41	0	0	0	0	2	0	1	0	2	//에이션트바지
591	-1	11	41	0	0	0	0	2	0	1	0	2	//에이션트부츠
591	-1	7	60	0	0	0	0	2	0	1	0	2	//스톰자하드투구
591	-1	9	60	0	0	0	0	2	0	1	0	2	//스톰자하드바지
591	-1	11	60	0	0	0	0	2	0	1	0	2	//스톰자하드부츠
591	-1	10	15	0	0	0	0	2	0	1	0	2	//아틀란스장갑
591	-1	9	15	0	0	0	0	2	0	1	0	2	//아틀란스바지
591	-1	11	15	0	0	0	0	2	0	1	0	2	//아틀란스부츠
591	-1	10	18	0	0	0	0	2	0	1	0	2	//그랜드소울장갑
591	-1	11	18	0	0	0	0	2	0	1	0	2	//그랜드소울부츠
591	-1	10	42	0	0	0	0	2	0	1	0	2	//데모닉장갑
591	-1	11	42	0	0	0	0	2	0	1	0	2	//데모닉부츠
591	-1	10	19	0	0	0	0	2	0	1	0	2	//홀리스프릿장갑
591	-1	10	27	0	0	0	0	2	0	1	0	2	//다크브리즌장갑
591	-1	10	16	0	0	0	0	2	0	1	0	2	//블랙드라곤장갑
591	-1	11	16	0	0	0	0	2	0	1	0	2	//블랙드라곤부츠
//운디네													
//592	-1	12	151	0	0	0	0	0	0	0	0	1500	//정령가루
592	-1	12	203	0	0	0	0	0	0	0	1	500	//마력깃든 기사단 철벽방패
592	-1	12	145	0	0	0	0	0	0	0	1	25000	//미스릴
//살라만더													
//593	-1	12	151	0	0	0	0	0	0	0	0	1500	//정령가루
593	-1	12	205	0	0	0	0	0	0	0	1	500	//용맹스런 영웅의 비약
593	-1	12	145	0	0	0	0	0	0	0	1	25000	//미스릴
//실피드													
//594	-1	12	151	0	0	0	0	0	0	0	0	1500	//정령가루
594	-1	12	207	0	0	0	0	0	0	0	1	500	//무자비한 검투사의 단도
594	-1	12	145	0	0	0	0	0	0	0	1	25000	//미스릴
//노옴													
//595	-1	12	151	0	0	0	0	0	0	0	0	1500	//정령가루
595	-1	12	203	0	0	0	0	0	0	0	1	500	//마력깃든 기사단 철벽방패
595	-1	12	145	0	0	0	0	0	0	0	1	25000	//미스릴
//힐라사													
//596	-1	12	151	0	0	0	0	0	0	0	0	1500	//정령가루
596	-1	12	217	0	0	0	0	0	0	0	1	500	//사려깊은 현자의 구슬
596	-1	12	145	0	0	0	0	0	0	0	1	25000	//미스릴
end													
