//////////////////////////////////////////////////////////////////////////////////////													
// [칼리마4]	EachMonsterBag27												
// [ Start  ] 	2015-03-20												
// [ Latest ]	2015-03-20 17:26												
// [ Author ]	박혜진												
// [ Version ]	0.0.0.1												
// [ Text ]													
// [ Desc ]	맵에 출현하는 몬스터 별로 드롭하는 아이템 리스트를 작성하는 스크립트												
//////////////////////////////////////////////////////////////////////////////////////													
													
//사냥 마리 수	32400												
													
//몬스터 인덱스	몬스터 속성	아이템 타입	아이템 인덱스	최소레벨	최대레벨	개수	스킬	행운	추가옵션	엑설런트 	속성 아이템	확률 (1/1000000)	아이템 명
//이시스4 62													160
193	-1	1	7	0	0	0	2	2	0	0	0	673	//라르칸도끼
193	-1	1	8	0	0	0	2	2	0	0	0	673	//반월도끼
193	-1	4	12	0	0	0	2	2	0	0	0	673	//서펜트석궁
193	-1	4	5	0	0	0	2	2	0	0	0	673	//실버보우
193	-1	0	11	0	0	0	2	2	0	0	0	673	//전설의검
193	-1	0	13	0	0	0	2	2	0	0	0	673	//더블블레이드
193	-1	0	15	0	0	0	2	2	0	0	0	673	//거대한검
193	-1	0	32	0	0	0	2	2	0	0	0	673	//세크리드글러브
193	-1	0	12	0	0	0	2	2	0	0	0	673	//태양검
193	-1	0	14	0	0	0	2	2	0	0	0	673	//번개검
193	-1	3	4	0	0	0	2	2	0	0	0	673	//서펜트스피어
193	-1	3	8	0	0	0	2	2	0	0	0	673	//그레이트사이드
193	-1	5	4	0	0	0	2	2	0	0	0	673	//고르곤지팡이
193	-1	5	5	0	0	0	2	2	0	0	0	673	//전설의지팡이
193	-1	5	16	0	0	0	2	2	0	0	0	673	//레드윙스틱
193	-1	5	21	0	0	0	2	2	0	0	0	673	//사아무트의서
193	-1	5	22	0	0	0	2	2	0	0	0	673	//닐의서
193	-1	2	8	0	0	0	2	2	0	0	0	673	//배틀셉터
193	-1	6	11	0	0	0	2	2	0	0	0	673	//서펜트방패
193	-1	6	14	0	0	0	2	2	0	0	0	673	//전설의방패
193	-1	6	12	0	0	0	2	2	0	0	0	673	//브론즈방패
193	-1	6	13	0	0	0	2	2	0	0	0	673	//드라곤방패
193	-1	8	13	0	0	0	0	2	0	0	0	673	//정령갑옷
193	-1	7	92	0	0	0	0	2	0	0	0	673	//그루힐헬멧
193	-1	8	92	0	0	0	0	2	0	0	0	673	//그루힐갑옷
193	-1	9	92	0	0	0	0	2	0	0	0	673	//그루힐바지
193	-1	11	92	0	0	0	0	2	0	0	0	673	//그루힐부츠
193	-1	7	9	0	0	0	0	2	0	0	0	673	//철판헬멧
193	-1	8	9	0	0	0	0	2	0	0	0	673	//철판갑옷
193	-1	9	9	0	0	0	0	2	0	0	0	673	//철판바지
193	-1	7	25	0	0	0	0	2	0	0	0	673	//라운드마스크
193	-1	8	25	0	0	0	0	2	0	0	0	673	//라운드갑옷
193	-1	9	25	0	0	0	0	2	0	0	0	673	//라운드바지
193	-1	11	25	0	0	0	0	2	0	0	0	673	//라운드부츠
193	-1	7	3	0	0	0	0	2	0	0	0	673	//전설의헬멧
193	-1	8	3	0	0	0	0	2	0	0	0	673	//전설의갑옷
193	-1	10	3	0	0	0	0	2	0	0	0	673	//전설의장갑
193	-1	9	3	0	0	0	0	2	0	0	0	673	//전설의바지
193	-1	11	3	0	0	0	0	2	0	0	0	673	//전설의부츠
193	-1	7	40	0	0	0	0	2	0	0	0	673	//레드윙헬멧
193	-1	8	40	0	0	0	0	2	0	0	0	673	//레드윙갑옷
193	-1	10	40	0	0	0	0	2	0	0	0	673	//레드윙장갑
193	-1	9	40	0	0	0	0	2	0	0	0	673	//레드윙바지
193	-1	11	40	0	0	0	0	2	0	0	0	673	//레드윙부츠
193	-1	7	14	0	0	0	0	2	0	0	0	673	//수호헬멧
193	-1	8	14	0	0	0	0	2	0	0	0	673	//수호갑옷
193	-1	10	14	0	0	0	0	2	0	0	0	673	//수호장갑
193	-1	9	14	0	0	0	0	2	0	0	0	673	//수호바지
193	-1	11	14	0	0	0	0	2	0	0	0	673	//수호부츠
193	-1	7	59	0	0	0	0	2	0	0	0	673	//세크리드파이어투구
193	-1	9	59	0	0	0	0	2	0	0	0	673	//세크리드파이어바지
193	-1	11	59	0	0	0	0	2	0	0	0	673	//세크리드파이어부츠
193	-1	7	1	0	0	0	0	2	0	0	0	673	//드라곤투구
193	-1	8	1	0	0	0	0	2	0	0	0	673	//드라곤갑옷
193	-1	10	1	0	0	0	0	2	0	0	0	673	//드라곤장갑
193	-1	9	1	0	0	0	0	2	0	0	0	673	//드라곤바지
193	-1	11	1	0	0	0	0	2	0	0	0	673	//드라곤부츠
193	-1	10	26	0	0	0	0	2	0	0	0	673	//다크소울장갑
193	-1	11	26	0	0	0	0	2	0	0	0	673	//다크소울부츠
193	-1	10	93	0	0	0	0	2	0	0	0	673	//프린시장갑
193	-1	10	34	0	0	0	0	2	0	0	0	673	//애쉬크로우장갑
193	-1	10	35	0	0	0	0	2	0	0	0	673	//이클립스장갑
193	-1	10	36	0	0	0	0	2	0	0	0	673	//아이리스장갑
193	-1	10	41	0	0	0	0	2	0	0	0	673	//에이션트장갑
193	-1	11	60	0	0	0	0	2	0	0	0	673	//스톰자하드부츠
193	-1	13	23	0	0	0	0	0	2	0	0	673	//바람의반지
193	-1	13	27	0	0	0	0	0	2	0	0	673	//물의목걸이
193	-1	13	24	0	0	0	0	0	2	0	0	673	//마법의반지
193	-1	13	28	0	0	0	0	0	2	0	0	673	//기술의목걸이
193	-1	15	14	0	0	0	0	0	0	0	0	100	//텔레키네시스법서
193	-1	12	18	0	0	0	0	0	0	0	0	100	//아이스애로우구슬
193	-1	15	26	0	0	0	0	0	0	0	0	100	//위크니스양피지
193	-1	15	17	0	0	0	0	0	0	0	0	100	//서든아이스법서
193	-1	15	27	0	0	0	0	0	0	0	0	100	//이너베이션양피지
193	-1	12	277	0	0	0	0	0	0	0	0	100	//브래쉬스크롤
193	-1	14	40	0	0	0	0	0	0	0	0	100	//큰복합물약
193	-1	13	173	0	0	0	0	0	0	0	0	1000	//궁극의고리+0
193	-1	13	173	0	0	0	0	0	1	0	0	450	//궁극의고리+0 (자생)
193	-1	13	175	0	0	0	0	0	0	0	0	1000	//수호자보호반지+0
193	-1	13	175	0	0	0	0	0	1	0	0	450	//수호자보호반지+0 (자생)
193	-1	13	176	0	0	0	0	0	0	0	0	1000	//보호반지+0
193	-1	13	176	0	0	0	0	0	1	0	0	450	//보호반지+0 (자생)
//이시스4 엑설런트													
193	-1	1	4	0	0	0	0	2	0	1	0	3	//요정도끼
193	-1	1	5	0	0	0	0	2	0	1	0	3	//전투도끼
193	-1	1	6	0	0	0	0	2	0	1	0	3	//니케아도끼
193	-1	2	2	0	0	0	0	2	0	1	0	3	//철퇴
193	-1	4	10	0	0	0	0	2	0	1	0	3	//아큐버스
193	-1	4	3	0	0	0	0	2	0	1	0	3	//전투활
193	-1	4	11	0	0	0	0	2	0	1	0	3	//빛의석궁
193	-1	0	6	0	0	0	0	2	0	1	0	3	//그라디우스
193	-1	0	7	0	0	0	0	2	0	1	0	3	//펄션
193	-1	0	8	0	0	0	0	2	0	1	0	3	//서펜트볼그
193	-1	0	9	0	0	0	0	2	0	1	0	3	//샐러멘더검
193	-1	0	5	0	0	0	0	2	0	1	0	3	//블레이드
193	-1	3	6	0	0	0	0	2	0	1	0	3	//도끼창
193	-1	3	1	0	0	0	0	2	0	1	0	3	//창
193	-1	3	3	0	0	0	0	2	0	1	0	3	//큰삼지창
193	-1	3	7	0	0	0	0	2	0	1	0	3	//버디슈
193	-1	3	17	0	0	0	0	2	0	1	0	3	//프릭클랜스
193	-1	5	2	0	0	0	0	2	0	1	0	3	//독사지팡이
193	-1	5	14	0	0	0	0	2	0	1	0	3	//미스터리스틱
193	-1	6	3	0	0	0	0	2	0	1	0	3	//요정방패
193	-1	6	9	0	0	0	0	2	0	1	0	3	//철판방패
193	-1	6	7	0	0	0	0	2	0	1	0	3	//스파이크방패
193	-1	6	5	0	0	0	0	2	0	1	0	3	//드래곤슬레이어방패
193	-1	7	91	0	0	0	0	2	0	1	0	2	//로우버스트헬멧
193	-1	8	91	0	0	0	0	2	0	1	0	2	//로우버스트갑옷
193	-1	9	91	0	0	0	0	2	0	1	0	2	//로우버스트바지
193	-1	8	4	0	0	0	0	2	0	1	0	3	//뼈갑옷
193	-1	9	4	0	0	0	0	2	0	1	0	3	//뼈바지
193	-1	8	11	0	0	0	0	2	0	1	0	3	//실크갑옷
193	-1	7	6	0	0	0	0	2	0	1	0	3	//비늘헬멧
193	-1	8	6	0	0	0	0	2	0	1	0	3	//비늘갑옷
193	-1	10	6	0	0	0	0	2	0	1	0	3	//비늘장갑
193	-1	9	6	0	0	0	0	2	0	1	0	3	//비늘바지
193	-1	11	6	0	0	0	0	2	0	1	0	3	//비늘부츠
193	-1	7	39	0	0	0	0	2	0	1	0	3	//바이올렌윈드헬멧
193	-1	8	39	0	0	0	0	2	0	1	0	3	//바이올렌윈드갑옷
193	-1	10	39	0	0	0	0	2	0	1	0	3	//바이올렌윈드장갑
193	-1	9	39	0	0	0	0	2	0	1	0	3	//바이올렌윈드바지
193	-1	11	39	0	0	0	0	2	0	1	0	3	//바이올렌윈드부츠
193	-1	7	12	0	0	0	0	2	0	1	0	2	//바람의헬멧
193	-1	8	12	0	0	0	0	2	0	1	0	2	//바람의갑옷
193	-1	10	12	0	0	0	0	2	0	1	0	2	//바람의장갑
193	-1	9	12	0	0	0	0	2	0	1	0	2	//바람의바지
193	-1	11	12	0	0	0	0	2	0	1	0	2	//바람의부츠
193	-1	7	7	0	0	0	0	2	0	1	0	3	//스핑크스마스크
193	-1	10	7	0	0	0	0	2	0	1	0	3	//스핑크스장갑
193	-1	9	7	0	0	0	0	2	0	1	0	3	//스핑크스바지
193	-1	11	7	0	0	0	0	2	0	1	0	3	//스핑크스부츠
193	-1	7	8	0	0	0	0	2	0	1	0	3	//황동헬멧
193	-1	10	8	0	0	0	0	2	0	1	0	3	//황동장갑
193	-1	9	8	0	0	0	0	2	0	1	0	3	//황동바지
193	-1	11	8	0	0	0	0	2	0	1	0	3	//황동부츠
//로그센츄리온4 66													160
194	-1	1	8	0	0	0	2	2	0	0	0	760	//반월도끼
194	-1	2	4	0	0	0	2	2	0	0	0	760	//크리스탈모닝스타
194	-1	4	12	0	0	0	2	2	0	0	0	760	//서펜트석궁
194	-1	4	5	0	0	0	2	2	0	0	0	760	//실버보우
194	-1	0	13	0	0	0	2	2	0	0	0	760	//더블블레이드
194	-1	0	15	0	0	0	2	2	0	0	0	760	//거대한검
194	-1	0	32	0	0	0	2	2	0	0	0	760	//세크리드글러브
194	-1	0	12	0	0	0	2	2	0	0	0	760	//태양검
194	-1	0	14	0	0	0	2	2	0	0	0	760	//번개검
194	-1	3	14	0	0	0	2	2	0	0	0	760	//콘모시온랜스
194	-1	3	8	0	0	0	2	2	0	0	0	760	//그레이트사이드
194	-1	3	9	0	0	0	2	2	0	0	0	760	//발록의낫
194	-1	5	4	0	0	0	2	2	0	0	0	760	//고르곤지팡이
194	-1	5	5	0	0	0	2	2	0	0	0	760	//전설의지팡이
194	-1	5	16	0	0	0	2	2	0	0	0	760	//레드윙스틱
194	-1	5	21	0	0	0	2	2	0	0	0	760	//사아무트의서
194	-1	5	22	0	0	0	2	2	0	0	0	760	//닐의서
194	-1	5	23	0	0	0	2	2	0	0	0	760	//라글의서
194	-1	2	8	0	0	0	2	2	0	0	0	760	//배틀셉터
194	-1	6	14	0	0	0	2	2	0	0	0	760	//전설의방패
194	-1	6	12	0	0	0	2	2	0	0	0	760	//브론즈방패
194	-1	6	13	0	0	0	2	2	0	0	0	760	//드라곤방패
194	-1	6	16	0	0	0	2	2	0	0	0	760	//엘리멘탈방패
194	-1	7	92	0	0	0	0	2	0	0	0	760	//그루힐헬멧
194	-1	8	92	0	0	0	0	2	0	0	0	760	//그루힐갑옷
194	-1	9	92	0	0	0	0	2	0	0	0	760	//그루힐바지
194	-1	8	9	0	0	0	0	2	0	0	0	760	//철판갑옷
194	-1	8	25	0	0	0	0	2	0	0	0	760	//라운드갑옷
194	-1	9	25	0	0	0	0	2	0	0	0	760	//라운드바지
194	-1	7	3	0	0	0	0	2	0	0	0	760	//전설의헬멧
194	-1	8	3	0	0	0	0	2	0	0	0	760	//전설의갑옷
194	-1	9	3	0	0	0	0	2	0	0	0	760	//전설의바지
194	-1	7	40	0	0	0	0	2	0	0	0	760	//레드윙헬멧
194	-1	8	40	0	0	0	0	2	0	0	0	760	//레드윙갑옷
194	-1	9	40	0	0	0	0	2	0	0	0	760	//레드윙바지
194	-1	7	14	0	0	0	0	2	0	0	0	760	//수호헬멧
194	-1	8	14	0	0	0	0	2	0	0	0	760	//수호갑옷
194	-1	10	14	0	0	0	0	2	0	0	0	760	//수호장갑
194	-1	9	14	0	0	0	0	2	0	0	0	760	//수호바지
194	-1	11	14	0	0	0	0	2	0	0	0	760	//수호부츠
194	-1	7	59	0	0	0	0	2	0	0	0	760	//세크리드파이어투구
194	-1	8	59	0	0	0	0	2	0	0	0	760	//세크리드파이어갑옷
194	-1	9	59	0	0	0	0	2	0	0	0	760	//세크리드파이어바지
194	-1	11	59	0	0	0	0	2	0	0	0	760	//세크리드파이어부츠
194	-1	7	1	0	0	0	0	2	0	0	0	760	//드라곤투구
194	-1	8	1	0	0	0	0	2	0	0	0	760	//드라곤갑옷
194	-1	10	1	0	0	0	0	2	0	0	0	760	//드라곤장갑
194	-1	9	1	0	0	0	0	2	0	0	0	760	//드라곤바지
194	-1	11	1	0	0	0	0	2	0	0	0	760	//드라곤부츠
194	-1	7	26	0	0	0	0	2	0	0	0	760	//다크소울마스크
194	-1	10	26	0	0	0	0	2	0	0	0	760	//다크소울장갑
194	-1	11	26	0	0	0	0	2	0	0	0	760	//다크소울부츠
194	-1	10	93	0	0	0	0	2	0	0	0	760	//프린시장갑
194	-1	11	93	0	0	0	0	2	0	0	0	760	//프린시부츠
194	-1	10	34	0	0	0	0	2	0	0	0	760	//애쉬크로우장갑
194	-1	10	35	0	0	0	0	2	0	0	0	760	//이클립스장갑
194	-1	10	36	0	0	0	0	2	0	0	0	760	//아이리스장갑
194	-1	10	41	0	0	0	0	2	0	0	0	760	//에이션트장갑
194	-1	11	41	0	0	0	0	2	0	0	0	760	//에이션트부츠
194	-1	11	60	0	0	0	0	2	0	0	0	760	//스톰자하드부츠
194	-1	13	28	0	0	0	0	0	2	0	0	760	//기술의목걸이
194	-1	15	14	0	0	0	0	0	0	0	0	100	//텔레키네시스법서
194	-1	12	18	0	0	0	0	0	0	0	0	100	//아이스애로우구슬
194	-1	15	26	0	0	0	0	0	0	0	0	100	//위크니스양피지
194	-1	15	17	0	0	0	0	0	0	0	0	100	//서든아이스법서
194	-1	15	27	0	0	0	0	0	0	0	0	100	//이너베이션양피지
194	-1	12	277	0	0	0	0	0	0	0	0	100	//브래쉬스크롤
194	-1	14	40	0	0	0	0	0	0	0	0	100	//큰복합물약
194	-1	13	173	0	0	0	0	0	0	0	0	1000	//궁극의고리+0
194	-1	13	173	0	0	0	0	0	1	0	0	450	//궁극의고리+0 (자생)
194	-1	13	175	0	0	0	0	0	0	0	0	1000	//수호자보호반지+0
194	-1	13	175	0	0	0	0	0	1	0	0	450	//수호자보호반지+0 (자생)
194	-1	13	176	0	0	0	0	0	0	0	0	1000	//보호반지+0
194	-1	13	176	0	0	0	0	0	1	0	0	450	//보호반지+0 (자생)
//로그센츄리온4 엑설런트													
194	-1	1	4	0	0	0	0	2	0	1	0	3	//요정도끼
194	-1	1	5	0	0	0	0	2	0	1	0	3	//전투도끼
194	-1	1	6	0	0	0	0	2	0	1	0	3	//니케아도끼
194	-1	2	3	0	0	0	0	2	0	1	0	3	//그레이트해머
194	-1	4	3	0	0	0	0	2	0	1	0	3	//전투활
194	-1	4	11	0	0	0	0	2	0	1	0	3	//빛의석궁
194	-1	4	4	0	0	0	0	2	0	1	0	3	//타이거보우
194	-1	0	7	0	0	0	0	2	0	1	0	3	//펄션
194	-1	0	8	0	0	0	0	2	0	1	0	3	//서펜트볼그
194	-1	0	9	0	0	0	0	2	0	1	0	3	//샐러멘더검
194	-1	0	5	0	0	0	0	2	0	1	0	3	//블레이드
194	-1	0	10	0	0	0	0	2	0	1	0	3	//빛의검
194	-1	3	1	0	0	0	0	2	0	1	0	3	//창
194	-1	3	3	0	0	0	0	2	0	1	0	3	//큰삼지창
194	-1	3	7	0	0	0	0	2	0	1	0	3	//버디슈
194	-1	5	2	0	0	0	0	2	0	1	0	3	//독사지팡이
194	-1	5	14	0	0	0	0	2	0	1	0	3	//미스터리스틱
194	-1	6	9	0	0	0	0	2	0	1	0	3	//철판방패
194	-1	6	7	0	0	0	0	2	0	1	0	3	//스파이크방패
194	-1	6	5	0	0	0	0	2	0	1	0	3	//드래곤슬레이어방패
194	-1	6	8	0	0	0	0	2	0	1	0	3	//타워방패
194	-1	6	31	0	0	0	0	2	0	1	0	2	//알라크란실드
194	-1	8	91	0	0	0	0	2	0	1	0	2	//로우버스트갑옷
194	-1	9	91	0	0	0	0	2	0	1	0	2	//로우버스트바지
194	-1	7	6	0	0	0	0	2	0	1	0	3	//비늘헬멧
194	-1	8	6	0	0	0	0	2	0	1	0	3	//비늘갑옷
194	-1	9	6	0	0	0	0	2	0	1	0	3	//비늘바지
194	-1	7	39	0	0	0	0	2	0	1	0	3	//바이올렌윈드헬멧
194	-1	8	39	0	0	0	0	2	0	1	0	3	//바이올렌윈드갑옷
194	-1	10	39	0	0	0	0	2	0	1	0	3	//바이올렌윈드장갑
194	-1	9	39	0	0	0	0	2	0	1	0	3	//바이올렌윈드바지
194	-1	11	39	0	0	0	0	2	0	1	0	3	//바이올렌윈드부츠
194	-1	7	12	0	0	0	0	2	0	1	0	2	//바람의헬멧
194	-1	8	12	0	0	0	0	2	0	1	0	2	//바람의갑옷
194	-1	10	12	0	0	0	0	2	0	1	0	2	//바람의장갑
194	-1	9	12	0	0	0	0	2	0	1	0	2	//바람의바지
194	-1	11	12	0	0	0	0	2	0	1	0	2	//바람의부츠
194	-1	7	7	0	0	0	0	2	0	1	0	3	//스핑크스마스크
194	-1	8	7	0	0	0	0	2	0	1	0	3	//스핑크스갑옷
194	-1	10	7	0	0	0	0	2	0	1	0	3	//스핑크스장갑
194	-1	9	7	0	0	0	0	2	0	1	0	3	//스핑크스바지
194	-1	11	7	0	0	0	0	2	0	1	0	3	//스핑크스부츠
194	-1	7	8	0	0	0	0	2	0	1	0	3	//황동헬멧
194	-1	8	8	0	0	0	0	2	0	1	0	3	//황동갑옷
194	-1	10	8	0	0	0	0	2	0	1	0	3	//황동장갑
194	-1	9	8	0	0	0	0	2	0	1	0	3	//황동바지
194	-1	11	8	0	0	0	0	2	0	1	0	3	//황동부츠
194	-1	7	13	0	0	0	0	2	0	1	0	3	//정령헬멧
194	-1	10	13	0	0	0	0	2	0	1	0	3	//정령장갑
194	-1	11	13	0	0	0	0	2	0	1	0	3	//정령부츠
194	-1	10	92	0	0	0	0	2	0	1	0	2	//그루힐장갑
//블러디솔져4 70													160
192	-1	1	8	0	0	0	2	2	0	0	0	656	//반월도끼
192	-1	2	4	0	0	0	2	2	0	0	0	656	//크리스탈모닝스타
192	-1	4	5	0	0	0	2	2	0	0	0	656	//실버보우
192	-1	4	13	0	0	0	2	2	0	0	0	656	//블루윙석궁
192	-1	0	15	0	0	0	2	2	0	0	0	656	//거대한검
192	-1	0	32	0	0	0	2	2	0	0	0	656	//세크리드글러브
192	-1	0	12	0	0	0	2	2	0	0	0	656	//태양검
192	-1	0	14	0	0	0	2	2	0	0	0	656	//번개검
192	-1	3	14	0	0	0	2	2	0	0	0	656	//콘모시온랜스
192	-1	3	18	0	0	0	2	2	0	0	0	656	//알라크란랜스
192	-1	3	8	0	0	0	2	2	0	0	0	656	//그레이트사이드
192	-1	3	9	0	0	0	2	2	0	0	0	656	//발록의낫
192	-1	5	4	0	0	0	2	2	0	0	0	656	//고르곤지팡이
192	-1	5	5	0	0	0	2	2	0	0	0	656	//전설의지팡이
192	-1	5	6	0	0	0	2	2	0	0	0	656	//부활의지팡이
192	-1	5	16	0	0	0	2	2	0	0	0	656	//레드윙스틱
192	-1	5	21	0	0	0	2	2	0	0	0	656	//사아무트의서
192	-1	5	22	0	0	0	2	2	0	0	0	656	//닐의서
192	-1	5	23	0	0	0	2	2	0	0	0	656	//라글의서
192	-1	2	8	0	0	0	2	2	0	0	0	656	//배틀셉터
192	-1	6	12	0	0	0	2	2	0	0	0	656	//브론즈방패
192	-1	6	13	0	0	0	2	2	0	0	0	656	//드라곤방패
192	-1	6	16	0	0	0	2	2	0	0	0	656	//엘리멘탈방패
192	-1	6	21	0	0	0	2	2	0	0	0	656	//크로스실드
192	-1	6	30	0	0	0	2	2	0	0	0	656	//플루마실드
192	-1	8	92	0	0	0	0	2	0	0	0	656	//그루힐갑옷
192	-1	9	92	0	0	0	0	2	0	0	0	656	//그루힐바지
192	-1	8	25	0	0	0	0	2	0	0	0	656	//라운드갑옷
192	-1	8	3	0	0	0	0	2	0	0	0	656	//전설의갑옷
192	-1	9	3	0	0	0	0	2	0	0	0	656	//전설의바지
192	-1	8	40	0	0	0	0	2	0	0	0	656	//레드윙갑옷
192	-1	9	40	0	0	0	0	2	0	0	0	656	//레드윙바지
192	-1	7	14	0	0	0	0	2	0	0	0	656	//수호헬멧
192	-1	8	14	0	0	0	0	2	0	0	0	656	//수호갑옷
192	-1	9	14	0	0	0	0	2	0	0	0	656	//수호바지
192	-1	11	14	0	0	0	0	2	0	0	0	656	//수호부츠
192	-1	7	59	0	0	0	0	2	0	0	0	656	//세크리드파이어투구
192	-1	8	59	0	0	0	0	2	0	0	0	656	//세크리드파이어갑옷
192	-1	9	59	0	0	0	0	2	0	0	0	656	//세크리드파이어바지
192	-1	7	1	0	0	0	0	2	0	0	0	656	//드라곤투구
192	-1	8	1	0	0	0	0	2	0	0	0	656	//드라곤갑옷
192	-1	10	1	0	0	0	0	2	0	0	0	656	//드라곤장갑
192	-1	9	1	0	0	0	0	2	0	0	0	656	//드라곤바지
192	-1	11	1	0	0	0	0	2	0	0	0	656	//드라곤부츠
192	-1	7	26	0	0	0	0	2	0	0	0	656	//다크소울마스크
192	-1	10	26	0	0	0	0	2	0	0	0	656	//다크소울장갑
192	-1	9	26	0	0	0	0	2	0	0	0	656	//다크소울바지
192	-1	11	26	0	0	0	0	2	0	0	0	656	//다크소울부츠
192	-1	10	93	0	0	0	0	2	0	0	0	656	//프린시장갑
192	-1	11	93	0	0	0	0	2	0	0	0	656	//프린시부츠
192	-1	7	34	0	0	0	0	2	0	0	0	656	//애쉬크로우헬멧
192	-1	10	34	0	0	0	0	2	0	0	0	656	//애쉬크로우장갑
192	-1	9	34	0	0	0	0	2	0	0	0	656	//애쉬크로우바지
192	-1	11	34	0	0	0	0	2	0	0	0	656	//애쉬크로우부츠
192	-1	7	35	0	0	0	0	2	0	0	0	656	//이클립스헬멧
192	-1	10	35	0	0	0	0	2	0	0	0	656	//이클립스장갑
192	-1	9	35	0	0	0	0	2	0	0	0	656	//이클립스바지
192	-1	11	35	0	0	0	0	2	0	0	0	656	//이클립스부츠
192	-1	7	36	0	0	0	0	2	0	0	0	656	//아이리스헬멧
192	-1	10	36	0	0	0	0	2	0	0	0	656	//아이리스장갑
192	-1	9	36	0	0	0	0	2	0	0	0	656	//아이리스바지
192	-1	11	36	0	0	0	0	2	0	0	0	656	//아이리스부츠
192	-1	7	41	0	0	0	0	2	0	0	0	656	//에이션트헬멧
192	-1	10	41	0	0	0	0	2	0	0	0	656	//에이션트장갑
192	-1	11	41	0	0	0	0	2	0	0	0	656	//에이션트부츠
192	-1	7	60	0	0	0	0	2	0	0	0	656	//스톰자하드투구
192	-1	11	60	0	0	0	0	2	0	0	0	656	//스톰자하드부츠
192	-1	7	93	0	0	0	0	2	0	0	0	656	//프린시헬멧
192	-1	10	15	0	0	0	0	2	0	0	0	656	//아틀란스장갑
192	-1	10	18	0	0	0	0	2	0	0	0	656	//그랜드소울장갑
192	-1	10	42	0	0	0	0	2	0	0	0	656	//데모닉장갑
192	-1	15	14	0	0	0	0	0	0	0	0	100	//텔레키네시스법서
192	-1	12	18	0	0	0	0	0	0	0	0	100	//아이스애로우구슬
192	-1	15	26	0	0	0	0	0	0	0	0	100	//위크니스양피지
192	-1	15	17	0	0	0	0	0	0	0	0	100	//서든아이스법서
192	-1	15	27	0	0	0	0	0	0	0	0	100	//이너베이션양피지
192	-1	12	277	0	0	0	0	0	0	0	0	100	//브래쉬스크롤
192	-1	14	40	0	0	0	0	0	0	0	0	100	//큰복합물약
192	-1	13	173	1	1	0	0	0	0	0	0	1000	//궁극의고리+1
192	-1	13	173	1	1	0	0	0	1	0	0	450	//궁극의고리+1 (자생)
192	-1	13	175	1	1	0	0	0	0	0	0	1000	//수호자보호반지+1
192	-1	13	175	1	1	0	0	0	1	0	0	450	//수호자보호반지+1 (자생)
192	-1	13	176	1	1	0	0	0	0	0	0	1000	//보호반지+1
192	-1	13	176	1	1	0	0	0	1	0	0	450	//보호반지+1 (자생)
//블러디솔져4 엑설런트													
192	-1	1	5	0	0	0	0	2	0	1	0	3	//전투도끼
192	-1	1	6	0	0	0	0	2	0	1	0	3	//니케아도끼
192	-1	2	3	0	0	0	0	2	0	1	0	3	//그레이트해머
192	-1	4	11	0	0	0	0	2	0	1	0	3	//빛의석궁
192	-1	4	4	0	0	0	0	2	0	1	0	3	//타이거보우
192	-1	0	8	0	0	0	0	2	0	1	0	3	//서펜트볼그
192	-1	0	9	0	0	0	0	2	0	1	0	3	//샐러멘더검
192	-1	0	5	0	0	0	0	2	0	1	0	3	//블레이드
192	-1	0	10	0	0	0	0	2	0	1	0	3	//빛의검
192	-1	0	11	0	0	0	0	2	0	1	0	3	//전설의검
192	-1	3	3	0	0	0	0	2	0	1	0	3	//큰삼지창
192	-1	3	7	0	0	0	0	2	0	1	0	3	//버디슈
192	-1	3	0	0	0	0	0	2	0	1	0	3	//광선봉
192	-1	5	2	0	0	0	0	2	0	1	0	3	//독사지팡이
192	-1	5	3	0	0	0	0	2	0	1	0	3	//번개지팡이
192	-1	5	14	0	0	0	0	2	0	1	0	3	//미스터리스틱
192	-1	5	15	0	0	0	0	2	0	1	0	3	//바이올렌윈드스틱
192	-1	6	7	0	0	0	0	2	0	1	0	3	//스파이크방패
192	-1	6	5	0	0	0	0	2	0	1	0	3	//드래곤슬레이어방패
192	-1	6	8	0	0	0	0	2	0	1	0	3	//타워방패
192	-1	6	31	0	0	0	0	2	0	1	0	2	//알라크란실드
192	-1	6	11	0	0	0	0	2	0	1	0	2	//서펜트방패
192	-1	8	91	0	0	0	0	2	0	1	0	2	//로우버스트갑옷
192	-1	8	6	0	0	0	0	2	0	1	0	3	//비늘갑옷
192	-1	10	40	0	0	0	0	2	0	1	0	3	//레드윙장갑
192	-1	7	39	0	0	0	0	2	0	1	0	3	//바이올렌윈드헬멧
192	-1	8	39	0	0	0	0	2	0	1	0	3	//바이올렌윈드갑옷
192	-1	9	39	0	0	0	0	2	0	1	0	3	//바이올렌윈드바지
192	-1	7	12	0	0	0	0	2	0	1	0	2	//바람의헬멧
192	-1	8	12	0	0	0	0	2	0	1	0	2	//바람의갑옷
192	-1	9	12	0	0	0	0	2	0	1	0	2	//바람의바지
192	-1	11	12	0	0	0	0	2	0	1	0	2	//바람의부츠
192	-1	7	7	0	0	0	0	2	0	1	0	3	//스핑크스마스크
192	-1	8	7	0	0	0	0	2	0	1	0	3	//스핑크스갑옷
192	-1	10	7	0	0	0	0	2	0	1	0	3	//스핑크스장갑
192	-1	9	7	0	0	0	0	2	0	1	0	3	//스핑크스바지
192	-1	11	7	0	0	0	0	2	0	1	0	3	//스핑크스부츠
192	-1	7	8	0	0	0	0	2	0	1	0	3	//황동헬멧
192	-1	8	8	0	0	0	0	2	0	1	0	3	//황동갑옷
192	-1	10	8	0	0	0	0	2	0	1	0	3	//황동장갑
192	-1	9	8	0	0	0	0	2	0	1	0	3	//황동바지
192	-1	11	8	0	0	0	0	2	0	1	0	3	//황동부츠
192	-1	7	13	0	0	0	0	2	0	1	0	3	//정령헬멧
192	-1	10	13	0	0	0	0	2	0	1	0	3	//정령장갑
192	-1	9	13	0	0	0	0	2	0	1	0	3	//정령바지
192	-1	11	13	0	0	0	0	2	0	1	0	3	//정령부츠
192	-1	10	92	0	0	0	0	2	0	1	0	2	//그루힐장갑
192	-1	11	92	0	0	0	0	2	0	1	0	2	//그루힐부츠
192	-1	10	9	0	0	0	0	2	0	1	0	3	//철판장갑
192	-1	9	9	0	0	0	0	2	0	1	0	3	//철판바지
192	-1	11	9	0	0	0	0	2	0	1	0	3	//철판부츠
192	-1	10	25	0	0	0	0	2	0	1	0	3	//라운드장갑
192	-1	11	25	0	0	0	0	2	0	1	0	3	//라운드부츠
//데스엔젤4 74													140
190	-1	2	4	0	0	0	2	2	0	0	0	865	//크리스탈모닝스타
190	-1	4	5	0	0	0	2	2	0	0	0	865	//실버보우
190	-1	4	13	0	0	0	2	2	0	0	0	865	//블루윙석궁
190	-1	4	14	0	0	0	2	2	0	0	0	865	//아쿠아골드석궁
190	-1	0	12	0	0	0	2	2	0	0	0	865	//태양검
190	-1	0	14	0	0	0	2	2	0	0	0	865	//번개검
190	-1	2	5	0	0	0	2	2	0	0	0	865	//크리스탈검
190	-1	3	14	0	0	0	2	2	0	0	0	865	//콘모시온랜스
190	-1	3	18	0	0	0	2	2	0	0	0	865	//알라크란랜스
190	-1	3	9	0	0	0	2	2	0	0	0	865	//발록의낫
190	-1	5	5	0	0	0	2	2	0	0	0	865	//전설의지팡이
190	-1	5	6	0	0	0	2	2	0	0	0	865	//부활의지팡이
190	-1	5	16	0	0	0	2	2	0	0	0	865	//레드윙스틱
190	-1	5	22	0	0	0	2	2	0	0	0	865	//닐의서
190	-1	5	23	0	0	0	2	2	0	0	0	865	//라글의서
190	-1	2	9	0	0	0	2	2	0	0	0	865	//마스터셉터
190	-1	6	13	0	0	0	2	2	0	0	0	865	//드라곤방패
190	-1	6	16	0	0	0	2	2	0	0	0	865	//엘리멘탈방패
190	-1	6	21	0	0	0	2	2	0	0	0	865	//크로스실드
190	-1	6	30	0	0	0	2	2	0	0	0	865	//플루마실드
190	-1	6	15	0	0	0	2	2	0	0	0	865	//그랜드소울방패
190	-1	8	92	0	0	0	0	2	0	0	0	865	//그루힐갑옷
190	-1	8	25	0	0	0	0	2	0	0	0	865	//라운드갑옷
190	-1	8	3	0	0	0	0	2	0	0	0	865	//전설의갑옷
190	-1	8	40	0	0	0	0	2	0	0	0	865	//레드윙갑옷
190	-1	8	14	0	0	0	0	2	0	0	0	865	//수호갑옷
190	-1	8	59	0	0	0	0	2	0	0	0	865	//세크리드파이어갑옷
190	-1	9	59	0	0	0	0	2	0	0	0	865	//세크리드파이어바지
190	-1	7	1	0	0	0	0	2	0	0	0	865	//드라곤투구
190	-1	8	1	0	0	0	0	2	0	0	0	865	//드라곤갑옷
190	-1	7	26	0	0	0	0	2	0	0	0	865	//다크소울마스크
190	-1	10	26	0	0	0	0	2	0	0	0	865	//다크소울장갑
190	-1	9	26	0	0	0	0	2	0	0	0	865	//다크소울바지
190	-1	11	26	0	0	0	0	2	0	0	0	865	//다크소울부츠
190	-1	10	93	0	0	0	0	2	0	0	0	865	//프린시장갑
190	-1	9	93	0	0	0	0	2	0	0	0	865	//프린시바지
190	-1	11	93	0	0	0	0	2	0	0	0	865	//프린시부츠
190	-1	7	34	0	0	0	0	2	0	0	0	865	//애쉬크로우헬멧
190	-1	10	34	0	0	0	0	2	0	0	0	865	//애쉬크로우장갑
190	-1	9	34	0	0	0	0	2	0	0	0	865	//애쉬크로우바지
190	-1	11	34	0	0	0	0	2	0	0	0	865	//애쉬크로우부츠
190	-1	7	35	0	0	0	0	2	0	0	0	865	//이클립스헬멧
190	-1	10	35	0	0	0	0	2	0	0	0	865	//이클립스장갑
190	-1	9	35	0	0	0	0	2	0	0	0	865	//이클립스바지
190	-1	11	35	0	0	0	0	2	0	0	0	865	//이클립스부츠
190	-1	7	36	0	0	0	0	2	0	0	0	865	//아이리스헬멧
190	-1	10	36	0	0	0	0	2	0	0	0	865	//아이리스장갑
190	-1	9	36	0	0	0	0	2	0	0	0	865	//아이리스바지
190	-1	11	36	0	0	0	0	2	0	0	0	865	//아이리스부츠
190	-1	7	41	0	0	0	0	2	0	0	0	865	//에이션트헬멧
190	-1	10	41	0	0	0	0	2	0	0	0	865	//에이션트장갑
190	-1	9	41	0	0	0	0	2	0	0	0	865	//에이션트바지
190	-1	11	41	0	0	0	0	2	0	0	0	865	//에이션트부츠
190	-1	7	60	0	0	0	0	2	0	0	0	865	//스톰자하드투구
190	-1	11	60	0	0	0	0	2	0	0	0	865	//스톰자하드부츠
190	-1	7	93	0	0	0	0	2	0	0	0	865	//프린시헬멧
190	-1	10	15	0	0	0	0	2	0	0	0	865	//아틀란스장갑
190	-1	9	15	0	0	0	0	2	0	0	0	865	//아틀란스바지
190	-1	11	15	0	0	0	0	2	0	0	0	865	//아틀란스부츠
190	-1	10	18	0	0	0	0	2	0	0	0	865	//그랜드소울장갑
190	-1	10	42	0	0	0	0	2	0	0	0	865	//데모닉장갑
190	-1	10	19	0	0	0	0	2	0	0	0	865	//홀리스프릿장갑
190	-1	15	14	0	0	0	0	0	0	0	0	100	//텔레키네시스법서
190	-1	12	18	0	0	0	0	0	0	0	0	100	//아이스애로우구슬
190	-1	15	26	0	0	0	0	0	0	0	0	100	//위크니스양피지
190	-1	15	17	0	0	0	0	0	0	0	0	100	//서든아이스법서
190	-1	15	27	0	0	0	0	0	0	0	0	100	//이너베이션양피지
190	-1	12	277	0	0	0	0	0	0	0	0	100	//브래쉬스크롤
190	-1	14	40	0	0	0	0	0	0	0	0	100	//큰복합물약
190	-1	13	173	1	1	0	0	0	0	0	0	1000	//궁극의고리+1
190	-1	13	173	1	1	0	0	0	1	0	0	450	//궁극의고리+1 (자생)
190	-1	13	175	1	1	0	0	0	0	0	0	1000	//수호자보호반지+1
190	-1	13	175	1	1	0	0	0	1	0	0	450	//수호자보호반지+1 (자생)
190	-1	13	176	1	1	0	0	0	0	0	0	1000	//보호반지+1
190	-1	13	176	1	1	0	0	0	1	0	0	450	//보호반지+1 (자생)
//데스엔젤4 엑설런트													
190	-1	1	6	0	0	0	0	2	0	1	0	3	//니케아도끼
190	-1	1	7	0	0	0	0	2	0	1	0	3	//라르칸도끼
190	-1	2	3	0	0	0	0	2	0	1	0	3	//그레이트해머
190	-1	4	11	0	0	0	0	2	0	1	0	3	//빛의석궁
190	-1	4	4	0	0	0	0	2	0	1	0	3	//타이거보우
190	-1	4	12	0	0	0	0	2	0	1	0	3	//서펜트석궁
190	-1	0	9	0	0	0	0	2	0	1	0	3	//샐러멘더검
190	-1	0	5	0	0	0	0	2	0	1	0	3	//블레이드
190	-1	0	10	0	0	0	0	2	0	1	0	3	//빛의검
190	-1	0	11	0	0	0	0	2	0	1	0	3	//전설의검
190	-1	0	13	0	0	0	0	2	0	1	0	3	//더블블레이드
190	-1	3	7	0	0	0	0	2	0	1	0	3	//버디슈
190	-1	3	0	0	0	0	0	2	0	1	0	3	//광선봉
190	-1	3	4	0	0	0	0	2	0	1	0	3	//서펜트스피어
190	-1	5	3	0	0	0	0	2	0	1	0	3	//번개지팡이
190	-1	5	15	0	0	0	0	2	0	1	0	3	//바이올렌윈드스틱
190	-1	6	5	0	0	0	0	2	0	1	0	3	//드래곤슬레이어방패
190	-1	6	8	0	0	0	0	2	0	1	0	3	//타워방패
190	-1	6	31	0	0	0	0	2	0	1	0	3	//알라크란실드
190	-1	6	11	0	0	0	0	2	0	1	0	3	//서펜트방패
190	-1	6	14	0	0	0	0	2	0	1	0	3	//전설의방패
190	-1	8	39	0	0	0	0	2	0	1	0	3	//바이올렌윈드갑옷
190	-1	8	12	0	0	0	0	2	0	1	0	3	//바람의갑옷
190	-1	7	7	0	0	0	0	2	0	1	0	3	//스핑크스마스크
190	-1	8	7	0	0	0	0	2	0	1	0	3	//스핑크스갑옷
190	-1	9	7	0	0	0	0	2	0	1	0	3	//스핑크스바지
190	-1	7	8	0	0	0	0	2	0	1	0	3	//황동헬멧
190	-1	8	8	0	0	0	0	2	0	1	0	3	//황동갑옷
190	-1	10	8	0	0	0	0	2	0	1	0	3	//황동장갑
190	-1	9	8	0	0	0	0	2	0	1	0	3	//황동바지
190	-1	11	8	0	0	0	0	2	0	1	0	3	//황동부츠
190	-1	7	13	0	0	0	0	2	0	1	0	3	//정령헬멧
190	-1	10	13	0	0	0	0	2	0	1	0	3	//정령장갑
190	-1	9	13	0	0	0	0	2	0	1	0	3	//정령바지
190	-1	11	13	0	0	0	0	2	0	1	0	3	//정령부츠
190	-1	10	92	0	0	0	0	2	0	1	0	3	//그루힐장갑
190	-1	7	9	0	0	0	0	2	0	1	0	3	//철판헬멧
190	-1	8	9	0	0	0	0	2	0	1	0	3	//철판갑옷
190	-1	10	9	0	0	0	0	2	0	1	0	3	//철판장갑
190	-1	9	9	0	0	0	0	2	0	1	0	3	//철판바지
190	-1	11	9	0	0	0	0	2	0	1	0	3	//철판부츠
190	-1	7	25	0	0	0	0	2	0	1	0	3	//라운드마스크
190	-1	10	25	0	0	0	0	2	0	1	0	3	//라운드장갑
190	-1	11	25	0	0	0	0	2	0	1	0	3	//라운드부츠
190	-1	11	3	0	0	0	0	2	0	1	0	3	//전설의부츠
190	-1	11	40	0	0	0	0	2	0	1	0	3	//레드윙부츠
//네크론4 78													140
195	-1	2	4	0	0	0	2	2	0	0	0	837	//크리스탈모닝스타
195	-1	4	13	0	0	0	2	2	0	0	0	837	//블루윙석궁
195	-1	4	14	0	0	0	2	2	0	0	0	837	//아쿠아골드석궁
195	-1	2	5	0	0	0	2	2	0	0	0	837	//크리스탈검
195	-1	3	14	0	0	0	2	2	0	0	0	837	//콘모시온랜스
195	-1	3	18	0	0	0	2	2	0	0	0	837	//알라크란랜스
195	-1	3	9	0	0	0	2	2	0	0	0	837	//발록의낫
195	-1	5	6	0	0	0	2	2	0	0	0	837	//부활의지팡이
195	-1	5	17	0	0	0	2	2	0	0	0	837	//에이션트스틱
195	-1	5	23	0	0	0	2	2	0	0	0	837	//라글의서
195	-1	2	9	0	0	0	2	2	0	0	0	837	//마스터셉터
195	-1	6	13	0	0	0	2	2	0	0	0	837	//드라곤방패
195	-1	6	16	0	0	0	2	2	0	0	0	837	//엘리멘탈방패
195	-1	6	21	0	0	0	2	2	0	0	0	837	//크로스실드
195	-1	6	30	0	0	0	2	2	0	0	0	837	//플루마실드
195	-1	6	15	0	0	0	2	2	0	0	0	837	//그랜드소울방패
195	-1	6	32	0	0	0	2	2	0	0	0	837	//비스실드
195	-1	8	92	0	0	0	0	2	0	0	0	837	//그루힐갑옷
195	-1	8	25	0	0	0	0	2	0	0	0	837	//라운드갑옷
195	-1	8	59	0	0	0	0	2	0	0	0	837	//세크리드파이어갑옷
195	-1	9	59	0	0	0	0	2	0	0	0	837	//세크리드파이어바지
195	-1	7	26	0	0	0	0	2	0	0	0	837	//다크소울마스크
195	-1	8	26	0	0	0	0	2	0	0	0	837	//다크소울갑옷
195	-1	9	26	0	0	0	0	2	0	0	0	837	//다크소울바지
195	-1	11	26	0	0	0	0	2	0	0	0	837	//다크소울부츠
195	-1	10	93	0	0	0	0	2	0	0	0	837	//프린시장갑
195	-1	9	93	0	0	0	0	2	0	0	0	837	//프린시바지
195	-1	11	93	0	0	0	0	2	0	0	0	837	//프린시부츠
195	-1	7	34	0	0	0	0	2	0	0	0	837	//애쉬크로우헬멧
195	-1	8	34	0	0	0	0	2	0	0	0	837	//애쉬크로우갑옷
195	-1	10	34	0	0	0	0	2	0	0	0	837	//애쉬크로우장갑
195	-1	9	34	0	0	0	0	2	0	0	0	837	//애쉬크로우바지
195	-1	11	34	0	0	0	0	2	0	0	0	837	//애쉬크로우부츠
195	-1	7	35	0	0	0	0	2	0	0	0	837	//이클립스헬멧
195	-1	8	35	0	0	0	0	2	0	0	0	837	//이클립스갑옷
195	-1	10	35	0	0	0	0	2	0	0	0	837	//이클립스장갑
195	-1	9	35	0	0	0	0	2	0	0	0	837	//이클립스바지
195	-1	11	35	0	0	0	0	2	0	0	0	837	//이클립스부츠
195	-1	7	36	0	0	0	0	2	0	0	0	837	//아이리스헬멧
195	-1	8	36	0	0	0	0	2	0	0	0	837	//아이리스갑옷
195	-1	10	36	0	0	0	0	2	0	0	0	837	//아이리스장갑
195	-1	9	36	0	0	0	0	2	0	0	0	837	//아이리스바지
195	-1	11	36	0	0	0	0	2	0	0	0	837	//아이리스부츠
195	-1	7	41	0	0	0	0	2	0	0	0	837	//에이션트헬멧
195	-1	8	41	0	0	0	0	2	0	0	0	837	//에이션트갑옷
195	-1	10	41	0	0	0	0	2	0	0	0	837	//에이션트장갑
195	-1	9	41	0	0	0	0	2	0	0	0	837	//에이션트바지
195	-1	11	41	0	0	0	0	2	0	0	0	837	//에이션트부츠
195	-1	7	60	0	0	0	0	2	0	0	0	837	//스톰자하드투구
195	-1	9	60	0	0	0	0	2	0	0	0	837	//스톰자하드바지
195	-1	11	60	0	0	0	0	2	0	0	0	837	//스톰자하드부츠
195	-1	7	93	0	0	0	0	2	0	0	0	837	//프린시헬멧
195	-1	10	15	0	0	0	0	2	0	0	0	837	//아틀란스장갑
195	-1	9	15	0	0	0	0	2	0	0	0	837	//아틀란스바지
195	-1	11	15	0	0	0	0	2	0	0	0	837	//아틀란스부츠
195	-1	10	18	0	0	0	0	2	0	0	0	837	//그랜드소울장갑
195	-1	11	18	0	0	0	0	2	0	0	0	837	//그랜드소울부츠
195	-1	10	42	0	0	0	0	2	0	0	0	837	//데모닉장갑
195	-1	11	42	0	0	0	0	2	0	0	0	837	//데모닉부츠
195	-1	10	19	0	0	0	0	2	0	0	0	837	//홀리스프릿장갑
195	-1	10	27	0	0	0	0	2	0	0	0	837	//다크브리즌장갑
195	-1	10	16	0	0	0	0	2	0	0	0	837	//블랙드라곤장갑
195	-1	11	16	0	0	0	0	2	0	0	0	837	//블랙드라곤부츠
195	-1	15	14	0	0	0	0	0	0	0	0	100	//텔레키네시스법서
195	-1	12	18	0	0	0	0	0	0	0	0	100	//아이스애로우구슬
195	-1	15	26	0	0	0	0	0	0	0	0	100	//위크니스양피지
195	-1	15	17	0	0	0	0	0	0	0	0	100	//서든아이스법서
195	-1	15	27	0	0	0	0	0	0	0	0	100	//이너베이션양피지
195	-1	12	277	0	0	0	0	0	0	0	0	100	//브래쉬스크롤
195	-1	14	40	0	0	0	0	0	0	0	0	100	//큰복합물약
195	-1	13	173	2	2	0	0	0	0	0	0	1000	//궁극의고리+2
195	-1	13	173	2	2	0	0	0	1	0	0	450	//궁극의고리+2 (자생)
195	-1	13	175	2	2	0	0	0	0	0	0	1000	//수호자보호반지+2
195	-1	13	175	2	2	0	0	0	1	0	0	450	//수호자보호반지+2 (자생)
195	-1	13	176	2	2	0	0	0	0	0	0	1000	//보호반지+2
195	-1	13	176	2	2	0	0	0	1	0	0	450	//보호반지+2 (자생)
//네크론4 엑설런트													
195	-1	4	32	0	0	0	0	2	0	1	0	3	//전투화살통
195	-1	1	7	0	0	0	0	2	0	1	0	3	//라르칸도끼
195	-1	2	3	0	0	0	0	2	0	1	0	3	//그레이트해머
195	-1	4	4	0	0	0	0	2	0	1	0	3	//타이거보우
195	-1	4	12	0	0	0	0	2	0	1	0	3	//서펜트석궁
195	-1	0	5	0	0	0	0	2	0	1	0	3	//블레이드
195	-1	0	10	0	0	0	0	2	0	1	0	3	//빛의검
195	-1	0	11	0	0	0	0	2	0	1	0	3	//전설의검
195	-1	0	13	0	0	0	0	2	0	1	0	3	//더블블레이드
195	-1	0	15	0	0	0	0	2	0	1	0	3	//거대한검
195	-1	0	32	0	0	0	0	2	0	1	0	2	//세크리드글러브
195	-1	3	7	0	0	0	0	2	0	1	0	3	//버디슈
195	-1	3	0	0	0	0	0	2	0	1	0	3	//광선봉
195	-1	3	4	0	0	0	0	2	0	1	0	3	//서펜트스피어
195	-1	5	3	0	0	0	0	2	0	1	0	3	//번개지팡이
195	-1	5	4	0	0	0	0	2	0	1	0	3	//고르곤지팡이
195	-1	5	15	0	0	0	0	2	0	1	0	3	//바이올렌윈드스틱
195	-1	5	21	0	0	0	0	2	0	1	0	3	//사아무트의서
195	-1	6	5	0	0	0	0	2	0	1	0	3	//드래곤슬레이어방패
195	-1	6	8	0	0	0	0	2	0	1	0	3	//타워방패
195	-1	6	31	0	0	0	0	2	0	1	0	3	//알라크란실드
195	-1	6	11	0	0	0	0	2	0	1	0	3	//서펜트방패
195	-1	6	14	0	0	0	0	2	0	1	0	3	//전설의방패
195	-1	8	7	0	0	0	0	2	0	1	0	3	//스핑크스갑옷
195	-1	7	8	0	0	0	0	2	0	1	0	3	//황동헬멧
195	-1	8	8	0	0	0	0	2	0	1	0	3	//황동갑옷
195	-1	9	8	0	0	0	0	2	0	1	0	3	//황동바지
195	-1	7	13	0	0	0	0	2	0	1	0	3	//정령헬멧
195	-1	10	13	0	0	0	0	2	0	1	0	3	//정령장갑
195	-1	9	13	0	0	0	0	2	0	1	0	3	//정령바지
195	-1	11	13	0	0	0	0	2	0	1	0	3	//정령부츠
195	-1	7	92	0	0	0	0	2	0	1	0	2	//그루힐헬멧
195	-1	10	92	0	0	0	0	2	0	1	0	2	//그루힐장갑
195	-1	7	9	0	0	0	0	2	0	1	0	3	//철판헬멧
195	-1	8	9	0	0	0	0	2	0	1	0	3	//철판갑옷
195	-1	10	9	0	0	0	0	2	0	1	0	3	//철판장갑
195	-1	9	9	0	0	0	0	2	0	1	0	3	//철판바지
195	-1	11	9	0	0	0	0	2	0	1	0	3	//철판부츠
195	-1	7	25	0	0	0	0	2	0	1	0	3	//라운드마스크
195	-1	10	25	0	0	0	0	2	0	1	0	3	//라운드장갑
195	-1	9	25	0	0	0	0	2	0	1	0	3	//라운드바지
195	-1	11	25	0	0	0	0	2	0	1	0	3	//라운드부츠
195	-1	7	3	0	0	0	0	2	0	1	0	3	//전설의헬멧
195	-1	9	3	0	0	0	0	2	0	1	0	3	//전설의바지
195	-1	11	3	0	0	0	0	2	0	1	0	3	//전설의부츠
195	-1	7	40	0	0	0	0	2	0	1	0	3	//레드윙헬멧
195	-1	9	40	0	0	0	0	2	0	1	0	3	//레드윙바지
195	-1	11	40	0	0	0	0	2	0	1	0	3	//레드윙부츠
195	-1	11	59	0	0	0	0	2	0	1	0	2	//세크리드파이어부츠
195	-1	7	14	0	0	0	0	2	0	1	0	2	//수호헬멧
195	-1	10	14	0	0	0	0	2	0	1	0	2	//수호장갑
195	-1	11	14	0	0	0	0	2	0	1	0	2	//수호부츠
195	-1	10	1	0	0	0	0	2	0	1	0	3	//드라곤장갑
//데스센츄리온4 83													140
191	-1	2	4	0	0	0	2	2	0	0	0	816	//크리스탈모닝스타
191	-1	4	13	0	0	0	2	2	0	0	0	816	//블루윙석궁
191	-1	4	14	0	0	0	2	2	0	0	0	816	//아쿠아골드석궁
191	-1	2	5	0	0	0	2	2	0	0	0	816	//크리스탈검
191	-1	0	16	0	0	0	2	2	0	0	0	816	//파괴의검
191	-1	0	33	0	0	0	2	2	0	0	0	816	//홀리스톰클로
191	-1	3	14	0	0	0	2	2	0	0	0	816	//콘모시온랜스
191	-1	3	18	0	0	0	2	2	0	0	0	816	//알라크란랜스
191	-1	5	6	0	0	0	2	2	0	0	0	816	//부활의지팡이
191	-1	5	17	0	0	0	2	2	0	0	0	816	//에이션트스틱
191	-1	5	23	0	0	0	2	2	0	0	0	816	//라글의서
191	-1	2	9	0	0	0	2	2	0	0	0	816	//마스터셉터
191	-1	2	10	0	0	0	2	2	0	0	0	816	//그레이트셉터
191	-1	6	16	0	0	0	2	2	0	0	0	816	//엘리멘탈방패
191	-1	6	21	0	0	0	2	2	0	0	0	816	//크로스실드
191	-1	6	30	0	0	0	2	2	0	0	0	816	//플루마실드
191	-1	6	15	0	0	0	2	2	0	0	0	816	//그랜드소울방패
191	-1	6	32	0	0	0	2	2	0	0	0	816	//비스실드
191	-1	8	59	0	0	0	0	2	0	0	0	816	//세크리드파이어갑옷
191	-1	7	26	0	0	0	0	2	0	0	0	816	//다크소울마스크
191	-1	8	26	0	0	0	0	2	0	0	0	816	//다크소울갑옷
191	-1	9	26	0	0	0	0	2	0	0	0	816	//다크소울바지
191	-1	7	93	0	0	0	0	2	0	0	0	816	//프린시헬멧
191	-1	8	93	0	0	0	0	2	0	0	0	816	//프린시갑옷
191	-1	9	93	0	0	0	0	2	0	0	0	816	//프린시바지
191	-1	7	34	0	0	0	0	2	0	0	0	816	//애쉬크로우헬멧
191	-1	8	34	0	0	0	0	2	0	0	0	816	//애쉬크로우갑옷
191	-1	9	34	0	0	0	0	2	0	0	0	816	//애쉬크로우바지
191	-1	11	34	0	0	0	0	2	0	0	0	816	//애쉬크로우부츠
191	-1	7	35	0	0	0	0	2	0	0	0	816	//이클립스헬멧
191	-1	8	35	0	0	0	0	2	0	0	0	816	//이클립스갑옷
191	-1	9	35	0	0	0	0	2	0	0	0	816	//이클립스바지
191	-1	11	35	0	0	0	0	2	0	0	0	816	//이클립스부츠
191	-1	7	36	0	0	0	0	2	0	0	0	816	//아이리스헬멧
191	-1	8	36	0	0	0	0	2	0	0	0	816	//아이리스갑옷
191	-1	9	36	0	0	0	0	2	0	0	0	816	//아이리스바지
191	-1	11	36	0	0	0	0	2	0	0	0	816	//아이리스부츠
191	-1	7	41	0	0	0	0	2	0	0	0	816	//에이션트헬멧
191	-1	8	41	0	0	0	0	2	0	0	0	816	//에이션트갑옷
191	-1	9	41	0	0	0	0	2	0	0	0	816	//에이션트바지
191	-1	11	41	0	0	0	0	2	0	0	0	816	//에이션트부츠
191	-1	7	60	0	0	0	0	2	0	0	0	816	//스톰자하드투구
191	-1	8	60	0	0	0	0	2	0	0	0	816	//스톰자하드갑옷
191	-1	9	60	0	0	0	0	2	0	0	0	816	//스톰자하드바지
191	-1	8	15	0	0	0	0	2	0	0	0	816	//아틀란스갑옷
191	-1	10	15	0	0	0	0	2	0	0	0	816	//아틀란스장갑
191	-1	9	15	0	0	0	0	2	0	0	0	816	//아틀란스바지
191	-1	11	15	0	0	0	0	2	0	0	0	816	//아틀란스부츠
191	-1	7	18	0	0	0	0	2	0	0	0	816	//그랜드소울헬멧
191	-1	10	18	0	0	0	0	2	0	0	0	816	//그랜드소울장갑
191	-1	11	18	0	0	0	0	2	0	0	0	816	//그랜드소울부츠
191	-1	7	42	0	0	0	0	2	0	0	0	816	//데모닉헬멧
191	-1	10	42	0	0	0	0	2	0	0	0	816	//데모닉장갑
191	-1	11	42	0	0	0	0	2	0	0	0	816	//데모닉부츠
191	-1	10	19	0	0	0	0	2	0	0	0	816	//홀리스프릿장갑
191	-1	11	19	0	0	0	0	2	0	0	0	816	//홀리스프릿부츠
191	-1	10	27	0	0	0	0	2	0	0	0	816	//다크브리즌장갑
191	-1	11	27	0	0	0	0	2	0	0	0	816	//다크브리즌부츠
191	-1	7	16	0	0	0	0	2	0	0	0	816	//블랙드라곤투구
191	-1	10	16	0	0	0	0	2	0	0	0	816	//블랙드라곤장갑
191	-1	11	16	0	0	0	0	2	0	0	0	816	//블랙드라곤부츠
191	-1	10	94	0	0	0	0	2	0	0	0	816	//히라트장갑
191	-1	10	95	0	0	0	0	2	0	0	0	816	//세이트장갑
191	-1	11	61	0	0	0	0	2	0	0	0	816	//피어싱그로브부츠
191	-1	15	14	0	0	0	0	0	0	0	0	100	//텔레키네시스법서
191	-1	12	18	0	0	0	0	0	0	0	0	100	//아이스애로우구슬
191	-1	15	26	0	0	0	0	0	0	0	0	100	//위크니스양피지
191	-1	15	17	0	0	0	0	0	0	0	0	100	//서든아이스법서
191	-1	15	27	0	0	0	0	0	0	0	0	100	//이너베이션양피지
191	-1	12	277	0	0	0	0	0	0	0	0	100	//브래쉬스크롤
191	-1	13	173	2	2	0	0	0	0	0	0	1000	//궁극의고리+2
191	-1	13	173	2	2	0	0	0	1	0	0	450	//궁극의고리+2 (자생)
191	-1	13	175	2	2	0	0	0	0	0	0	1000	//수호자보호반지+2
191	-1	13	175	2	2	0	0	0	1	0	0	450	//수호자보호반지+2 (자생)
191	-1	13	176	2	2	0	0	0	0	0	0	1000	//보호반지+2
191	-1	13	176	2	2	0	0	0	1	0	0	450	//보호반지+2 (자생)
//데스센츄리온4 엑설런트													
191	-1	4	32	0	0	0	0	2	0	1	0	2	//전투화살통
191	-1	1	7	0	0	0	0	2	0	1	0	2	//라르칸도끼
191	-1	1	8	0	0	0	0	2	0	1	0	2	//반월도끼
191	-1	4	4	0	0	0	0	2	0	1	0	2	//타이거보우
191	-1	4	12	0	0	0	0	2	0	1	0	2	//서펜트석궁
191	-1	4	5	0	0	0	0	2	0	1	0	2	//실버보우
191	-1	0	10	0	0	0	0	2	0	1	0	2	//빛의검
191	-1	0	11	0	0	0	0	2	0	1	0	2	//전설의검
191	-1	0	13	0	0	0	0	2	0	1	0	2	//더블블레이드
191	-1	0	15	0	0	0	0	2	0	1	0	2	//거대한검
191	-1	0	32	0	0	0	0	2	0	1	0	2	//세크리드글러브
191	-1	0	12	0	0	0	0	2	0	1	0	2	//태양검
191	-1	3	0	0	0	0	0	2	0	1	0	2	//광선봉
191	-1	3	4	0	0	0	0	2	0	1	0	2	//서펜트스피어
191	-1	3	8	0	0	0	0	2	0	1	0	2	//그레이트사이드
191	-1	5	3	0	0	0	0	2	0	1	0	2	//번개지팡이
191	-1	5	4	0	0	0	0	2	0	1	0	2	//고르곤지팡이
191	-1	5	15	0	0	0	0	2	0	1	0	2	//바이올렌윈드스틱
191	-1	5	21	0	0	0	0	2	0	1	0	2	//사아무트의서
191	-1	2	8	0	0	0	0	2	0	1	0	2	//배틀셉터
191	-1	6	8	0	0	0	0	2	0	1	0	2	//타워방패
191	-1	6	31	0	0	0	0	2	0	1	0	2	//알라크란실드
191	-1	6	11	0	0	0	0	2	0	1	0	2	//서펜트방패
191	-1	6	14	0	0	0	0	2	0	1	0	2	//전설의방패
191	-1	6	12	0	0	0	0	2	0	1	0	2	//브론즈방패
191	-1	7	13	0	0	0	0	2	0	1	0	2	//정령헬멧
191	-1	9	13	0	0	0	0	2	0	1	0	2	//정령바지
191	-1	11	13	0	0	0	0	2	0	1	0	2	//정령부츠
191	-1	7	92	0	0	0	0	2	0	1	0	2	//그루힐헬멧
191	-1	10	92	0	0	0	0	2	0	1	0	2	//그루힐장갑
191	-1	9	92	0	0	0	0	2	0	1	0	2	//그루힐바지
191	-1	7	9	0	0	0	0	2	0	1	0	3	//철판헬멧
191	-1	8	9	0	0	0	0	2	0	1	0	3	//철판갑옷
191	-1	10	9	0	0	0	0	2	0	1	0	3	//철판장갑
191	-1	9	9	0	0	0	0	2	0	1	0	3	//철판바지
191	-1	11	9	0	0	0	0	2	0	1	0	3	//철판부츠
191	-1	7	25	0	0	0	0	2	0	1	0	3	//라운드마스크
191	-1	10	25	0	0	0	0	2	0	1	0	3	//라운드장갑
191	-1	9	25	0	0	0	0	2	0	1	0	3	//라운드바지
191	-1	11	25	0	0	0	0	2	0	1	0	3	//라운드부츠
191	-1	7	3	0	0	0	0	2	0	1	0	3	//전설의헬멧
191	-1	8	3	0	0	0	0	2	0	1	0	3	//전설의갑옷
191	-1	9	3	0	0	0	0	2	0	1	0	3	//전설의바지
191	-1	11	3	0	0	0	0	2	0	1	0	3	//전설의부츠
191	-1	7	40	0	0	0	0	2	0	1	0	3	//레드윙헬멧
191	-1	8	40	0	0	0	0	2	0	1	0	3	//레드윙갑옷
191	-1	9	40	0	0	0	0	2	0	1	0	3	//레드윙바지
191	-1	11	40	0	0	0	0	2	0	1	0	3	//레드윙부츠
191	-1	7	59	0	0	0	0	2	0	1	0	3	//세크리드파이어투구
191	-1	11	59	0	0	0	0	2	0	1	0	3	//세크리드파이어부츠
191	-1	7	14	0	0	0	0	2	0	1	0	3	//수호헬멧
191	-1	8	14	0	0	0	0	2	0	1	0	3	//수호갑옷
191	-1	10	14	0	0	0	0	2	0	1	0	3	//수호장갑
191	-1	9	14	0	0	0	0	2	0	1	0	3	//수호바지
191	-1	11	14	0	0	0	0	2	0	1	0	3	//수호부츠
191	-1	7	1	0	0	0	0	2	0	1	0	3	//드라곤투구
191	-1	10	1	0	0	0	0	2	0	1	0	3	//드라곤장갑
191	-1	9	1	0	0	0	0	2	0	1	0	3	//드라곤바지
191	-1	11	1	0	0	0	0	2	0	1	0	3	//드라곤부츠
191	-1	10	26	0	0	0	0	2	0	1	0	3	//다크소울장갑
//슈리커4 88													140
196	-1	4	14	0	0	0	2	2	0	0	0	835	//아쿠아골드석궁
196	-1	4	16	0	0	0	2	2	0	0	0	835	//세인트크로스석궁
196	-1	2	5	0	0	0	2	2	0	0	0	835	//크리스탈검
196	-1	0	16	0	0	0	2	2	0	0	0	835	//파괴의검
196	-1	0	33	0	0	0	2	2	0	0	0	835	//홀리스톰클로
196	-1	3	15	0	0	0	2	2	0	0	0	835	//플루마랜스
196	-1	3	16	0	0	0	2	2	0	0	0	835	//비스랜스
196	-1	5	6	0	0	0	2	2	0	0	0	835	//부활의지팡이
196	-1	5	17	0	0	0	2	2	0	0	0	835	//에이션트스틱
196	-1	2	9	0	0	0	2	2	0	0	0	835	//마스터셉터
196	-1	2	10	0	0	0	2	2	0	0	0	835	//그레이트셉터
196	-1	6	21	0	0	0	2	2	0	0	0	835	//크로스실드
196	-1	6	30	0	0	0	2	2	0	0	0	835	//플루마실드
196	-1	6	15	0	0	0	2	2	0	0	0	835	//그랜드소울방패
196	-1	6	32	0	0	0	2	2	0	0	0	835	//비스실드
196	-1	8	26	0	0	0	0	2	0	0	0	835	//다크소울갑옷
196	-1	9	26	0	0	0	0	2	0	0	0	835	//다크소울바지
196	-1	7	93	0	0	0	0	2	0	0	0	835	//프린시헬멧
196	-1	8	93	0	0	0	0	2	0	0	0	835	//프린시갑옷
196	-1	9	93	0	0	0	0	2	0	0	0	835	//프린시바지
196	-1	8	34	0	0	0	0	2	0	0	0	835	//애쉬크로우갑옷
196	-1	8	35	0	0	0	0	2	0	0	0	835	//이클립스갑옷
196	-1	8	36	0	0	0	0	2	0	0	0	835	//아이리스갑옷
196	-1	8	41	0	0	0	0	2	0	0	0	835	//에이션트갑옷
196	-1	9	41	0	0	0	0	2	0	0	0	835	//에이션트바지
196	-1	7	60	0	0	0	0	2	0	0	0	835	//스톰자하드투구
196	-1	8	60	0	0	0	0	2	0	0	0	835	//스톰자하드갑옷
196	-1	9	60	0	0	0	0	2	0	0	0	835	//스톰자하드바지
196	-1	8	15	0	0	0	0	2	0	0	0	835	//아틀란스갑옷
196	-1	10	15	0	0	0	0	2	0	0	0	835	//아틀란스장갑
196	-1	9	15	0	0	0	0	2	0	0	0	835	//아틀란스바지
196	-1	11	15	0	0	0	0	2	0	0	0	835	//아틀란스부츠
196	-1	7	18	0	0	0	0	2	0	0	0	835	//그랜드소울헬멧
196	-1	10	18	0	0	0	0	2	0	0	0	835	//그랜드소울장갑
196	-1	9	18	0	0	0	0	2	0	0	0	835	//그랜드소울바지
196	-1	11	18	0	0	0	0	2	0	0	0	835	//그랜드소울부츠
196	-1	7	42	0	0	0	0	2	0	0	0	835	//데모닉헬멧
196	-1	10	42	0	0	0	0	2	0	0	0	835	//데모닉장갑
196	-1	9	42	0	0	0	0	2	0	0	0	835	//데모닉바지
196	-1	11	42	0	0	0	0	2	0	0	0	835	//데모닉부츠
196	-1	7	19	0	0	0	0	2	0	0	0	835	//홀리스프릿헬멧
196	-1	10	19	0	0	0	0	2	0	0	0	835	//홀리스프릿장갑
196	-1	9	19	0	0	0	0	2	0	0	0	835	//홀리스프릿바지
196	-1	11	19	0	0	0	0	2	0	0	0	835	//홀리스프릿부츠
196	-1	7	27	0	0	0	0	2	0	0	0	835	//다크브리즌마스크
196	-1	10	27	0	0	0	0	2	0	0	0	835	//다크브리즌장갑
196	-1	11	27	0	0	0	0	2	0	0	0	835	//다크브리즌부츠
196	-1	7	16	0	0	0	0	2	0	0	0	835	//블랙드라곤투구
196	-1	10	16	0	0	0	0	2	0	0	0	835	//블랙드라곤장갑
196	-1	11	16	0	0	0	0	2	0	0	0	835	//블랙드라곤부츠
196	-1	10	94	0	0	0	0	2	0	0	0	835	//히라트장갑
196	-1	11	94	0	0	0	0	2	0	0	0	835	//히라트부츠
196	-1	10	95	0	0	0	0	2	0	0	0	835	//세이트장갑
196	-1	11	95	0	0	0	0	2	0	0	0	835	//세이트부츠
196	-1	11	61	0	0	0	0	2	0	0	0	835	//피어싱그로브부츠
196	-1	9	16	0	0	0	0	2	0	0	0	835	//블랙드라곤바지
196	-1	10	24	0	0	0	0	2	0	0	0	835	//레드스피릿장갑
196	-1	11	24	0	0	0	0	2	0	0	0	835	//레드스피릿부츠
196	-1	10	17	0	0	0	0	2	0	0	0	835	//다크피닉스장갑
196	-1	10	22	0	0	0	0	2	0	0	0	835	//블랙소울장갑
196	-1	10	20	0	0	0	0	2	0	0	0	835	//선더호크장갑
196	-1	15	14	0	0	0	0	0	0	0	0	100	//텔레키네시스법서
196	-1	12	18	0	0	0	0	0	0	0	0	100	//아이스애로우구슬
196	-1	15	26	0	0	0	0	0	0	0	0	100	//위크니스양피지
196	-1	15	17	0	0	0	0	0	0	0	0	100	//서든아이스법서
196	-1	15	27	0	0	0	0	0	0	0	0	100	//이너베이션양피지
196	-1	12	277	0	0	0	0	0	0	0	0	100	//브래쉬스크롤
196	-1	13	173	3	3	0	0	0	0	0	0	1000	//궁극의고리+3
196	-1	13	173	3	3	0	0	0	1	0	0	450	//궁극의고리+3 (자생)
196	-1	13	175	3	3	0	0	0	0	0	0	1000	//수호자보호반지+3
196	-1	13	175	3	3	0	0	0	1	0	0	450	//수호자보호반지+3 (자생)
196	-1	13	176	3	3	0	0	0	0	0	0	1000	//보호반지+3
196	-1	13	176	3	3	0	0	0	1	0	0	450	//보호반지+3 (자생)
//슈리커4 엑설런트													
196	-1	4	32	0	0	0	0	2	0	1	0	2	//전투화살통
196	-1	1	7	0	0	0	0	2	0	1	0	2	//라르칸도끼
196	-1	1	8	0	0	0	0	2	0	1	0	2	//반월도끼
196	-1	4	12	0	0	0	0	2	0	1	0	2	//서펜트석궁
196	-1	4	5	0	0	0	0	2	0	1	0	2	//실버보우
196	-1	0	13	0	0	0	0	2	0	1	0	2	//더블블레이드
196	-1	0	15	0	0	0	0	2	0	1	0	2	//거대한검
196	-1	0	32	0	0	0	0	2	0	1	0	2	//세크리드글러브
196	-1	0	12	0	0	0	0	2	0	1	0	2	//태양검
196	-1	0	14	0	0	0	0	2	0	1	0	2	//번개검
196	-1	3	4	0	0	0	0	2	0	1	0	2	//서펜트스피어
196	-1	3	9	0	0	0	0	2	0	1	0	2	//발록의낫
196	-1	3	8	0	0	0	0	2	0	1	0	2	//그레이트사이드
196	-1	5	4	0	0	0	0	2	0	1	0	2	//고르곤지팡이
196	-1	5	5	0	0	0	0	2	0	1	0	2	//전설의지팡이
196	-1	5	16	0	0	0	0	2	0	1	0	2	//레드윙스틱
196	-1	5	21	0	0	0	0	2	0	1	0	2	//사아무트의서
196	-1	5	22	0	0	0	0	2	0	1	0	2	//닐의서
196	-1	2	8	0	0	0	0	2	0	1	0	2	//배틀셉터
196	-1	6	11	0	0	0	0	2	0	1	0	2	//서펜트방패
196	-1	6	14	0	0	0	0	2	0	1	0	2	//전설의방패
196	-1	6	12	0	0	0	0	2	0	1	0	2	//브론즈방패
196	-1	6	13	0	0	0	0	2	0	1	0	2	//드라곤방패
196	-1	7	92	0	0	0	0	2	0	1	0	2	//그루힐헬멧
196	-1	8	92	0	0	0	0	2	0	1	0	2	//그루힐갑옷
196	-1	9	92	0	0	0	0	2	0	1	0	2	//그루힐바지
196	-1	7	9	0	0	0	0	2	0	1	0	2	//철판헬멧
196	-1	8	9	0	0	0	0	2	0	1	0	2	//철판갑옷
196	-1	9	9	0	0	0	0	2	0	1	0	2	//철판바지
196	-1	7	25	0	0	0	0	2	0	1	0	2	//라운드마스크
196	-1	8	25	0	0	0	0	2	0	1	0	2	//라운드갑옷
196	-1	9	25	0	0	0	0	2	0	1	0	2	//라운드바지
196	-1	11	25	0	0	0	0	2	0	1	0	2	//라운드부츠
196	-1	7	3	0	0	0	0	2	0	1	0	2	//전설의헬멧
196	-1	8	3	0	0	0	0	2	0	1	0	2	//전설의갑옷
196	-1	9	3	0	0	0	0	2	0	1	0	2	//전설의바지
196	-1	11	3	0	0	0	0	2	0	1	0	2	//전설의부츠
196	-1	7	40	0	0	0	0	2	0	1	0	3	//레드윙헬멧
196	-1	8	40	0	0	0	0	2	0	1	0	3	//레드윙갑옷
196	-1	9	40	0	0	0	0	2	0	1	0	3	//레드윙바지
196	-1	11	40	0	0	0	0	2	0	1	0	3	//레드윙부츠
196	-1	7	59	0	0	0	0	2	0	1	0	3	//세크리드파이어투구
196	-1	9	59	0	0	0	0	2	0	1	0	3	//세크리드파이어바지
196	-1	11	59	0	0	0	0	2	0	1	0	3	//세크리드파이어부츠
196	-1	7	14	0	0	0	0	2	0	1	0	3	//수호헬멧
196	-1	8	14	0	0	0	0	2	0	1	0	3	//수호갑옷
196	-1	10	14	0	0	0	0	2	0	1	0	3	//수호장갑
196	-1	9	14	0	0	0	0	2	0	1	0	3	//수호바지
196	-1	11	14	0	0	0	0	2	0	1	0	3	//수호부츠
196	-1	7	1	0	0	0	0	2	0	1	0	3	//드라곤투구
196	-1	8	1	0	0	0	0	2	0	1	0	3	//드라곤갑옷
196	-1	10	1	0	0	0	0	2	0	1	0	3	//드라곤장갑
196	-1	9	1	0	0	0	0	2	0	1	0	3	//드라곤바지
196	-1	11	1	0	0	0	0	2	0	1	0	3	//드라곤부츠
196	-1	10	26	0	0	0	0	2	0	1	0	3	//다크소울장갑
196	-1	11	26	0	0	0	0	2	0	1	0	3	//다크소울부츠
196	-1	10	93	0	0	0	0	2	0	1	0	3	//프린시장갑
196	-1	10	34	0	0	0	0	2	0	1	0	3	//애쉬크로우장갑
196	-1	10	35	0	0	0	0	2	0	1	0	3	//이클립스장갑
196	-1	10	36	0	0	0	0	2	0	1	0	3	//아이리스장갑
196	-1	10	41	0	0	0	0	2	0	1	0	3	//에이션트장갑
196	-1	11	60	0	0	0	0	2	0	1	0	3	//스톰자하드부츠
//쿤둔의잔영4 100													120
197	-1	2	7	0	0	0	2	2	0	0	0	2413	//엘리멘탈메이스
197	-1	4	16	0	0	0	2	2	0	0	0	2413	//세인트크로스석궁
197	-1	4	17	0	0	0	2	2	0	0	0	2413	//홀리사이트보우
197	-1	4	19	0	0	0	2	2	0	0	0	2413	//그레이트레인석궁
197	-1	0	16	0	0	0	2	2	0	0	0	2413	//파괴의검
197	-1	0	33	0	0	0	2	2	0	0	0	2413	//홀리스톰클로
197	-1	0	31	0	0	0	2	2	0	0	0	2413	//데스브로드
197	-1	3	15	0	0	0	2	2	0	0	0	2413	//플루마랜스
197	-1	3	16	0	0	0	2	2	0	0	0	2413	//비스랜스
197	-1	3	10	0	0	0	2	2	0	0	0	2413	//드라곤스피어
197	-1	5	8	0	0	0	2	2	0	0	0	2413	//파멸의지팡이
197	-1	5	9	0	0	0	2	2	0	0	0	2413	//드래곤소울지팡이
197	-1	5	18	0	0	0	2	2	0	0	0	2413	//데모닉스틱
197	-1	2	10	0	0	0	2	2	0	0	0	2413	//그레이트셉터
197	-1	2	11	0	0	0	2	2	0	0	0	2413	//로드셉터
197	-1	8	60	0	0	0	0	2	0	0	0	2413	//스톰자하드갑옷
197	-1	8	18	0	0	0	0	2	0	0	0	2413	//그랜드소울갑옷
197	-1	9	18	0	0	0	0	2	0	0	0	2413	//그랜드소울바지
197	-1	8	42	0	0	0	0	2	0	0	0	2413	//데모닉갑옷
197	-1	9	42	0	0	0	0	2	0	0	0	2413	//데모닉바지
197	-1	7	19	0	0	0	0	2	0	0	0	2413	//홀리스프릿헬멧
197	-1	8	19	0	0	0	0	2	0	0	0	2413	//홀리스프릿갑옷
197	-1	9	19	0	0	0	0	2	0	0	0	2413	//홀리스프릿바지
197	-1	7	27	0	0	0	0	2	0	0	0	2413	//다크브리즌마스크
197	-1	8	27	0	0	0	0	2	0	0	0	2413	//다크브리즌갑옷
197	-1	9	27	0	0	0	0	2	0	0	0	2413	//다크브리즌바지
197	-1	11	27	0	0	0	0	2	0	0	0	2413	//다크브리즌부츠
197	-1	7	16	0	0	0	0	2	0	0	0	2413	//블랙드라곤투구
197	-1	8	16	0	0	0	0	2	0	0	0	2413	//블랙드라곤갑옷
197	-1	9	16	0	0	0	0	2	0	0	0	2413	//블랙드라곤바지
197	-1	7	94	0	0	0	0	2	0	0	0	2413	//히라트헬멧
197	-1	9	94	0	0	0	0	2	0	0	0	2413	//히라트바지
197	-1	11	94	0	0	0	0	2	0	0	0	2413	//히라트부츠
197	-1	7	95	0	0	0	0	2	0	0	0	2413	//세이트헬멧
197	-1	9	95	0	0	0	0	2	0	0	0	2413	//세이트바지
197	-1	11	95	0	0	0	0	2	0	0	0	2413	//세이트부츠
197	-1	7	61	0	0	0	0	2	0	0	0	2413	//피어싱그로브투구
197	-1	9	61	0	0	0	0	2	0	0	0	2413	//피어싱그로브바지
197	-1	11	61	0	0	0	0	2	0	0	0	2413	//피어싱그로브부츠
197	-1	7	24	0	0	0	0	2	0	0	0	2413	//레드스프릿헬멧
197	-1	10	24	0	0	0	0	2	0	0	0	2413	//레드스프릿장갑
197	-1	9	24	0	0	0	0	2	0	0	0	2413	//레드스프릿바지
197	-1	11	24	0	0	0	0	2	0	0	0	2413	//레드스프릿부츠
197	-1	7	17	0	0	0	0	2	0	0	0	2413	//다크피닉스투구
197	-1	8	17	0	0	0	0	2	0	0	0	2413	//다크피닉스갑옷
197	-1	10	17	0	0	0	0	2	0	0	0	2413	//다크피닉스장갑
197	-1	9	17	0	0	0	0	2	0	0	0	2413	//다크피닉스바지
197	-1	11	17	0	0	0	0	2	0	0	0	2413	//다크피닉스부츠
197	-1	10	22	0	0	0	0	2	0	0	0	2413	//블랙소울장갑
197	-1	11	22	0	0	0	0	2	0	0	0	2413	//블랙소울부츠
197	-1	10	20	0	0	0	0	2	0	0	0	2413	//선더호크장갑
197	-1	9	20	0	0	0	0	2	0	0	0	2413	//선더호크바지
197	-1	11	20	0	0	0	0	2	0	0	0	2413	//선더호크부츠
197	-1	10	28	0	0	0	0	2	0	0	0	2413	//다크마스터장갑
197	-1	11	28	0	0	0	0	2	0	0	0	2413	//다크마스터부츠
197	-1	10	37	0	0	0	0	2	0	0	0	2413	//발리언트장갑
197	-1	11	37	0	0	0	0	2	0	0	0	2413	//발리언트부츠
197	-1	7	38	0	0	0	0	2	0	0	0	2413	//글로리어스마스크
197	-1	10	38	0	0	0	0	2	0	0	0	2413	//글로리어스장갑
197	-1	11	38	0	0	0	0	2	0	0	0	2413	//글로리어스부츠
197	-1	10	21	0	0	0	0	2	0	0	0	2413	//그레이트드라곤장갑
197	-1	11	21	0	0	0	0	2	0	0	0	2413	//그레이트드라곤부츠
197	-1	15	14	0	0	0	0	0	0	0	0	100	//텔레키네시스법서
197	-1	12	18	0	0	0	0	0	0	0	0	100	//아이스애로우구슬
197	-1	15	26	0	0	0	0	0	0	0	0	100	//위크니스양피지
197	-1	15	17	0	0	0	0	0	0	0	0	100	//서든아이스법서
197	-1	15	27	0	0	0	0	0	0	0	0	100	//이너베이션양피지
197	-1	12	277	0	0	0	0	0	0	0	0	100	//브래쉬스크롤
197	-1	13	173	3	3	0	0	0	0	0	0	1000	//궁극의고리+3
197	-1	13	173	3	3	0	0	0	1	0	0	450	//궁극의고리+3 (자생)
197	-1	13	175	3	3	0	0	0	0	0	0	1000	//수호자보호반지+3
197	-1	13	175	3	3	0	0	0	1	0	0	450	//수호자보호반지+3 (자생)
197	-1	13	176	3	3	0	0	0	0	0	0	1000	//보호반지+3
197	-1	13	176	3	3	0	0	0	1	0	0	450	//보호반지+3 (자생)
//쿤둔의잔영4 엑설런트													
197	-1	2	4	0	0	0	0	2	0	1	0	2	//크리스탈모닝스타
197	-1	4	13	0	0	0	0	2	0	1	0	2	//블루윙석궁
197	-1	4	14	0	0	0	0	2	0	1	0	2	//아쿠아골드석궁
197	-1	0	14	0	0	0	0	2	0	1	0	2	//번개검
197	-1	2	5	0	0	0	0	2	0	1	0	2	//크리스탈검
197	-1	3	9	0	0	0	0	2	0	1	0	2	//발록의낫
197	-1	3	14	0	0	0	0	2	0	1	0	2	//콘모시온랜스
197	-1	3	18	0	0	0	0	2	0	1	0	2	//알라크란랜스
197	-1	5	5	0	0	0	0	2	0	1	0	2	//전설의지팡이
197	-1	5	6	0	0	0	0	2	0	1	0	2	//부활의지팡이
197	-1	5	16	0	0	0	0	2	0	1	0	2	//레드윙스틱
197	-1	5	22	0	0	0	0	2	0	1	0	2	//닐의서
197	-1	5	23	0	0	0	0	2	0	1	0	2	//라글의서
197	-1	2	9	0	0	0	0	2	0	1	0	2	//마스터셉터
197	-1	6	13	0	0	0	0	2	0	1	0	2	//드라곤방패
197	-1	6	16	0	0	0	0	2	0	1	0	2	//엘리멘탈방패
197	-1	6	21	0	0	0	0	2	0	1	0	2	//크로스실드
197	-1	6	30	0	0	0	0	2	0	1	0	2	//플루마실드
197	-1	6	15	0	0	0	0	2	0	1	0	2	//그랜드소울방패
197	-1	6	32	0	0	0	0	2	0	1	0	2	//비스실드
197	-1	8	92	0	0	0	0	2	0	1	0	2	//그루힐갑옷
197	-1	8	25	0	0	0	0	2	0	1	0	2	//라운드갑옷
197	-1	8	59	0	0	0	0	2	0	1	0	2	//세크리드파이어갑옷
197	-1	9	59	0	0	0	0	2	0	1	0	2	//세크리드파이어바지
197	-1	8	14	0	0	0	0	2	0	1	0	2	//수호갑옷
197	-1	7	1	0	0	0	0	2	0	1	0	2	//드라곤투구
197	-1	8	1	0	0	0	0	2	0	1	0	2	//드라곤갑옷
197	-1	7	26	0	0	0	0	2	0	1	0	2	//다크소울마스크
197	-1	10	26	0	0	0	0	2	0	1	0	2	//다크소울장갑
197	-1	9	26	0	0	0	0	2	0	1	0	2	//다크소울바지
197	-1	11	26	0	0	0	0	2	0	1	0	2	//다크소울부츠
197	-1	7	93	0	0	0	0	2	0	1	0	2	//프린시헬멧
197	-1	10	93	0	0	0	0	2	0	1	0	2	//프린시장갑
197	-1	9	93	0	0	0	0	2	0	1	0	2	//프린시바지
197	-1	11	93	0	0	0	0	2	0	1	0	2	//프린시부츠
197	-1	7	34	0	0	0	0	2	0	1	0	2	//애쉬크로우헬멧
197	-1	8	34	0	0	0	0	2	0	1	0	2	//애쉬크로우갑옷
197	-1	10	34	0	0	0	0	2	0	1	0	2	//애쉬크로우장갑
197	-1	9	34	0	0	0	0	2	0	1	0	2	//애쉬크로우바지
197	-1	11	34	0	0	0	0	2	0	1	0	2	//애쉬크로우부츠
197	-1	7	35	0	0	0	0	2	0	1	0	3	//이클립스헬멧
197	-1	8	35	0	0	0	0	2	0	1	0	3	//이클립스갑옷
197	-1	10	35	0	0	0	0	2	0	1	0	3	//이클립스장갑
197	-1	9	35	0	0	0	0	2	0	1	0	3	//이클립스바지
197	-1	11	35	0	0	0	0	2	0	1	0	3	//이클립스부츠
197	-1	7	36	0	0	0	0	2	0	1	0	3	//아이리스헬멧
197	-1	8	36	0	0	0	0	2	0	1	0	3	//아이리스갑옷
197	-1	10	36	0	0	0	0	2	0	1	0	3	//아이리스장갑
197	-1	9	36	0	0	0	0	2	0	1	0	3	//아이리스바지
197	-1	11	36	0	0	0	0	2	0	1	0	3	//아이리스부츠
197	-1	7	41	0	0	0	0	2	0	1	0	3	//에이션트헬멧
197	-1	8	41	0	0	0	0	2	0	1	0	3	//에이션트갑옷
197	-1	10	41	0	0	0	0	2	0	1	0	3	//에이션트장갑
197	-1	9	41	0	0	0	0	2	0	1	0	3	//에이션트바지
197	-1	11	41	0	0	0	0	2	0	1	0	3	//에이션트부츠
197	-1	7	60	0	0	0	0	2	0	1	0	3	//스톰자하드투구
197	-1	11	60	0	0	0	0	2	0	1	0	3	//스톰자하드부츠
197	-1	10	15	0	0	0	0	2	0	1	0	3	//아틀란스장갑
197	-1	9	15	0	0	0	0	2	0	1	0	3	//아틀란스바지
197	-1	11	15	0	0	0	0	2	0	1	0	3	//아틀란스부츠
197	-1	10	18	0	0	0	0	2	0	1	0	3	//그랜드소울장갑
197	-1	10	42	0	0	0	0	2	0	1	0	3	//데모닉장갑
197	-1	10	19	0	0	0	0	2	0	1	0	3	//홀리스프릿장갑
197	-1	10	27	0	0	0	0	2	0	1	0	3	//다크브리즌장갑
end													
