//////////////////////////////////////////////////////////////////////////////////////													
// [타르칸]	EachMonsterBag8												
// [ Start  ] 	2015-03-20												
// [ Latest ]	2015-03-20 17:26												
// [ Author ]	박혜진												
// [ Version ]	0.0.0.1												
// [ Text ]													
// [ Desc ]	맵에 출현하는 몬스터 별로 드롭하는 아이템 리스트를 작성하는 스크립트												
//////////////////////////////////////////////////////////////////////////////////////													
													
//사냥 마리 수	32400												
													
//몬스터 인덱스	몬스터 속성	아이템 타입	아이템 인덱스	최소레벨	최대레벨	개수	스킬	행운	추가옵션	엑설런트 	속성 아이템	확률 (1/1000000)	아이템 명
//뮤턴트													170
62	-1	1	8	0	0	0	2	2	0	0	0	637	//반월도끼
62	-1	2	4	0	0	0	2	2	0	0	0	637	//크리스탈모닝스타
62	-1	4	5	0	0	0	2	2	0	0	0	637	//실버보우
62	-1	4	13	0	0	0	2	2	0	0	0	637	//블루윙석궁
62	-1	4	14	0	0	0	2	2	0	0	0	637	//아쿠아골드석궁
62	-1	0	12	0	0	0	2	2	0	0	0	637	//태양검
62	-1	0	14	0	0	0	2	2	0	0	0	637	//번개검
62	-1	2	5	0	0	0	2	2	0	0	0	637	//크리스탈검
62	-1	3	14	0	0	0	2	2	0	0	0	637	//콘모시온랜스
62	-1	3	18	0	0	0	2	2	0	0	0	637	//알라크란랜스
62	-1	3	8	0	0	0	2	2	0	0	0	637	//그레이트사이드
62	-1	3	9	0	0	0	2	2	0	0	0	637	//발록의낫
62	-1	5	5	0	0	0	2	2	0	0	0	637	//전설의지팡이
62	-1	5	6	0	0	0	2	2	0	0	0	637	//부활의지팡이
62	-1	5	16	0	0	0	2	2	0	0	0	637	//레드윙스틱
62	-1	5	22	0	0	0	2	2	0	0	0	637	//닐의서
62	-1	5	23	0	0	0	2	2	0	0	0	637	//라글의서
62	-1	2	8	0	0	0	2	2	0	0	0	637	//배틀셉터
62	-1	2	9	0	0	0	2	2	0	0	0	637	//마스터셉터
62	-1	6	12	0	0	0	2	2	0	0	0	637	//브론즈방패
62	-1	6	13	0	0	0	2	2	0	0	0	637	//드라곤방패
62	-1	6	16	0	0	0	2	2	0	0	0	637	//엘리멘탈방패
62	-1	6	21	0	0	0	2	2	0	0	0	637	//크로스실드
62	-1	6	30	0	0	0	2	2	0	0	0	637	//플루마실드
62	-1	8	92	0	0	0	0	2	0	0	0	637	//그루힐갑옷
62	-1	9	92	0	0	0	0	2	0	0	0	637	//그루힐바지
62	-1	8	25	0	0	0	0	2	0	0	0	637	//라운드갑옷
62	-1	8	3	0	0	0	0	2	0	0	0	637	//전설의갑옷
62	-1	8	40	0	0	0	0	2	0	0	0	637	//레드윙갑옷
62	-1	8	14	0	0	0	0	2	0	0	0	637	//수호갑옷
62	-1	9	14	0	0	0	0	2	0	0	0	637	//수호바지
62	-1	7	59	0	0	0	0	2	0	0	0	637	//세크리드파이어투구
62	-1	8	59	0	0	0	0	2	0	0	0	637	//세크리드파이어갑옷
62	-1	9	59	0	0	0	0	2	0	0	0	637	//세크리드파이어바지
62	-1	7	1	0	0	0	0	2	0	0	0	637	//드라곤투구
62	-1	8	1	0	0	0	0	2	0	0	0	637	//드라곤갑옷
62	-1	9	1	0	0	0	0	2	0	0	0	637	//드라곤바지
62	-1	11	1	0	0	0	0	2	0	0	0	637	//드라곤부츠
62	-1	7	26	0	0	0	0	2	0	0	0	637	//다크소울마스크
62	-1	10	26	0	0	0	0	2	0	0	0	637	//다크소울장갑
62	-1	9	26	0	0	0	0	2	0	0	0	637	//다크소울바지
62	-1	11	26	0	0	0	0	2	0	0	0	637	//다크소울부츠
62	-1	7	93	0	0	0	0	2	0	0	0	637	//프린시헬멧
62	-1	10	93	0	0	0	0	2	0	0	0	637	//프린시장갑
62	-1	11	93	0	0	0	0	2	0	0	0	637	//프린시부츠
62	-1	7	34	0	0	0	0	2	0	0	0	637	//애쉬크로우헬멧
62	-1	10	34	0	0	0	0	2	0	0	0	637	//애쉬크로우장갑
62	-1	9	34	0	0	0	0	2	0	0	0	637	//애쉬크로우바지
62	-1	11	34	0	0	0	0	2	0	0	0	637	//애쉬크로우부츠
62	-1	7	35	0	0	0	0	2	0	0	0	637	//이클립스헬멧
62	-1	10	35	0	0	0	0	2	0	0	0	637	//이클립스장갑
62	-1	9	35	0	0	0	0	2	0	0	0	637	//이클립스바지
62	-1	11	35	0	0	0	0	2	0	0	0	637	//이클립스부츠
62	-1	7	36	0	0	0	0	2	0	0	0	637	//아이리스헬멧
62	-1	10	36	0	0	0	0	2	0	0	0	637	//아이리스장갑
62	-1	9	36	0	0	0	0	2	0	0	0	637	//아이리스바지
62	-1	11	36	0	0	0	0	2	0	0	0	637	//아이리스부츠
62	-1	7	41	0	0	0	0	2	0	0	0	637	//에이션트헬멧
62	-1	10	41	0	0	0	0	2	0	0	0	637	//에이션트장갑
62	-1	9	41	0	0	0	0	2	0	0	0	637	//에이션트바지
62	-1	11	41	0	0	0	0	2	0	0	0	637	//에이션트부츠
62	-1	7	60	0	0	0	0	2	0	0	0	637	//스톰자하드투구
62	-1	11	60	0	0	0	0	2	0	0	0	637	//스톰자하드부츠
62	-1	10	15	0	0	0	0	2	0	0	0	637	//아틀란스장갑
62	-1	11	15	0	0	0	0	2	0	0	0	637	//아틀란스부츠
62	-1	10	18	0	0	0	0	2	0	0	0	637	//그랜드소울장갑
62	-1	10	42	0	0	0	0	2	0	0	0	637	//데모닉장갑
62	-1	10	19	0	0	0	0	2	0	0	0	637	//홀리스프릿장갑
62	-1	15	14	0	0	0	0	0	0	0	0	100	//텔레키네시스법서
62	-1	12	18	0	0	0	0	0	0	0	0	100	//아이스애로우구슬
62	-1	15	26	0	0	0	0	0	0	0	0	100	//위크니스양피지
62	-1	15	17	0	0	0	0	0	0	0	0	100	//서든아이스법서
62	-1	15	27	0	0	0	0	0	0	0	0	100	//이너베이션양피지
62	-1	12	277	0	0	0	0	0	0	0	0	100	//브래쉬스크롤
62	-1	14	40	0	0	0	0	0	0	0	0	100	//큰복합물약
//뮤턴트 엑설런트													
62	-1	1	5	0	0	0	0	2	0	1	0	2	//전투도끼
62	-1	1	6	0	0	0	0	2	0	1	0	2	//니케아도끼
62	-1	1	7	0	0	0	0	2	0	1	0	2	//라르칸도끼
62	-1	2	3	0	0	0	0	2	0	1	0	2	//그레이트해머
62	-1	4	11	0	0	0	0	2	0	1	0	2	//빛의석궁
62	-1	4	4	0	0	0	0	2	0	1	0	2	//타이거보우
62	-1	0	8	0	0	0	0	2	0	1	0	2	//서펜트볼그
62	-1	0	9	0	0	0	0	2	0	1	0	2	//샐러멘더검
62	-1	0	5	0	0	0	0	2	0	1	0	2	//블레이드
62	-1	0	10	0	0	0	0	2	0	1	0	2	//빛의검
62	-1	0	11	0	0	0	0	2	0	1	0	2	//전설의검
62	-1	3	3	0	0	0	0	2	0	1	0	2	//큰삼지창
62	-1	3	7	0	0	0	0	2	0	1	0	2	//버디슈
62	-1	3	0	0	0	0	0	2	0	1	0	2	//광선봉
62	-1	3	4	0	0	0	0	2	0	1	0	2	//서펜트스피어
62	-1	5	2	0	0	0	0	2	0	1	0	2	//독사지팡이
62	-1	5	3	0	0	0	0	2	0	1	0	2	//번개지팡이
62	-1	5	15	0	0	0	0	2	0	1	0	2	//바이올렌윈드스틱
62	-1	6	7	0	0	0	0	2	0	1	0	2	//스파이크방패
62	-1	6	5	0	0	0	0	2	0	1	0	2	//드래곤슬레이어방패
62	-1	6	8	0	0	0	0	2	0	1	0	2	//타워방패
62	-1	6	31	0	0	0	0	2	0	1	0	2	//알라크란실드
62	-1	6	11	0	0	0	0	2	0	1	0	2	//서펜트방패
62	-1	8	91	0	0	0	0	2	0	1	0	2	//로우버스트갑옷
62	-1	8	39	0	0	0	0	2	0	1	0	2	//바이올렌윈드갑옷
62	-1	9	39	0	0	0	0	2	0	1	0	2	//바이올렌윈드바지
62	-1	8	12	0	0	0	0	2	0	1	0	2	//바람의갑옷
62	-1	9	12	0	0	0	0	2	0	1	0	2	//바람의바지
62	-1	7	7	0	0	0	0	2	0	1	0	2	//스핑크스마스크
62	-1	8	7	0	0	0	0	2	0	1	0	2	//스핑크스갑옷
62	-1	9	7	0	0	0	0	2	0	1	0	2	//스핑크스바지
62	-1	11	7	0	0	0	0	2	0	1	0	2	//스핑크스부츠
62	-1	7	8	0	0	0	0	2	0	1	0	2	//황동헬멧
62	-1	8	8	0	0	0	0	2	0	1	0	2	//황동갑옷
62	-1	10	8	0	0	0	0	2	0	1	0	2	//황동장갑
62	-1	9	8	0	0	0	0	2	0	1	0	2	//황동바지
62	-1	11	8	0	0	0	0	2	0	1	0	2	//황동부츠
62	-1	7	13	0	0	0	0	2	0	1	0	2	//정령헬멧
62	-1	8	13	0	0	0	0	2	0	1	0	2	//정령갑옷
62	-1	10	13	0	0	0	0	2	0	1	0	2	//정령장갑
62	-1	9	13	0	0	0	0	2	0	1	0	2	//정령바지
62	-1	11	13	0	0	0	0	2	0	1	0	2	//정령부츠
62	-1	10	92	0	0	0	0	2	0	1	0	2	//그루힐장갑
62	-1	11	92	0	0	0	0	2	0	1	0	2	//그루힐부츠
62	-1	7	9	0	0	0	0	2	0	1	0	2	//철판헬멧
62	-1	10	9	0	0	0	0	2	0	1	0	2	//철판장갑
62	-1	9	9	0	0	0	0	2	0	1	0	2	//철판바지
62	-1	11	9	0	0	0	0	2	0	1	0	2	//철판부츠
62	-1	7	25	0	0	0	0	2	0	1	0	2	//라운드마스크
62	-1	10	25	0	0	0	0	2	0	1	0	2	//라운드장갑
62	-1	11	25	0	0	0	0	2	0	1	0	2	//라운드부츠
62	-1	10	3	0	0	0	0	2	0	1	0	2	//전설의장갑
62	-1	11	3	0	0	0	0	2	0	1	0	2	//전설의부츠
62	-1	10	40	0	0	0	0	2	0	1	0	2	//레드윙장갑
62	-1	11	40	0	0	0	0	2	0	1	0	2	//레드윙부츠
62	-1	13	12	0	0	0	0	0	2	1	0	1	//번개의목걸이
62	-1	13	13	0	0	0	0	0	2	1	0	1	//불의목걸이
62	-1	13	25	0	0	0	0	0	2	1	0	1	//얼음의목걸이
62	-1	13	26	0	0	0	0	0	2	1	0	1	//바람의목걸이
62	-1	13	27	0	0	0	0	0	2	1	0	1	//물의목걸이
62	-1	13	28	0	0	0	0	0	2	1	0	1	//기술의목걸이
62	-1	13	8	0	0	0	0	0	2	1	0	1	//얼음의반지
62	-1	13	9	0	0	0	0	0	2	1	0	1	//독의반지
62	-1	13	21	0	0	0	0	0	2	1	0	1	//불의반지
62	-1	13	22	0	0	0	0	0	2	1	0	1	//땅의반지
62	-1	13	23	0	0	0	0	0	2	1	0	1	//바람의반지
62	-1	13	24	0	0	0	0	0	2	1	0	1	//마법의반지
//블러디울프													170
60	-1	2	4	0	0	0	2	2	0	0	0	689	//크리스탈모닝스타
60	-1	4	13	0	0	0	2	2	0	0	0	689	//블루윙석궁
60	-1	4	14	0	0	0	2	2	0	0	0	689	//아쿠아골드석궁
60	-1	0	14	0	0	0	2	2	0	0	0	689	//번개검
60	-1	2	5	0	0	0	2	2	0	0	0	689	//크리스탈검
60	-1	3	14	0	0	0	2	2	0	0	0	689	//콘모시온랜스
60	-1	3	18	0	0	0	2	2	0	0	0	689	//알라크란랜스
60	-1	3	9	0	0	0	2	2	0	0	0	689	//발록의낫
60	-1	5	5	0	0	0	2	2	0	0	0	689	//전설의지팡이
60	-1	5	6	0	0	0	2	2	0	0	0	689	//부활의지팡이
60	-1	5	16	0	0	0	2	2	0	0	0	689	//레드윙스틱
60	-1	5	22	0	0	0	2	2	0	0	0	689	//닐의서
60	-1	5	23	0	0	0	2	2	0	0	0	689	//라글의서
60	-1	2	9	0	0	0	2	2	0	0	0	689	//마스터셉터
60	-1	6	13	0	0	0	2	2	0	0	0	689	//드라곤방패
60	-1	6	16	0	0	0	2	2	0	0	0	689	//엘리멘탈방패
60	-1	6	21	0	0	0	2	2	0	0	0	689	//크로스실드
60	-1	6	30	0	0	0	2	2	0	0	0	689	//플루마실드
60	-1	6	15	0	0	0	2	2	0	0	0	689	//그랜드소울방패
60	-1	6	32	0	0	0	2	2	0	0	0	689	//비스실드
60	-1	8	92	0	0	0	0	2	0	0	0	689	//그루힐갑옷
60	-1	8	25	0	0	0	0	2	0	0	0	689	//라운드갑옷
60	-1	8	59	0	0	0	0	2	0	0	0	689	//세크리드파이어갑옷
60	-1	9	59	0	0	0	0	2	0	0	0	689	//세크리드파이어바지
60	-1	8	1	0	0	0	0	2	0	0	0	689	//드라곤갑옷
60	-1	7	26	0	0	0	0	2	0	0	0	689	//다크소울마스크
60	-1	9	26	0	0	0	0	2	0	0	0	689	//다크소울바지
60	-1	11	26	0	0	0	0	2	0	0	0	689	//다크소울부츠
60	-1	7	93	0	0	0	0	2	0	0	0	689	//프린시헬멧
60	-1	10	93	0	0	0	0	2	0	0	0	689	//프린시장갑
60	-1	9	93	0	0	0	0	2	0	0	0	689	//프린시바지
60	-1	11	93	0	0	0	0	2	0	0	0	689	//프린시부츠
60	-1	7	34	0	0	0	0	2	0	0	0	689	//애쉬크로우헬멧
60	-1	8	34	0	0	0	0	2	0	0	0	689	//애쉬크로우갑옷
60	-1	10	34	0	0	0	0	2	0	0	0	689	//애쉬크로우장갑
60	-1	9	34	0	0	0	0	2	0	0	0	689	//애쉬크로우바지
60	-1	11	34	0	0	0	0	2	0	0	0	689	//애쉬크로우부츠
60	-1	7	35	0	0	0	0	2	0	0	0	689	//이클립스헬멧
60	-1	8	35	0	0	0	0	2	0	0	0	689	//이클립스갑옷
60	-1	10	35	0	0	0	0	2	0	0	0	689	//이클립스장갑
60	-1	9	35	0	0	0	0	2	0	0	0	689	//이클립스바지
60	-1	11	35	0	0	0	0	2	0	0	0	689	//이클립스부츠
60	-1	7	36	0	0	0	0	2	0	0	0	689	//아이리스헬멧
60	-1	8	36	0	0	0	0	2	0	0	0	689	//아이리스갑옷
60	-1	10	36	0	0	0	0	2	0	0	0	689	//아이리스장갑
60	-1	9	36	0	0	0	0	2	0	0	0	689	//아이리스바지
60	-1	11	36	0	0	0	0	2	0	0	0	689	//아이리스부츠
60	-1	7	41	0	0	0	0	2	0	0	0	689	//에이션트헬멧
60	-1	8	41	0	0	0	0	2	0	0	0	689	//에이션트갑옷
60	-1	10	41	0	0	0	0	2	0	0	0	689	//에이션트장갑
60	-1	9	41	0	0	0	0	2	0	0	0	689	//에이션트바지
60	-1	11	41	0	0	0	0	2	0	0	0	689	//에이션트부츠
60	-1	7	60	0	0	0	0	2	0	0	0	689	//스톰자하드투구
60	-1	11	60	0	0	0	0	2	0	0	0	689	//스톰자하드부츠
60	-1	10	15	0	0	0	0	2	0	0	0	689	//아틀란스장갑
60	-1	9	15	0	0	0	0	2	0	0	0	689	//아틀란스바지
60	-1	11	15	0	0	0	0	2	0	0	0	689	//아틀란스부츠
60	-1	10	18	0	0	0	0	2	0	0	0	689	//그랜드소울장갑
60	-1	11	18	0	0	0	0	2	0	0	0	689	//그랜드소울부츠
60	-1	10	42	0	0	0	0	2	0	0	0	689	//데모닉장갑
60	-1	11	42	0	0	0	0	2	0	0	0	689	//데모닉부츠
60	-1	10	19	0	0	0	0	2	0	0	0	689	//홀리스프릿장갑
60	-1	10	27	0	0	0	0	2	0	0	0	689	//다크브리즌장갑
60	-1	10	16	0	0	0	0	2	0	0	0	689	//블랙드라곤장갑
60	-1	15	14	0	0	0	0	0	0	0	0	100	//텔레키네시스법서
60	-1	12	18	0	0	0	0	0	0	0	0	100	//아이스애로우구슬
60	-1	15	26	0	0	0	0	0	0	0	0	100	//위크니스양피지
60	-1	15	17	0	0	0	0	0	0	0	0	100	//서든아이스법서
60	-1	15	27	0	0	0	0	0	0	0	0	100	//이너베이션양피지
60	-1	12	277	0	0	0	0	0	0	0	0	100	//브래쉬스크롤
60	-1	14	40	0	0	0	0	0	0	0	0	100	//큰복합물약
//블러디울프 엑설런트													
60	-1	1	6	0	0	0	0	2	0	1	0	2	//니케아도끼
60	-1	1	7	0	0	0	0	2	0	1	0	2	//라르칸도끼
60	-1	2	3	0	0	0	0	2	0	1	0	2	//그레이트해머
60	-1	4	4	0	0	0	0	2	0	1	0	2	//타이거보우
60	-1	4	12	0	0	0	0	2	0	1	0	2	//서펜트석궁
60	-1	0	5	0	0	0	0	2	0	1	0	2	//블레이드
60	-1	0	10	0	0	0	0	2	0	1	0	2	//빛의검
60	-1	0	11	0	0	0	0	2	0	1	0	2	//전설의검
60	-1	0	13	0	0	0	0	2	0	1	0	2	//더블블레이드
60	-1	3	7	0	0	0	0	2	0	1	0	2	//버디슈
60	-1	3	0	0	0	0	0	2	0	1	0	2	//광선봉
60	-1	3	4	0	0	0	0	2	0	1	0	2	//서펜트스피어
60	-1	5	3	0	0	0	0	2	0	1	0	2	//번개지팡이
60	-1	5	15	0	0	0	0	2	0	1	0	2	//바이올렌윈드스틱
60	-1	6	5	0	0	0	0	2	0	1	0	2	//드래곤슬레이어방패
60	-1	6	8	0	0	0	0	2	0	1	0	2	//타워방패
60	-1	6	31	0	0	0	0	2	0	1	0	2	//알라크란실드
60	-1	6	11	0	0	0	0	2	0	1	0	2	//서펜트방패
60	-1	6	14	0	0	0	0	2	0	1	0	2	//전설의방패
60	-1	8	39	0	0	0	0	2	0	1	0	2	//바이올렌윈드갑옷
60	-1	8	7	0	0	0	0	2	0	1	0	2	//스핑크스갑옷
60	-1	9	7	0	0	0	0	2	0	1	0	2	//스핑크스바지
60	-1	7	8	0	0	0	0	2	0	1	0	2	//황동헬멧
60	-1	8	8	0	0	0	0	2	0	1	0	2	//황동갑옷
60	-1	9	8	0	0	0	0	2	0	1	0	2	//황동바지
60	-1	7	13	0	0	0	0	2	0	1	0	2	//정령헬멧
60	-1	10	13	0	0	0	0	2	0	1	0	2	//정령장갑
60	-1	9	13	0	0	0	0	2	0	1	0	2	//정령바지
60	-1	11	13	0	0	0	0	2	0	1	0	2	//정령부츠
60	-1	7	92	0	0	0	0	2	0	1	0	2	//그루힐헬멧
60	-1	10	92	0	0	0	0	2	0	1	0	2	//그루힐장갑
60	-1	7	9	0	0	0	0	2	0	1	0	2	//철판헬멧
60	-1	8	9	0	0	0	0	2	0	1	0	2	//철판갑옷
60	-1	10	9	0	0	0	0	2	0	1	0	2	//철판장갑
60	-1	9	9	0	0	0	0	2	0	1	0	2	//철판바지
60	-1	11	9	0	0	0	0	2	0	1	0	2	//철판부츠
60	-1	7	25	0	0	0	0	2	0	1	0	2	//라운드마스크
60	-1	10	25	0	0	0	0	2	0	1	0	2	//라운드장갑
60	-1	9	25	0	0	0	0	2	0	1	0	2	//라운드바지
60	-1	11	25	0	0	0	0	2	0	1	0	2	//라운드부츠
60	-1	7	3	0	0	0	0	2	0	1	0	2	//전설의헬멧
60	-1	11	3	0	0	0	0	2	0	1	0	2	//전설의부츠
60	-1	7	40	0	0	0	0	2	0	1	0	2	//레드윙헬멧
60	-1	11	40	0	0	0	0	2	0	1	0	2	//레드윙부츠
60	-1	11	59	0	0	0	0	2	0	1	0	2	//세크리드파이어부츠
60	-1	10	14	0	0	0	0	2	0	1	0	2	//수호장갑
60	-1	13	12	0	0	0	0	0	2	1	0	1	//번개의목걸이
60	-1	13	13	0	0	0	0	0	2	1	0	1	//불의목걸이
60	-1	13	25	0	0	0	0	0	2	1	0	1	//얼음의목걸이
60	-1	13	26	0	0	0	0	0	2	1	0	1	//바람의목걸이
60	-1	13	27	0	0	0	0	0	2	1	0	1	//물의목걸이
60	-1	13	28	0	0	0	0	0	2	1	0	1	//기술의목걸이
60	-1	13	8	0	0	0	0	0	2	1	0	1	//얼음의반지
60	-1	13	9	0	0	0	0	0	2	1	0	1	//독의반지
60	-1	13	21	0	0	0	0	0	2	1	0	1	//불의반지
60	-1	13	22	0	0	0	0	0	2	1	0	1	//땅의반지
60	-1	13	23	0	0	0	0	0	2	1	0	1	//바람의반지
60	-1	13	24	0	0	0	0	0	2	1	0	1	//마법의반지
//아이언휠													160
57	-1	2	4	0	0	0	2	2	0	0	0	824	//크리스탈모닝스타
57	-1	4	13	0	0	0	2	2	0	0	0	824	//블루윙석궁
57	-1	4	14	0	0	0	2	2	0	0	0	824	//아쿠아골드석궁
57	-1	2	5	0	0	0	2	2	0	0	0	824	//크리스탈검
57	-1	3	14	0	0	0	2	2	0	0	0	824	//콘모시온랜스
57	-1	3	18	0	0	0	2	2	0	0	0	824	//알라크란랜스
57	-1	3	9	0	0	0	2	2	0	0	0	824	//발록의낫
57	-1	5	6	0	0	0	2	2	0	0	0	824	//부활의지팡이
57	-1	5	17	0	0	0	2	2	0	0	0	824	//에이션트스틱
57	-1	5	23	0	0	0	2	2	0	0	0	824	//라글의서
57	-1	2	9	0	0	0	2	2	0	0	0	824	//마스터셉터
57	-1	6	16	0	0	0	2	2	0	0	0	824	//엘리멘탈방패
57	-1	6	21	0	0	0	2	2	0	0	0	824	//크로스실드
57	-1	6	30	0	0	0	2	2	0	0	0	824	//플루마실드
57	-1	6	15	0	0	0	2	2	0	0	0	824	//그랜드소울방패
57	-1	6	32	0	0	0	2	2	0	0	0	824	//비스실드
57	-1	8	25	0	0	0	0	2	0	0	0	824	//라운드갑옷
57	-1	8	59	0	0	0	0	2	0	0	0	824	//세크리드파이어갑옷
57	-1	9	59	0	0	0	0	2	0	0	0	824	//세크리드파이어바지
57	-1	7	26	0	0	0	0	2	0	0	0	824	//다크소울마스크
57	-1	8	26	0	0	0	0	2	0	0	0	824	//다크소울갑옷
57	-1	9	26	0	0	0	0	2	0	0	0	824	//다크소울바지
57	-1	7	93	0	0	0	0	2	0	0	0	824	//프린시헬멧
57	-1	8	93	0	0	0	0	2	0	0	0	824	//프린시갑옷
57	-1	9	93	0	0	0	0	2	0	0	0	824	//프린시바지
57	-1	11	93	0	0	0	0	2	0	0	0	824	//프린시부츠
57	-1	7	34	0	0	0	0	2	0	0	0	824	//애쉬크로우헬멧
57	-1	8	34	0	0	0	0	2	0	0	0	824	//애쉬크로우갑옷
57	-1	9	34	0	0	0	0	2	0	0	0	824	//애쉬크로우바지
57	-1	11	34	0	0	0	0	2	0	0	0	824	//애쉬크로우부츠
57	-1	7	35	0	0	0	0	2	0	0	0	824	//이클립스헬멧
57	-1	8	35	0	0	0	0	2	0	0	0	824	//이클립스갑옷
57	-1	9	35	0	0	0	0	2	0	0	0	824	//이클립스바지
57	-1	11	35	0	0	0	0	2	0	0	0	824	//이클립스부츠
57	-1	7	36	0	0	0	0	2	0	0	0	824	//아이리스헬멧
57	-1	8	36	0	0	0	0	2	0	0	0	824	//아이리스갑옷
57	-1	9	36	0	0	0	0	2	0	0	0	824	//아이리스바지
57	-1	11	36	0	0	0	0	2	0	0	0	824	//아이리스부츠
57	-1	7	41	0	0	0	0	2	0	0	0	824	//에이션트헬멧
57	-1	8	41	0	0	0	0	2	0	0	0	824	//에이션트갑옷
57	-1	9	41	0	0	0	0	2	0	0	0	824	//에이션트바지
57	-1	11	41	0	0	0	0	2	0	0	0	824	//에이션트부츠
57	-1	7	60	0	0	0	0	2	0	0	0	824	//스톰자하드투구
57	-1	9	60	0	0	0	0	2	0	0	0	824	//스톰자하드바지
57	-1	11	60	0	0	0	0	2	0	0	0	824	//스톰자하드부츠
57	-1	8	15	0	0	0	0	2	0	0	0	824	//아틀란스갑옷
57	-1	10	15	0	0	0	0	2	0	0	0	824	//아틀란스장갑
57	-1	9	15	0	0	0	0	2	0	0	0	824	//아틀란스바지
57	-1	11	15	0	0	0	0	2	0	0	0	824	//아틀란스부츠
57	-1	10	18	0	0	0	0	2	0	0	0	824	//그랜드소울장갑
57	-1	11	18	0	0	0	0	2	0	0	0	824	//그랜드소울부츠
57	-1	10	42	0	0	0	0	2	0	0	0	824	//데모닉장갑
57	-1	11	42	0	0	0	0	2	0	0	0	824	//데모닉부츠
57	-1	10	19	0	0	0	0	2	0	0	0	824	//홀리스프릿장갑
57	-1	10	27	0	0	0	0	2	0	0	0	824	//다크브리즌장갑
57	-1	10	16	0	0	0	0	2	0	0	0	824	//블랙드라곤장갑
57	-1	11	16	0	0	0	0	2	0	0	0	824	//블랙드라곤부츠
57	-1	15	14	0	0	0	0	0	0	0	0	100	//텔레키네시스법서
57	-1	12	18	0	0	0	0	0	0	0	0	100	//아이스애로우구슬
57	-1	15	26	0	0	0	0	0	0	0	0	100	//위크니스양피지
57	-1	15	17	0	0	0	0	0	0	0	0	100	//서든아이스법서
57	-1	15	27	0	0	0	0	0	0	0	0	100	//이너베이션양피지
57	-1	12	277	0	0	0	0	0	0	0	0	100	//브래쉬스크롤
//아이언휠 엑설런트													
57	-1	4	32	0	0	0	0	2	0	1	0	2	//전투화살통
57	-1	1	7	0	0	0	0	2	0	1	0	2	//라르칸도끼
57	-1	1	8	0	0	0	0	2	0	1	0	2	//반월도끼
57	-1	2	3	0	0	0	0	2	0	1	0	2	//그레이트해머
57	-1	4	4	0	0	0	0	2	0	1	0	2	//타이거보우
57	-1	4	12	0	0	0	0	2	0	1	0	2	//서펜트석궁
57	-1	4	14	0	0	0	0	2	0	1	0	150	//아쿠아골드석궁
57	-1	0	10	0	0	0	0	2	0	1	0	2	//빛의검
57	-1	0	11	0	0	0	0	2	0	1	0	2	//전설의검
57	-1	0	13	0	0	0	0	2	0	1	0	2	//더블블레이드
57	-1	0	15	0	0	0	0	2	0	1	0	2	//거대한검
57	-1	0	32	0	0	0	0	2	0	1	0	2	//세크리드글러브
57	-1	3	7	0	0	0	0	2	0	1	0	2	//버디슈
57	-1	3	0	0	0	0	0	2	0	1	0	2	//광선봉
57	-1	3	4	0	0	0	0	2	0	1	0	2	//서펜트스피어
57	-1	3	8	0	0	0	0	2	0	1	0	2	//그레이트사이드
57	-1	5	3	0	0	0	0	2	0	1	0	2	//번개지팡이
57	-1	5	4	0	0	0	0	2	0	1	0	2	//고르곤지팡이
57	-1	5	15	0	0	0	0	2	0	1	0	2	//바이올렌윈드스틱
57	-1	5	21	0	0	0	0	2	0	1	0	2	//사아무트의서
57	-1	2	8	0	0	0	0	2	0	1	0	2	//배틀셉터
57	-1	6	8	0	0	0	0	2	0	1	0	2	//타워방패
57	-1	6	31	0	0	0	0	2	0	1	0	2	//알라크란실드
57	-1	6	11	0	0	0	0	2	0	1	0	2	//서펜트방패
57	-1	6	14	0	0	0	0	2	0	1	0	2	//전설의방패
57	-1	6	12	0	0	0	0	2	0	1	0	2	//브론즈방패
57	-1	8	7	0	0	0	0	2	0	1	0	2	//스핑크스갑옷
57	-1	8	8	0	0	0	0	2	0	1	0	2	//황동갑옷
57	-1	7	13	0	0	0	0	2	0	1	0	2	//정령헬멧
57	-1	10	13	0	0	0	0	2	0	1	0	2	//정령장갑
57	-1	9	13	0	0	0	0	2	0	1	0	2	//정령바지
57	-1	11	13	0	0	0	0	2	0	1	0	2	//정령부츠
57	-1	7	92	0	0	0	0	2	0	1	0	2	//그루힐헬멧
57	-1	10	92	0	0	0	0	2	0	1	0	2	//그루힐장갑
57	-1	9	92	0	0	0	0	2	0	1	0	2	//그루힐바지
57	-1	7	9	0	0	0	0	2	0	1	0	2	//철판헬멧
57	-1	8	9	0	0	0	0	2	0	1	0	2	//철판갑옷
57	-1	10	9	0	0	0	0	2	0	1	0	2	//철판장갑
57	-1	9	9	0	0	0	0	2	0	1	0	2	//철판바지
57	-1	11	9	0	0	0	0	2	0	1	0	2	//철판부츠
57	-1	7	25	0	0	0	0	2	0	1	0	2	//라운드마스크
57	-1	10	25	0	0	0	0	2	0	1	0	2	//라운드장갑
57	-1	9	25	0	0	0	0	2	0	1	0	2	//라운드바지
57	-1	11	25	0	0	0	0	2	0	1	0	2	//라운드부츠
57	-1	7	3	0	0	0	0	2	0	1	0	2	//전설의헬멧
57	-1	9	3	0	0	0	0	2	0	1	0	2	//전설의바지
57	-1	11	3	0	0	0	0	2	0	1	0	2	//전설의부츠
57	-1	7	40	0	0	0	0	2	0	1	0	2	//레드윙헬멧
57	-1	9	40	0	0	0	0	2	0	1	0	2	//레드윙바지
57	-1	11	40	0	0	0	0	2	0	1	0	2	//레드윙부츠
57	-1	7	59	0	0	0	0	2	0	1	0	2	//세크리드파이어투구
57	-1	11	59	0	0	0	0	2	0	1	0	2	//세크리드파이어부츠
57	-1	7	14	0	0	0	0	2	0	1	0	2	//수호헬멧
57	-1	10	14	0	0	0	0	2	0	1	0	2	//수호장갑
57	-1	9	14	0	0	0	0	2	0	1	0	2	//수호바지
57	-1	11	14	0	0	0	0	2	0	1	0	2	//수호부츠
57	-1	10	1	0	0	0	0	2	0	1	0	2	//드라곤장갑
57	-1	9	1	0	0	0	0	2	0	1	0	2	//드라곤바지
57	-1	11	1	0	0	0	0	2	0	1	0	2	//드라곤부츠
57	-1	13	12	0	0	0	0	0	2	1	0	1	//번개의목걸이
57	-1	13	13	0	0	0	0	0	2	1	0	1	//불의목걸이
57	-1	13	25	0	0	0	0	0	2	1	0	1	//얼음의목걸이
57	-1	13	26	0	0	0	0	0	2	1	0	1	//바람의목걸이
57	-1	13	27	0	0	0	0	0	2	1	0	1	//물의목걸이
57	-1	13	28	0	0	0	0	0	2	1	0	1	//기술의목걸이
57	-1	13	8	0	0	0	0	0	2	1	0	1	//얼음의반지
57	-1	13	9	0	0	0	0	0	2	1	0	1	//독의반지
57	-1	13	21	0	0	0	0	0	2	1	0	1	//불의반지
57	-1	13	22	0	0	0	0	0	2	1	0	1	//땅의반지
57	-1	13	23	0	0	0	0	0	2	1	0	1	//바람의반지
57	-1	13	24	0	0	0	0	0	2	1	0	1	//마법의반지
//탄탈로스													160
58	-1	2	4	0	0	0	2	2	0	0	0	723	//크리스탈모닝스타
58	-1	4	13	0	0	0	2	2	0	0	0	723	//블루윙석궁
58	-1	4	14	0	0	0	2	2	0	0	0	723	//아쿠아골드석궁
58	-1	2	5	0	0	0	2	2	0	0	0	723	//크리스탈검
58	-1	0	16	0	0	0	2	2	0	0	0	723	//파괴의검
58	-1	0	33	0	0	0	2	2	0	0	0	723	//홀리스톰클로
58	-1	3	14	0	0	0	2	2	0	0	0	723	//콘모시온랜스
58	-1	3	18	0	0	0	2	2	0	0	0	723	//알라크란랜스
58	-1	5	6	0	0	0	2	2	0	0	0	723	//부활의지팡이
58	-1	5	17	0	0	0	2	2	0	0	0	723	//에이션트스틱
58	-1	5	23	0	0	0	2	2	0	0	0	723	//라글의서
58	-1	2	9	0	0	0	2	2	0	0	0	723	//마스터셉터
58	-1	2	10	0	0	0	2	2	0	0	0	723	//그레이트셉터
58	-1	6	16	0	0	0	2	2	0	0	0	723	//엘리멘탈방패
58	-1	6	21	0	0	0	2	2	0	0	0	723	//크로스실드
58	-1	6	30	0	0	0	2	2	0	0	0	723	//플루마실드
58	-1	6	15	0	0	0	2	2	0	0	0	723	//그랜드소울방패
58	-1	6	32	0	0	0	2	2	0	0	0	723	//비스실드
58	-1	8	59	0	0	0	0	2	0	0	0	723	//세크리드파이어갑옷
58	-1	7	26	0	0	0	0	2	0	0	0	723	//다크소울마스크
58	-1	8	26	0	0	0	0	2	0	0	0	723	//다크소울갑옷
58	-1	9	26	0	0	0	0	2	0	0	0	723	//다크소울바지
58	-1	7	93	0	0	0	0	2	0	0	0	723	//프린시헬멧
58	-1	8	93	0	0	0	0	2	0	0	0	723	//프린시갑옷
58	-1	9	93	0	0	0	0	2	0	0	0	723	//프린시바지
58	-1	7	34	0	0	0	0	2	0	0	0	723	//애쉬크로우헬멧
58	-1	8	34	0	0	0	0	2	0	0	0	723	//애쉬크로우갑옷
58	-1	9	34	0	0	0	0	2	0	0	0	723	//애쉬크로우바지
58	-1	11	34	0	0	0	0	2	0	0	0	723	//애쉬크로우부츠
58	-1	7	35	0	0	0	0	2	0	0	0	723	//이클립스헬멧
58	-1	8	35	0	0	0	0	2	0	0	0	723	//이클립스갑옷
58	-1	9	35	0	0	0	0	2	0	0	0	723	//이클립스바지
58	-1	11	35	0	0	0	0	2	0	0	0	723	//이클립스부츠
58	-1	7	36	0	0	0	0	2	0	0	0	723	//아이리스헬멧
58	-1	8	36	0	0	0	0	2	0	0	0	723	//아이리스갑옷
58	-1	9	36	0	0	0	0	2	0	0	0	723	//아이리스바지
58	-1	11	36	0	0	0	0	2	0	0	0	723	//아이리스부츠
58	-1	7	41	0	0	0	0	2	0	0	0	723	//에이션트헬멧
58	-1	8	41	0	0	0	0	2	0	0	0	723	//에이션트갑옷
58	-1	9	41	0	0	0	0	2	0	0	0	723	//에이션트바지
58	-1	11	41	0	0	0	0	2	0	0	0	723	//에이션트부츠
58	-1	7	60	0	0	0	0	2	0	0	0	723	//스톰자하드투구
58	-1	8	60	0	0	0	0	2	0	0	0	723	//스톰자하드갑옷
58	-1	9	60	0	0	0	0	2	0	0	0	723	//스톰자하드바지
58	-1	8	15	0	0	0	0	2	0	0	0	723	//아틀란스갑옷
58	-1	10	15	0	0	0	0	2	0	0	0	723	//아틀란스장갑
58	-1	9	15	0	0	0	0	2	0	0	0	723	//아틀란스바지
58	-1	11	15	0	0	0	0	2	0	0	0	723	//아틀란스부츠
58	-1	7	18	0	0	0	0	2	0	0	0	723	//그랜드소울헬멧
58	-1	10	18	0	0	0	0	2	0	0	0	723	//그랜드소울장갑
58	-1	11	18	0	0	0	0	2	0	0	0	723	//그랜드소울부츠
58	-1	7	42	0	0	0	0	2	0	0	0	723	//데모닉헬멧
58	-1	10	42	0	0	0	0	2	0	0	0	723	//데모닉장갑
58	-1	11	42	0	0	0	0	2	0	0	0	723	//데모닉부츠
58	-1	10	19	0	0	0	0	2	0	0	0	723	//홀리스프릿장갑
58	-1	11	19	0	0	0	0	2	0	0	0	723	//홀리스프릿부츠
58	-1	10	27	0	0	0	0	2	0	0	0	723	//다크브리즌장갑
58	-1	11	27	0	0	0	0	2	0	0	0	723	//다크브리즌부츠
58	-1	7	16	0	0	0	0	2	0	0	0	723	//블랙드라곤투구
58	-1	10	16	0	0	0	0	2	0	0	0	723	//블랙드라곤장갑
58	-1	11	16	0	0	0	0	2	0	0	0	723	//블랙드라곤부츠
58	-1	10	94	0	0	0	0	2	0	0	0	723	//히라트장갑
58	-1	10	95	0	0	0	0	2	0	0	0	723	//세이트장갑
58	-1	11	61	0	0	0	0	2	0	0	0	723	//피어싱그로브부츠
58	-1	15	16	0	0	0	0	0	0	0	0	100	//데쓰포이즌법서
58	-1	15	18	0	0	0	0	0	0	0	0	100	//헬버스트법서
58	-1	15	29	0	0	0	0	0	0	0	0	100	//기간틱스톰법서
58	-1	15	28	0	0	0	0	0	0	0	0	100	//마력증대법서
58	-1	14	179	0	0	0	0	0	0	0	0	2500	// 데쓰빔나이트의영혼
//탄탈로스 엑설런트													
58	-1	4	32	0	0	0	0	2	0	1	0	2	//전투화살통
58	-1	1	7	0	0	0	0	2	0	1	0	2	//라르칸도끼
58	-1	1	8	0	0	0	0	2	0	1	0	2	//반월도끼
58	-1	4	4	0	0	0	0	2	0	1	0	2	//타이거보우
58	-1	4	12	0	0	0	0	2	0	1	0	2	//서펜트석궁
58	-1	4	5	0	0	0	0	2	0	1	0	2	//실버보우
58	-1	0	10	0	0	0	0	2	0	1	0	2	//빛의검
58	-1	0	11	0	0	0	0	2	0	1	0	2	//전설의검
58	-1	0	13	0	0	0	0	2	0	1	0	2	//더블블레이드
58	-1	0	15	0	0	0	0	2	0	1	0	2	//거대한검
58	-1	0	32	0	0	0	0	2	0	1	0	2	//세크리드글러브
58	-1	0	12	0	0	0	0	2	0	1	0	2	//태양검
58	-1	0	16	0	0	0	0	2	0	1	0	4	//파괴의검
58	-1	3	0	0	0	0	0	2	0	1	0	2	//광선봉
58	-1	3	4	0	0	0	0	2	0	1	0	2	//서펜트스피어
58	-1	3	8	0	0	0	0	2	0	1	0	2	//그레이트사이드
58	-1	5	3	0	0	0	0	2	0	1	0	2	//번개지팡이
58	-1	5	4	0	0	0	0	2	0	1	0	2	//고르곤지팡이
58	-1	5	15	0	0	0	0	2	0	1	0	2	//바이올렌윈드스틱
58	-1	5	21	0	0	0	0	2	0	1	0	2	//사아무트의서
58	-1	2	8	0	0	0	0	2	0	1	0	2	//배틀셉터
58	-1	6	8	0	0	0	0	2	0	1	0	2	//타워방패
58	-1	6	31	0	0	0	0	2	0	1	0	2	//알라크란실드
58	-1	6	11	0	0	0	0	2	0	1	0	2	//서펜트방패
58	-1	6	14	0	0	0	0	2	0	1	0	2	//전설의방패
58	-1	6	12	0	0	0	0	2	0	1	0	2	//브론즈방패
58	-1	7	13	0	0	0	0	2	0	1	0	2	//정령헬멧
58	-1	9	13	0	0	0	0	2	0	1	0	2	//정령바지
58	-1	11	13	0	0	0	0	2	0	1	0	2	//정령부츠
58	-1	7	92	0	0	0	0	2	0	1	0	2	//그루힐헬멧
58	-1	10	92	0	0	0	0	2	0	1	0	2	//그루힐장갑
58	-1	9	92	0	0	0	0	2	0	1	0	2	//그루힐바지
58	-1	7	9	0	0	0	0	2	0	1	0	2	//철판헬멧
58	-1	8	9	0	0	0	0	2	0	1	0	2	//철판갑옷
58	-1	10	9	0	0	0	0	2	0	1	0	2	//철판장갑
58	-1	9	9	0	0	0	0	2	0	1	0	2	//철판바지
58	-1	11	9	0	0	0	0	2	0	1	0	2	//철판부츠
58	-1	7	25	0	0	0	0	2	0	1	0	2	//라운드마스크
58	-1	10	25	0	0	0	0	2	0	1	0	2	//라운드장갑
58	-1	9	25	0	0	0	0	2	0	1	0	2	//라운드바지
58	-1	11	25	0	0	0	0	2	0	1	0	2	//라운드부츠
58	-1	7	3	0	0	0	0	2	0	1	0	2	//전설의헬멧
58	-1	8	3	0	0	0	0	2	0	1	0	2	//전설의갑옷
58	-1	9	3	0	0	0	0	2	0	1	0	2	//전설의바지
58	-1	11	3	0	0	0	0	2	0	1	0	2	//전설의부츠
58	-1	7	40	0	0	0	0	2	0	1	0	2	//레드윙헬멧
58	-1	8	40	0	0	0	0	2	0	1	0	2	//레드윙갑옷
58	-1	9	40	0	0	0	0	2	0	1	0	2	//레드윙바지
58	-1	11	40	0	0	0	0	2	0	1	0	2	//레드윙부츠
58	-1	7	59	0	0	0	0	2	0	1	0	2	//세크리드파이어투구
58	-1	11	59	0	0	0	0	2	0	1	0	2	//세크리드파이어부츠
58	-1	7	14	0	0	0	0	2	0	1	0	2	//수호헬멧
58	-1	8	14	0	0	0	0	2	0	1	0	2	//수호갑옷
58	-1	10	14	0	0	0	0	2	0	1	0	2	//수호장갑
58	-1	9	14	0	0	0	0	2	0	1	0	2	//수호바지
58	-1	11	14	0	0	0	0	2	0	1	0	2	//수호부츠
58	-1	7	1	0	0	0	0	2	0	1	0	2	//드라곤투구
58	-1	10	1	0	0	0	0	2	0	1	0	2	//드라곤장갑
58	-1	9	1	0	0	0	0	2	0	1	0	2	//드라곤바지
58	-1	11	1	0	0	0	0	2	0	1	0	2	//드라곤부츠
58	-1	10	26	0	0	0	0	2	0	1	0	2	//다크소울장갑
58	-1	13	12	0	0	0	0	0	2	1	0	1	//번개의목걸이
58	-1	13	13	0	0	0	0	0	2	1	0	1	//불의목걸이
58	-1	13	25	0	0	0	0	0	2	1	0	1	//얼음의목걸이
58	-1	13	26	0	0	0	0	0	2	1	0	1	//바람의목걸이
58	-1	13	27	0	0	0	0	0	2	1	0	1	//물의목걸이
58	-1	13	28	0	0	0	0	0	2	1	0	1	//기술의목걸이
58	-1	13	8	0	0	0	0	0	2	1	0	1	//얼음의반지
58	-1	13	9	0	0	0	0	0	2	1	0	1	//독의반지
58	-1	13	21	0	0	0	0	0	2	1	0	1	//불의반지
58	-1	13	22	0	0	0	0	0	2	1	0	1	//땅의반지
58	-1	13	23	0	0	0	0	0	2	1	0	1	//바람의반지
58	-1	13	24	0	0	0	0	0	2	1	0	1	//마법의반지
//빔나이트													160
61	-1	2	4	0	0	0	2	2	0	0	0	699	//크리스탈모닝스타
61	-1	4	13	0	0	0	2	2	0	0	0	699	//블루윙석궁
61	-1	4	14	0	0	0	2	2	0	0	0	699	//아쿠아골드석궁
61	-1	4	16	0	0	0	2	2	0	0	0	699	//세인트크로스석궁
61	-1	2	5	0	0	0	2	2	0	0	0	699	//크리스탈검
61	-1	0	16	0	0	0	2	2	0	0	0	699	//파괴의검
61	-1	0	33	0	0	0	2	2	0	0	0	699	//홀리스톰클로
61	-1	3	18	0	0	0	2	2	0	0	0	699	//알라크란랜스
61	-1	5	6	0	0	0	2	2	0	0	0	699	//부활의지팡이
61	-1	5	17	0	0	0	2	2	0	0	0	699	//에이션트스틱
61	-1	2	9	0	0	0	2	2	0	0	0	699	//마스터셉터
61	-1	2	10	0	0	0	2	2	0	0	0	699	//그레이트셉터
61	-1	6	16	0	0	0	2	2	0	0	0	699	//엘리멘탈방패
61	-1	6	21	0	0	0	2	2	0	0	0	699	//크로스실드
61	-1	6	30	0	0	0	2	2	0	0	0	699	//플루마실드
61	-1	6	15	0	0	0	2	2	0	0	0	699	//그랜드소울방패
61	-1	6	32	0	0	0	2	2	0	0	0	699	//비스실드
61	-1	8	59	0	0	0	0	2	0	0	0	699	//세크리드파이어갑옷
61	-1	7	26	0	0	0	0	2	0	0	0	699	//다크소울마스크
61	-1	8	26	0	0	0	0	2	0	0	0	699	//다크소울갑옷
61	-1	9	26	0	0	0	0	2	0	0	0	699	//다크소울바지
61	-1	7	93	0	0	0	0	2	0	0	0	699	//프린시헬멧
61	-1	8	93	0	0	0	0	2	0	0	0	699	//프린시갑옷
61	-1	9	93	0	0	0	0	2	0	0	0	699	//프린시바지
61	-1	7	34	0	0	0	0	2	0	0	0	699	//애쉬크로우헬멧
61	-1	8	34	0	0	0	0	2	0	0	0	699	//애쉬크로우갑옷
61	-1	9	34	0	0	0	0	2	0	0	0	699	//애쉬크로우바지
61	-1	11	34	0	0	0	0	2	0	0	0	699	//애쉬크로우부츠
61	-1	7	35	0	0	0	0	2	0	0	0	699	//이클립스헬멧
61	-1	8	35	0	0	0	0	2	0	0	0	699	//이클립스갑옷
61	-1	9	35	0	0	0	0	2	0	0	0	699	//이클립스바지
61	-1	11	35	0	0	0	0	2	0	0	0	699	//이클립스부츠
61	-1	7	36	0	0	0	0	2	0	0	0	699	//아이리스헬멧
61	-1	8	36	0	0	0	0	2	0	0	0	699	//아이리스갑옷
61	-1	9	36	0	0	0	0	2	0	0	0	699	//아이리스바지
61	-1	11	36	0	0	0	0	2	0	0	0	699	//아이리스부츠
61	-1	7	41	0	0	0	0	2	0	0	0	699	//에이션트헬멧
61	-1	8	41	0	0	0	0	2	0	0	0	699	//에이션트갑옷
61	-1	9	41	0	0	0	0	2	0	0	0	699	//에이션트바지
61	-1	7	60	0	0	0	0	2	0	0	0	699	//스톰자하드투구
61	-1	8	60	0	0	0	0	2	0	0	0	699	//스톰자하드갑옷
61	-1	9	60	0	0	0	0	2	0	0	0	699	//스톰자하드바지
61	-1	8	15	0	0	0	0	2	0	0	0	699	//아틀란스갑옷
61	-1	10	15	0	0	0	0	2	0	0	0	699	//아틀란스장갑
61	-1	9	15	0	0	0	0	2	0	0	0	699	//아틀란스바지
61	-1	11	15	0	0	0	0	2	0	0	0	699	//아틀란스부츠
61	-1	7	18	0	0	0	0	2	0	0	0	699	//그랜드소울헬멧
61	-1	10	18	0	0	0	0	2	0	0	0	699	//그랜드소울장갑
61	-1	11	18	0	0	0	0	2	0	0	0	699	//그랜드소울부츠
61	-1	7	42	0	0	0	0	2	0	0	0	699	//데모닉헬멧
61	-1	10	42	0	0	0	0	2	0	0	0	699	//데모닉장갑
61	-1	11	42	0	0	0	0	2	0	0	0	699	//데모닉부츠
61	-1	10	19	0	0	0	0	2	0	0	0	699	//홀리스프릿장갑
61	-1	11	19	0	0	0	0	2	0	0	0	699	//홀리스프릿부츠
61	-1	10	27	0	0	0	0	2	0	0	0	699	//다크브리즌장갑
61	-1	11	27	0	0	0	0	2	0	0	0	699	//다크브리즌부츠
61	-1	7	16	0	0	0	0	2	0	0	0	699	//블랙드라곤투구
61	-1	10	16	0	0	0	0	2	0	0	0	699	//블랙드라곤장갑
61	-1	9	16	0	0	0	0	2	0	0	0	699	//블랙드라곤바지
61	-1	11	16	0	0	0	0	2	0	0	0	699	//블랙드라곤부츠
61	-1	10	94	0	0	0	0	2	0	0	0	699	//히라트장갑
61	-1	10	95	0	0	0	0	2	0	0	0	699	//세이트장갑
61	-1	11	61	0	0	0	0	2	0	0	0	699	//피어싱그로브부츠
61	-1	10	24	0	0	0	0	2	0	0	0	699	//레드스프릿장갑
61	-1	15	16	0	0	0	0	0	0	0	0	50	//데쓰포이즌법서
61	-1	15	18	0	0	0	0	0	0	0	0	50	//헬버스트법서
61	-1	15	29	0	0	0	0	0	0	0	0	50	//기간틱스톰법서
61	-1	15	28	0	0	0	0	0	0	0	0	50	//마력증대법서
61	-1	14	179	0	0	0	0	0	0	0	0	2500	// 데쓰빔나이트의영혼
//빔나이트 엑설런트													
61	-1	4	32	0	0	0	0	2	0	1	0	2	//전투화살통
61	-1	1	7	0	0	0	0	2	0	1	0	2	//라르칸도끼
61	-1	1	8	0	0	0	0	2	0	1	0	2	//반월도끼
61	-1	4	12	0	0	0	0	2	0	1	0	2	//서펜트석궁
61	-1	4	5	0	0	0	0	2	0	1	0	2	//실버보우
61	-1	0	11	0	0	0	0	2	0	1	0	2	//전설의검
61	-1	0	13	0	0	0	0	2	0	1	0	2	//더블블레이드
61	-1	0	15	0	0	0	0	2	0	1	0	2	//거대한검
61	-1	0	32	0	0	0	0	2	0	1	0	2	//세크리드글러브
61	-1	0	12	0	0	0	0	2	0	1	0	2	//태양검
61	-1	3	0	0	0	0	0	2	0	1	0	2	//광선봉
61	-1	0	14	0	0	0	0	2	0	1	0	2	//번개검
61	-1	3	4	0	0	0	0	2	0	1	0	2	//서펜트스피어
61	-1	3	8	0	0	0	0	2	0	1	0	2	//그레이트사이드
61	-1	5	3	0	0	0	0	2	0	1	0	2	//번개지팡이
61	-1	5	4	0	0	0	0	2	0	1	0	2	//고르곤지팡이
61	-1	5	5	0	0	0	0	2	0	1	0	2	//전설의지팡이
61	-1	5	15	0	0	0	0	2	0	1	0	2	//바이올렌윈드스틱
61	-1	5	16	0	0	0	0	2	0	1	0	2	//레드윙스틱
61	-1	5	21	0	0	0	0	2	0	1	0	2	//사아무트의서
61	-1	5	22	0	0	0	0	2	0	1	0	2	//닐의서
61	-1	2	8	0	0	0	0	2	0	1	0	2	//배틀셉터
61	-1	6	11	0	0	0	0	2	0	1	0	2	//서펜트방패
61	-1	6	14	0	0	0	0	2	0	1	0	2	//전설의방패
61	-1	6	12	0	0	0	0	2	0	1	0	2	//브론즈방패
61	-1	9	13	0	0	0	0	2	0	1	0	2	//정령바지
61	-1	7	92	0	0	0	0	2	0	1	0	2	//그루힐헬멧
61	-1	9	92	0	0	0	0	2	0	1	0	2	//그루힐바지
61	-1	7	9	0	0	0	0	2	0	1	0	2	//철판헬멧
61	-1	8	9	0	0	0	0	2	0	1	0	2	//철판갑옷
61	-1	10	9	0	0	0	0	2	0	1	0	2	//철판장갑
61	-1	9	9	0	0	0	0	2	0	1	0	2	//철판바지
61	-1	11	9	0	0	0	0	2	0	1	0	2	//철판부츠
61	-1	7	25	0	0	0	0	2	0	1	0	2	//라운드마스크
61	-1	10	25	0	0	0	0	2	0	1	0	2	//라운드장갑
61	-1	9	25	0	0	0	0	2	0	1	0	2	//라운드바지
61	-1	11	25	0	0	0	0	2	0	1	0	2	//라운드부츠
61	-1	7	3	0	0	0	0	2	0	1	0	2	//전설의헬멧
61	-1	8	3	0	0	0	0	2	0	1	0	2	//전설의갑옷
61	-1	9	3	0	0	0	0	2	0	1	0	2	//전설의바지
61	-1	11	3	0	0	0	0	2	0	1	0	2	//전설의부츠
61	-1	7	40	0	0	0	0	2	0	1	0	2	//레드윙헬멧
61	-1	8	40	0	0	0	0	2	0	1	0	2	//레드윙갑옷
61	-1	9	40	0	0	0	0	2	0	1	0	2	//레드윙바지
61	-1	11	40	0	0	0	0	2	0	1	0	2	//레드윙부츠
61	-1	7	59	0	0	0	0	2	0	1	0	2	//세크리드파이어투구
61	-1	11	59	0	0	0	0	2	0	1	0	2	//세크리드파이어부츠
61	-1	7	14	0	0	0	0	2	0	1	0	2	//수호헬멧
61	-1	8	14	0	0	0	0	2	0	1	0	2	//수호갑옷
61	-1	10	14	0	0	0	0	2	0	1	0	2	//수호장갑
61	-1	9	14	0	0	0	0	2	0	1	0	2	//수호바지
61	-1	11	14	0	0	0	0	2	0	1	0	2	//수호부츠
61	-1	7	1	0	0	0	0	2	0	1	0	2	//드라곤투구
61	-1	8	1	0	0	0	0	2	0	1	0	2	//드라곤갑옷
61	-1	10	1	0	0	0	0	2	0	1	0	2	//드라곤장갑
61	-1	9	1	0	0	0	0	2	0	1	0	2	//드라곤바지
61	-1	11	1	0	0	0	0	2	0	1	0	2	//드라곤부츠
61	-1	10	26	0	0	0	0	2	0	1	0	2	//다크소울장갑
61	-1	13	12	0	0	0	0	0	2	1	0	1	//번개의목걸이
61	-1	13	13	0	0	0	0	0	2	1	0	1	//불의목걸이
61	-1	13	25	0	0	0	0	0	2	1	0	1	//얼음의목걸이
61	-1	13	26	0	0	0	0	0	2	1	0	1	//바람의목걸이
61	-1	13	27	0	0	0	0	0	2	1	0	1	//물의목걸이
61	-1	13	28	0	0	0	0	0	2	1	0	1	//기술의목걸이
61	-1	13	8	0	0	0	0	0	2	1	0	1	//얼음의반지
61	-1	13	9	0	0	0	0	0	2	1	0	1	//독의반지
61	-1	13	21	0	0	0	0	0	2	1	0	1	//불의반지
61	-1	13	22	0	0	0	0	0	2	1	0	1	//땅의반지
61	-1	13	23	0	0	0	0	0	2	1	0	1	//바람의반지
61	-1	13	24	0	0	0	0	0	2	1	0	1	//마법의반지
//자이칸													
//자이칸 엑설런트													
59	-1	4	32	0	0	0	0	2	0	1	0	16363	//전투화살통
59	-1	4	19	0	0	0	0	2	0	1	0	16363	//그레이트레인석궁
59	-1	4	22	0	0	0	0	2	0	1	0	16363	//알바트로스보우
59	-1	5	9	0	0	0	0	2	0	1	0	16363	//드래곤소울지팡이
59	-1	5	11	0	0	0	0	2	0	1	0	3500	//쿤둔의지팡이
59	-1	5	8	0	0	0	0	2	0	1	0	5000	//파멸의지팡이
59	-1	2	15	0	0	0	0	2	0	1	0	16363	//샤이닝셉터
59	-1	0	25	0	0	0	0	2	0	1	0	16363	//소드댄서
59	-1	0	24	0	0	0	0	2	0	1	0	16363	//데이브레이크
59	-1	7	22	0	0	0	0	2	0	1	0	16363	//블랙소울헬멧
59	-1	8	22	0	0	0	0	2	0	1	0	16363	//블랙소울갑옷
59	-1	10	22	0	0	0	0	2	0	1	0	16363	//블랙소울장갑
59	-1	9	22	0	0	0	0	2	0	1	0	16363	//블랙소울바지
59	-1	11	22	0	0	0	0	2	0	1	0	16363	//블랙소울부츠
59	-1	8	20	0	0	0	0	2	0	1	0	16363	//선더호크갑옷
59	-1	10	20	0	0	0	0	2	0	1	0	16363	//선더호크장갑
59	-1	9	20	0	0	0	0	2	0	1	0	16363	//선더호크바지
59	-1	11	20	0	0	0	0	2	0	1	0	16363	//선더호크부츠
59	-1	7	21	0	0	0	0	2	0	1	0	16363	//그레이트드라곤투구
59	-1	8	21	0	0	0	0	2	0	1	0	16363	//그레이트드라곤갑옷
59	-1	10	21	0	0	0	0	2	0	1	0	16363	//그레이트드라곤장갑
59	-1	9	21	0	0	0	0	2	0	1	0	16363	//그레이트드라곤바지
59	-1	11	21	0	0	0	0	2	0	1	0	16363	//그레이트드라곤부츠
59	-1	7	24	0	0	0	0	2	0	1	0	16363	//레드스피릿헬멧
59	-1	8	24	0	0	0	0	2	0	1	0	16363	//레드스피릿갑옷
59	-1	10	24	0	0	0	0	2	0	1	0	16363	//레드스피릿장갑
59	-1	9	24	0	0	0	0	2	0	1	0	16363	//레드스피릿바지
59	-1	11	24	0	0	0	0	2	0	1	0	16363	//레드스피릿부츠
59	-1	7	38	0	0	0	0	2	0	1	0	16363	//글로리어스마스크
59	-1	8	38	0	0	0	0	2	0	1	0	16363	//글로리어스갑옷
59	-1	10	38	0	0	0	0	2	0	1	0	16363	//글로리어스장갑
59	-1	9	38	0	0	0	0	2	0	1	0	16363	//글로리어스바지
59	-1	11	38	0	0	0	0	2	0	1	0	16363	//글로리어스부츠
59	-1	13	12	0	0	0	0	0	2	1	0	50	//번개의목걸이
59	-1	13	13	0	0	0	0	0	2	1	0	50	//불의목걸이
59	-1	13	25	0	0	0	0	0	2	1	0	50	//얼음의목걸이
59	-1	13	26	0	0	0	0	0	2	1	0	50	//바람의목걸이
59	-1	13	27	0	0	0	0	0	2	1	0	50	//물의목걸이
59	-1	13	28	0	0	0	0	0	2	1	0	50	//기술의목걸이
59	-1	13	8	0	0	0	0	0	2	1	0	50	//얼음의반지
59	-1	13	9	0	0	0	0	0	2	1	0	50	//독의반지
59	-1	13	21	0	0	0	0	0	2	1	0	50	//불의반지
59	-1	13	22	0	0	0	0	0	2	1	0	50	//땅의반지
59	-1	13	23	0	0	0	0	0	2	1	0	50	//바람의반지
59	-1	13	24	0	0	0	0	0	2	1	0	50	//마법의반지
//데쓰빔나이트													130
63	-1	4	16	0	0	0	2	2	0	0	0	1072	//세인트크로스석궁
63	-1	4	17	0	0	0	2	2	0	0	0	1072	//홀리사이트보우
63	-1	0	16	0	0	0	2	2	0	0	0	1072	//파괴의검
63	-1	0	33	0	0	0	2	2	0	0	0	1072	//홀리스톰클로
63	-1	3	15	0	0	0	2	2	0	0	0	1072	//플루마랜스
63	-1	3	16	0	0	0	2	2	0	0	0	1072	//비스랜스
63	-1	3	10	0	0	0	2	2	0	0	0	1072	//드라곤스피어
63	-1	5	8	0	0	0	2	2	0	0	0	1072	//파멸의지팡이
63	-1	5	17	0	0	0	2	2	0	0	0	1072	//에이션트스틱
63	-1	2	10	0	0	0	2	2	0	0	0	1072	//그레이트셉터
63	-1	2	7	0	0	0	2	2	0	0	0	1072	//엘리멘탈메이스
63	-1	6	32	0	0	0	2	2	0	0	0	1072	//비스실드
63	-1	8	26	0	0	0	0	2	0	0	0	1072	//다크소울갑옷
63	-1	8	93	0	0	0	0	2	0	0	0	1072	//프린시갑옷
63	-1	8	34	0	0	0	0	2	0	0	0	1072	//애쉬크로우갑옷
63	-1	8	35	0	0	0	0	2	0	0	0	1072	//이클립스갑옷
63	-1	8	36	0	0	0	0	2	0	0	0	1072	//아이리스갑옷
63	-1	8	41	0	0	0	0	2	0	0	0	1072	//에이션트갑옷
63	-1	8	60	0	0	0	0	2	0	0	0	1072	//스톰자하드갑옷
63	-1	9	60	0	0	0	0	2	0	0	0	1072	//스톰자하드바지
63	-1	8	15	0	0	0	0	2	0	0	0	1072	//아틀란스갑옷
63	-1	7	18	0	0	0	0	2	0	0	0	1072	//그랜드소울헬멧
63	-1	8	18	0	0	0	0	2	0	0	0	1072	//그랜드소울갑옷
63	-1	9	18	0	0	0	0	2	0	0	0	1072	//그랜드소울바지
63	-1	11	18	0	0	0	0	2	0	0	0	1072	//그랜드소울부츠
63	-1	7	42	0	0	0	0	2	0	0	0	1072	//데모닉헬멧
63	-1	8	42	0	0	0	0	2	0	0	0	1072	//데모닉갑옷
63	-1	9	42	0	0	0	0	2	0	0	0	1072	//데모닉바지
63	-1	11	42	0	0	0	0	2	0	0	0	1072	//데모닉부츠
63	-1	7	19	0	0	0	0	2	0	0	0	1072	//홀리스프릿헬멧
63	-1	8	19	0	0	0	0	2	0	0	0	1072	//홀리스프릿갑옷
63	-1	9	19	0	0	0	0	2	0	0	0	1072	//홀리스프릿바지
63	-1	11	19	0	0	0	0	2	0	0	0	1072	//홀리스프릿부츠
63	-1	7	27	0	0	0	0	2	0	0	0	1072	//다크브리즌마스크
63	-1	10	27	0	0	0	0	2	0	0	0	1072	//다크브리즌장갑
63	-1	9	27	0	0	0	0	2	0	0	0	1072	//다크브리즌바지
63	-1	11	27	0	0	0	0	2	0	0	0	1072	//다크브리즌부츠
63	-1	7	16	0	0	0	0	2	0	0	0	1072	//블랙드라곤투구
63	-1	10	16	0	0	0	0	2	0	0	0	1072	//블랙드라곤장갑
63	-1	11	16	0	0	0	0	2	0	0	0	1072	//블랙드라곤부츠
63	-1	7	94	0	0	0	0	2	0	0	0	1072	//히라트헬멧
63	-1	10	94	0	0	0	0	2	0	0	0	1072	//히라트장갑
63	-1	11	94	0	0	0	0	2	0	0	0	1072	//히라트부츠
63	-1	7	95	0	0	0	0	2	0	0	0	1072	//세이트헬멧
63	-1	10	95	0	0	0	0	2	0	0	0	1072	//세이트장갑
63	-1	11	95	0	0	0	0	2	0	0	0	1072	//세이트부츠
63	-1	7	61	0	0	0	0	2	0	0	0	1072	//피어싱그로브투구
63	-1	11	61	0	0	0	0	2	0	0	0	1072	//피어싱그로브부츠
63	-1	8	16	0	0	0	0	2	0	0	0	1072	//블랙드라곤갑옷
63	-1	9	16	0	0	0	0	2	0	0	0	1072	//블랙드라곤바지
63	-1	10	24	0	0	0	0	2	0	0	0	1072	//레드스피릿장갑
63	-1	7	24	0	0	0	0	2	0	0	0	1072	//레드스피릿헬멧
63	-1	11	24	0	0	0	0	2	0	0	0	1072	//레드스피릿부츠
63	-1	7	17	0	0	0	0	2	0	0	0	1072	//다크피닉스투구
63	-1	10	17	0	0	0	0	2	0	0	0	1072	//다크피닉스장갑
63	-1	11	17	0	0	0	0	2	0	0	0	1072	//다크피닉스부츠
63	-1	10	22	0	0	0	0	2	0	0	0	1072	//블랙소울장갑
63	-1	10	20	0	0	0	0	2	0	0	0	1072	//선더호크장갑
63	-1	11	20	0	0	0	0	2	0	0	0	1072	//선더호크부츠
63	-1	10	28	0	0	0	0	2	0	0	0	1072	//다크마스터장갑
63	-1	10	37	0	0	0	0	2	0	0	0	1072	//발리언트장갑
63	-1	10	38	0	0	0	0	2	0	0	0	1072	//글로리어스장갑
63	-1	15	16	0	0	0	0	0	0	0	0	50	//데쓰포이즌법서
63	-1	15	18	0	0	0	0	0	0	0	0	50	//헬버스트법서
63	-1	15	29	0	0	0	0	0	0	0	0	50	//기간틱스톰법서
63	-1	15	28	0	0	0	0	0	0	0	0	50	//마력증대법서
63	-1	14	179	0	0	0	0	0	0	0	0	2500	// 데쓰빔나이트의영혼
//데쓰빔나이트 엑설런트													
63	-1	4	32	0	0	0	0	2	0	1	0	2	//전투화살통
63	-1	1	8	0	0	0	0	2	0	1	0	2	//반월도끼
63	-1	2	4	0	0	0	0	2	0	1	0	2	//크리스탈모닝스타
63	-1	4	5	0	0	0	0	2	0	1	0	2	//실버보우
63	-1	4	13	0	0	0	0	2	0	1	0	2	//블루윙석궁
63	-1	0	15	0	0	0	0	2	0	1	0	2	//거대한검
63	-1	0	32	0	0	0	0	2	0	1	0	2	//세크리드글러브
63	-1	0	12	0	0	0	0	2	0	1	0	2	//태양검
63	-1	0	14	0	0	0	0	2	0	1	0	2	//번개검
63	-1	3	9	0	0	0	0	2	0	1	0	2	//발록의낫
63	-1	3	8	0	0	0	0	2	0	1	0	2	//그레이트사이드
63	-1	3	14	0	0	0	0	2	0	1	0	2	//콘모시온랜스
63	-1	3	18	0	0	0	0	2	0	1	0	2	//알라크란랜스
63	-1	5	4	0	0	0	0	2	0	1	0	2	//고르곤지팡이
63	-1	5	5	0	0	0	0	2	0	1	0	2	//전설의지팡이
63	-1	5	16	0	0	0	0	2	0	1	0	2	//레드윙스틱
63	-1	5	21	0	0	0	0	2	0	1	0	2	//사아무트의서
63	-1	5	22	0	0	0	0	2	0	1	0	2	//닐의서
63	-1	5	23	0	0	0	0	2	0	1	0	2	//라글의서
63	-1	2	8	0	0	0	0	2	0	1	0	2	//배틀셉터
63	-1	6	12	0	0	0	0	2	0	1	0	2	//브론즈방패
63	-1	6	13	0	0	0	0	2	0	1	0	2	//드라곤방패
63	-1	6	16	0	0	0	0	2	0	1	0	2	//엘리멘탈방패
63	-1	7	92	0	0	0	0	2	0	1	0	2	//그루힐헬멧
63	-1	8	92	0	0	0	0	2	0	1	0	2	//그루힐갑옷
63	-1	9	92	0	0	0	0	2	0	1	0	2	//그루힐바지
63	-1	8	25	0	0	0	0	2	0	1	0	2	//라운드갑옷
63	-1	9	25	0	0	0	0	2	0	1	0	2	//라운드바지
63	-1	7	3	0	0	0	0	2	0	1	0	2	//전설의헬멧
63	-1	8	3	0	0	0	0	2	0	1	0	2	//전설의갑옷
63	-1	9	3	0	0	0	0	2	0	1	0	2	//전설의바지
63	-1	7	40	0	0	0	0	2	0	1	0	2	//레드윙헬멧
63	-1	8	40	0	0	0	0	2	0	1	0	2	//레드윙갑옷
63	-1	9	40	0	0	0	0	2	0	1	0	2	//레드윙바지
63	-1	7	59	0	0	0	0	2	0	1	0	2	//세크리드파이어투구
63	-1	8	59	0	0	0	0	2	0	1	0	2	//세크리드파이어갑옷
63	-1	9	59	0	0	0	0	2	0	1	0	2	//세크리드파이어바지
63	-1	11	59	0	0	0	0	2	0	1	0	2	//세크리드파이어부츠
63	-1	7	14	0	0	0	0	2	0	1	0	2	//수호헬멧
63	-1	8	14	0	0	0	0	2	0	1	0	2	//수호갑옷
63	-1	10	14	0	0	0	0	2	0	1	0	2	//수호장갑
63	-1	9	14	0	0	0	0	2	0	1	0	2	//수호바지
63	-1	11	14	0	0	0	0	2	0	1	0	2	//수호부츠
63	-1	7	1	0	0	0	0	2	0	1	0	2	//드라곤투구
63	-1	8	1	0	0	0	0	2	0	1	0	2	//드라곤갑옷
63	-1	10	1	0	0	0	0	2	0	1	0	2	//드라곤장갑
63	-1	9	1	0	0	0	0	2	0	1	0	2	//드라곤바지
63	-1	11	1	0	0	0	0	2	0	1	0	2	//드라곤부츠
63	-1	7	26	0	0	0	0	2	0	1	0	2	//다크소울마스크
63	-1	10	26	0	0	0	0	2	0	1	0	2	//다크소울장갑
63	-1	11	26	0	0	0	0	2	0	1	0	2	//다크소울부츠
63	-1	10	93	0	0	0	0	2	0	1	0	2	//프린시장갑
63	-1	11	93	0	0	0	0	2	0	1	0	2	//프린시부츠
63	-1	7	34	0	0	0	0	2	0	1	0	2	//애쉬크로우헬멧
63	-1	10	34	0	0	0	0	2	0	1	0	2	//애쉬크로우장갑
63	-1	11	34	0	0	0	0	2	0	1	0	2	//애쉬크로우부츠
63	-1	7	35	0	0	0	0	2	0	1	0	2	//이클립스헬멧
63	-1	10	35	0	0	0	0	2	0	1	0	2	//이클립스장갑
63	-1	11	35	0	0	0	0	2	0	1	0	2	//이클립스부츠
63	-1	7	36	0	0	0	0	2	0	1	0	2	//아이리스헬멧
63	-1	10	36	0	0	0	0	2	0	1	0	2	//아이리스장갑
63	-1	11	36	0	0	0	0	2	0	1	0	2	//아이리스부츠
63	-1	7	41	0	0	0	0	2	0	1	0	2	//에이션트헬멧
63	-1	10	41	0	0	0	0	2	0	1	0	2	//에이션트장갑
63	-1	11	41	0	0	0	0	2	0	1	0	2	//에이션트부츠
63	-1	11	60	0	0	0	0	2	0	1	0	2	//스톰자하드부츠
63	-1	13	12	0	0	0	0	0	2	1	0	1	//번개의목걸이
63	-1	13	13	0	0	0	0	0	2	1	0	1	//불의목걸이
63	-1	13	25	0	0	0	0	0	2	1	0	1	//얼음의목걸이
63	-1	13	26	0	0	0	0	0	2	1	0	1	//바람의목걸이
63	-1	13	27	0	0	0	0	0	2	1	0	1	//물의목걸이
63	-1	13	28	0	0	0	0	0	2	1	0	1	//기술의목걸이
63	-1	13	8	0	0	0	0	0	2	1	0	1	//얼음의반지
63	-1	13	9	0	0	0	0	0	2	1	0	1	//독의반지
63	-1	13	21	0	0	0	0	0	2	1	0	1	//불의반지
63	-1	13	22	0	0	0	0	0	2	1	0	1	//땅의반지
63	-1	13	23	0	0	0	0	0	2	1	0	1	//바람의반지
63	-1	13	24	0	0	0	0	0	2	1	0	1	//마법의반지
end													
