//////////////////////////////////////////////////////////////////////////////////////													
// [악마의광장 1~4]	EachMonsterBag9												
// [ Start  ] 	2015-03-20												
// [ Latest ]	2015-03-20 17:26												
// [ Author ]	박혜진												
// [ Version ]	0.0.0.1												
// [ Text ]													
// [ Desc ]	맵에 출현하는 몬스터 별로 드롭하는 아이템 리스트를 작성하는 스크립트												
//////////////////////////////////////////////////////////////////////////////////////													
//참여 횟수	6												
//사냥 수	300												
//참여 횟수*사냥 수	1800												
//몬스터 인덱스	몬스터 속성	아이템 타입	아이템 인덱스	최소레벨	최대레벨	개수	스킬	행운	추가옵션	엑설런트 	속성 아이템	확률 (1/1000000)	아이템 명
//악마의광장 1 (50 ~ 179)													
//싸이크롭스													
17	-1	1	2	0	0	0	0	2	0	1	0	9	//양날도끼
17	-1	1	3	0	0	0	0	2	0	1	0	9	//토마호크
17	-1	2	1	0	0	0	0	2	0	1	0	9	//모닝스타
17	-1	2	2	0	0	0	0	2	0	1	0	9	//철퇴
17	-1	4	9	0	0	0	0	2	0	1	0	9	//황금석궁
17	-1	4	2	0	0	0	0	2	0	1	0	9	//요정활
17	-1	4	10	0	0	0	0	2	0	1	0	9	//아큐버스
17	-1	4	3	0	0	0	0	2	0	1	0	9	//전투활
17	-1	0	2	0	0	0	0	2	0	1	0	9	//레이피어
17	-1	0	4	0	0	0	0	2	0	1	0	9	//자객검
17	-1	0	3	0	0	0	0	2	0	1	0	9	//카타치
17	-1	0	6	0	0	0	0	2	0	1	0	9	//그라디우스
17	-1	0	7	0	0	0	0	2	0	1	0	9	//펄션
17	-1	3	5	0	0	0	0	2	0	1	0	9	//양날도끼창
17	-1	3	6	0	0	0	0	2	0	1	0	9	//도끼창
17	-1	3	2	0	0	0	0	2	0	1	0	9	//드래건랜스
17	-1	3	13	0	0	0	0	2	0	1	0	9	//라피드랜스
17	-1	5	2	0	0	0	0	2	0	1	0	9	//독사지팡이
17	-1	5	14	0	0	0	0	2	0	1	0	9	//미스터리스틱
17	-1	5	15	0	0	0	0	2	0	1	0	9	//바이올렌윈드스틱
17	-1	2	8	0	0	0	0	2	0	1	0	9	//배틀셉터
17	-1	6	1	0	0	0	0	2	0	1	0	9	//뿔방패
17	-1	6	2	0	0	0	0	2	0	1	0	9	//카이트방패
17	-1	6	29	0	0	0	0	2	0	1	0	9	//라피드실드
17	-1	6	6	0	0	0	0	2	0	1	0	9	//해골방패
17	-1	6	10	0	0	0	0	2	0	1	0	9	//큰원형방패
17	-1	6	3	0	0	0	0	2	0	1	0	9	//요정방패
17	-1	7	6	0	0	0	0	2	0	1	0	9	//비늘헬멧
17	-1	8	6	0	0	0	0	2	0	1	0	9	//비늘갑옷
17	-1	10	6	0	0	0	0	2	0	1	0	9	//비늘장갑
17	-1	9	6	0	0	0	0	2	0	1	0	9	//비늘바지
17	-1	11	6	0	0	0	0	2	0	1	0	9	//비늘부츠
17	-1	7	7	0	0	0	0	2	0	1	0	9	//스핑크스마스크
17	-1	8	7	0	0	0	0	2	0	1	0	9	//스핑크스갑옷
17	-1	10	7	0	0	0	0	2	0	1	0	9	//스핑크스장갑
17	-1	9	7	0	0	0	0	2	0	1	0	9	//스핑크스바지
17	-1	11	7	0	0	0	0	2	0	1	0	9	//스핑크스부츠
17	-1	7	39	0	0	0	0	2	0	1	0	9	//바이올렌윈드헬멧
17	-1	8	39	0	0	0	0	2	0	1	0	9	//바이올렌윈드갑옷
17	-1	10	39	0	0	0	0	2	0	1	0	9	//바이올렌윈드장갑
17	-1	9	39	0	0	0	0	2	0	1	0	9	//바이올렌윈드바지
17	-1	11	39	0	0	0	0	2	0	1	0	9	//바이올렌윈드부츠
17	-1	7	12	0	0	0	0	2	0	1	0	9	//바람의헬멧
17	-1	8	12	0	0	0	0	2	0	1	0	9	//바람의갑옷
17	-1	10	12	0	0	0	0	2	0	1	0	9	//바람의장갑
17	-1	9	12	0	0	0	0	2	0	1	0	9	//바람의바지
17	-1	11	12	0	0	0	0	2	0	1	0	9	//바람의부츠
17	-1	7	91	0	0	0	0	2	0	1	0	9	//로우버스트헬멧
17	-1	8	91	0	0	0	0	2	0	1	0	9	//로우버스트갑옷
17	-1	10	91	0	0	0	0	2	0	1	0	9	//로우버스트장갑
17	-1	9	91	0	0	0	0	2	0	1	0	9	//로우버스트바지
17	-1	11	91	0	0	0	0	2	0	1	0	9	//로우버스트부츠
//해골궁수													
15	-1	1	2	0	0	0	0	2	0	1	0	19	//양날도끼
15	-1	1	3	0	0	0	0	2	0	1	0	19	//토마호크
15	-1	2	1	0	0	0	0	2	0	1	0	19	//모닝스타
15	-1	2	2	0	0	0	0	2	0	1	0	19	//철퇴
15	-1	4	9	0	0	0	0	2	0	1	0	19	//황금석궁
15	-1	4	2	0	0	0	0	2	0	1	0	19	//요정활
15	-1	4	10	0	0	0	0	2	0	1	0	19	//아큐버스
15	-1	4	3	0	0	0	0	2	0	1	0	19	//전투활
15	-1	0	2	0	0	0	0	2	0	1	0	19	//레이피어
15	-1	0	4	0	0	0	0	2	0	1	0	19	//자객검
15	-1	0	3	0	0	0	0	2	0	1	0	19	//카타치
15	-1	0	6	0	0	0	0	2	0	1	0	19	//그라디우스
15	-1	0	7	0	0	0	0	2	0	1	0	19	//펄션
15	-1	3	5	0	0	0	0	2	0	1	0	19	//양날도끼창
15	-1	3	6	0	0	0	0	2	0	1	0	19	//도끼창
15	-1	3	2	0	0	0	0	2	0	1	0	19	//드래건랜스
15	-1	3	13	0	0	0	0	2	0	1	0	19	//라피드랜스
15	-1	5	2	0	0	0	0	2	0	1	0	19	//독사지팡이
15	-1	5	14	0	0	0	0	2	0	1	0	19	//미스터리스틱
15	-1	5	15	0	0	0	0	2	0	1	0	19	//바이올렌윈드스틱
15	-1	2	8	0	0	0	0	2	0	1	0	19	//배틀셉터
15	-1	6	1	0	0	0	0	2	0	1	0	19	//뿔방패
15	-1	6	2	0	0	0	0	2	0	1	0	19	//카이트방패
15	-1	6	29	0	0	0	0	2	0	1	0	19	//라피드실드
15	-1	6	6	0	0	0	0	2	0	1	0	19	//해골방패
15	-1	6	10	0	0	0	0	2	0	1	0	19	//큰원형방패
15	-1	6	3	0	0	0	0	2	0	1	0	19	//요정방패
15	-1	7	6	0	0	0	0	2	0	1	0	19	//비늘헬멧
15	-1	8	6	0	0	0	0	2	0	1	0	19	//비늘갑옷
15	-1	10	6	0	0	0	0	2	0	1	0	19	//비늘장갑
15	-1	9	6	0	0	0	0	2	0	1	0	19	//비늘바지
15	-1	11	6	0	0	0	0	2	0	1	0	19	//비늘부츠
15	-1	7	7	0	0	0	0	2	0	1	0	19	//스핑크스마스크
15	-1	8	7	0	0	0	0	2	0	1	0	19	//스핑크스갑옷
15	-1	10	7	0	0	0	0	2	0	1	0	19	//스핑크스장갑
15	-1	9	7	0	0	0	0	2	0	1	0	19	//스핑크스바지
15	-1	11	7	0	0	0	0	2	0	1	0	19	//스핑크스부츠
15	-1	7	39	0	0	0	0	2	0	1	0	19	//바이올렌윈드헬멧
15	-1	8	39	0	0	0	0	2	0	1	0	19	//바이올렌윈드갑옷
15	-1	10	39	0	0	0	0	2	0	1	0	19	//바이올렌윈드장갑
15	-1	9	39	0	0	0	0	2	0	1	0	19	//바이올렌윈드바지
15	-1	11	39	0	0	0	0	2	0	1	0	19	//바이올렌윈드부츠
15	-1	7	12	0	0	0	0	2	0	1	0	19	//바람의헬멧
15	-1	8	12	0	0	0	0	2	0	1	0	19	//바람의갑옷
15	-1	10	12	0	0	0	0	2	0	1	0	19	//바람의장갑
15	-1	9	12	0	0	0	0	2	0	1	0	19	//바람의바지
15	-1	11	12	0	0	0	0	2	0	1	0	19	//바람의부츠
15	-1	7	91	0	0	0	0	2	0	1	0	19	//로우버스트헬멧
15	-1	8	91	0	0	0	0	2	0	1	0	19	//로우버스트갑옷
15	-1	10	91	0	0	0	0	2	0	1	0	19	//로우버스트장갑
15	-1	9	91	0	0	0	0	2	0	1	0	19	//로우버스트바지
15	-1	11	91	0	0	0	0	2	0	1	0	19	//로우버스트부츠
//헬하운드													
5	-1	1	2	0	0	0	0	2	0	1	0	19	//양날도끼
5	-1	1	3	0	0	0	0	2	0	1	0	19	//토마호크
5	-1	2	1	0	0	0	0	2	0	1	0	19	//모닝스타
5	-1	2	2	0	0	0	0	2	0	1	0	19	//철퇴
5	-1	4	9	0	0	0	0	2	0	1	0	19	//황금석궁
5	-1	4	2	0	0	0	0	2	0	1	0	19	//요정활
5	-1	4	10	0	0	0	0	2	0	1	0	19	//아큐버스
5	-1	4	3	0	0	0	0	2	0	1	0	19	//전투활
5	-1	0	2	0	0	0	0	2	0	1	0	19	//레이피어
5	-1	0	4	0	0	0	0	2	0	1	0	19	//자객검
5	-1	0	3	0	0	0	0	2	0	1	0	19	//카타치
5	-1	0	6	0	0	0	0	2	0	1	0	19	//그라디우스
5	-1	0	7	0	0	0	0	2	0	1	0	19	//펄션
5	-1	3	5	0	0	0	0	2	0	1	0	19	//양날도끼창
5	-1	3	6	0	0	0	0	2	0	1	0	19	//도끼창
5	-1	3	2	0	0	0	0	2	0	1	0	19	//드래건랜스
5	-1	3	13	0	0	0	0	2	0	1	0	19	//라피드랜스
5	-1	5	2	0	0	0	0	2	0	1	0	19	//독사지팡이
5	-1	5	14	0	0	0	0	2	0	1	0	19	//미스터리스틱
5	-1	5	15	0	0	0	0	2	0	1	0	19	//바이올렌윈드스틱
5	-1	2	8	0	0	0	0	2	0	1	0	19	//배틀셉터
5	-1	6	1	0	0	0	0	2	0	1	0	19	//뿔방패
5	-1	6	2	0	0	0	0	2	0	1	0	19	//카이트방패
5	-1	6	29	0	0	0	0	2	0	1	0	19	//라피드실드
5	-1	6	6	0	0	0	0	2	0	1	0	19	//해골방패
5	-1	6	10	0	0	0	0	2	0	1	0	19	//큰원형방패
5	-1	6	3	0	0	0	0	2	0	1	0	19	//요정방패
5	-1	7	6	0	0	0	0	2	0	1	0	19	//비늘헬멧
5	-1	8	6	0	0	0	0	2	0	1	0	19	//비늘갑옷
5	-1	10	6	0	0	0	0	2	0	1	0	19	//비늘장갑
5	-1	9	6	0	0	0	0	2	0	1	0	19	//비늘바지
5	-1	11	6	0	0	0	0	2	0	1	0	19	//비늘부츠
5	-1	7	7	0	0	0	0	2	0	1	0	19	//스핑크스마스크
5	-1	8	7	0	0	0	0	2	0	1	0	19	//스핑크스갑옷
5	-1	10	7	0	0	0	0	2	0	1	0	19	//스핑크스장갑
5	-1	9	7	0	0	0	0	2	0	1	0	19	//스핑크스바지
5	-1	11	7	0	0	0	0	2	0	1	0	19	//스핑크스부츠
5	-1	7	39	0	0	0	0	2	0	1	0	19	//바이올렌윈드헬멧
5	-1	8	39	0	0	0	0	2	0	1	0	19	//바이올렌윈드갑옷
5	-1	10	39	0	0	0	0	2	0	1	0	19	//바이올렌윈드장갑
5	-1	9	39	0	0	0	0	2	0	1	0	19	//바이올렌윈드바지
5	-1	11	39	0	0	0	0	2	0	1	0	19	//바이올렌윈드부츠
5	-1	7	12	0	0	0	0	2	0	1	0	19	//바람의헬멧
5	-1	8	12	0	0	0	0	2	0	1	0	19	//바람의갑옷
5	-1	10	12	0	0	0	0	2	0	1	0	19	//바람의장갑
5	-1	9	12	0	0	0	0	2	0	1	0	19	//바람의바지
5	-1	11	12	0	0	0	0	2	0	1	0	19	//바람의부츠
5	-1	7	91	0	0	0	0	2	0	1	0	19	//로우버스트헬멧
5	-1	8	91	0	0	0	0	2	0	1	0	19	//로우버스트갑옷
5	-1	10	91	0	0	0	0	2	0	1	0	19	//로우버스트장갑
5	-1	9	91	0	0	0	0	2	0	1	0	19	//로우버스트바지
5	-1	11	91	0	0	0	0	2	0	1	0	19	//로우버스트부츠
//헬스파이더													
13	-1	1	2	0	0	0	0	2	0	1	0	28	//양날도끼
13	-1	1	3	0	0	0	0	2	0	1	0	28	//토마호크
13	-1	2	1	0	0	0	0	2	0	1	0	28	//모닝스타
13	-1	2	2	0	0	0	0	2	0	1	0	28	//철퇴
13	-1	4	9	0	0	0	0	2	0	1	0	28	//황금석궁
13	-1	4	2	0	0	0	0	2	0	1	0	28	//요정활
13	-1	4	10	0	0	0	0	2	0	1	0	28	//아큐버스
13	-1	4	3	0	0	0	0	2	0	1	0	28	//전투활
13	-1	0	2	0	0	0	0	2	0	1	0	28	//레이피어
13	-1	0	4	0	0	0	0	2	0	1	0	28	//자객검
13	-1	0	3	0	0	0	0	2	0	1	0	28	//카타치
13	-1	0	6	0	0	0	0	2	0	1	0	28	//그라디우스
13	-1	0	7	0	0	0	0	2	0	1	0	28	//펄션
13	-1	3	5	0	0	0	0	2	0	1	0	28	//양날도끼창
13	-1	3	6	0	0	0	0	2	0	1	0	28	//도끼창
13	-1	3	2	0	0	0	0	2	0	1	0	28	//드래건랜스
13	-1	3	13	0	0	0	0	2	0	1	0	28	//라피드랜스
13	-1	5	2	0	0	0	0	2	0	1	0	28	//독사지팡이
13	-1	5	14	0	0	0	0	2	0	1	0	28	//미스터리스틱
13	-1	5	15	0	0	0	0	2	0	1	0	28	//바이올렌윈드스틱
13	-1	2	8	0	0	0	0	2	0	1	0	28	//배틀셉터
13	-1	6	1	0	0	0	0	2	0	1	0	28	//뿔방패
13	-1	6	2	0	0	0	0	2	0	1	0	28	//카이트방패
13	-1	6	29	0	0	0	0	2	0	1	0	28	//라피드실드
13	-1	6	6	0	0	0	0	2	0	1	0	28	//해골방패
13	-1	6	10	0	0	0	0	2	0	1	0	28	//큰원형방패
13	-1	6	3	0	0	0	0	2	0	1	0	28	//요정방패
13	-1	7	6	0	0	0	0	2	0	1	0	28	//비늘헬멧
13	-1	8	6	0	0	0	0	2	0	1	0	28	//비늘갑옷
13	-1	10	6	0	0	0	0	2	0	1	0	28	//비늘장갑
13	-1	9	6	0	0	0	0	2	0	1	0	28	//비늘바지
13	-1	11	6	0	0	0	0	2	0	1	0	28	//비늘부츠
13	-1	7	7	0	0	0	0	2	0	1	0	28	//스핑크스마스크
13	-1	8	7	0	0	0	0	2	0	1	0	28	//스핑크스갑옷
13	-1	10	7	0	0	0	0	2	0	1	0	28	//스핑크스장갑
13	-1	9	7	0	0	0	0	2	0	1	0	28	//스핑크스바지
13	-1	11	7	0	0	0	0	2	0	1	0	28	//스핑크스부츠
13	-1	7	39	0	0	0	0	2	0	1	0	28	//바이올렌윈드헬멧
13	-1	8	39	0	0	0	0	2	0	1	0	28	//바이올렌윈드갑옷
13	-1	10	39	0	0	0	0	2	0	1	0	28	//바이올렌윈드장갑
13	-1	9	39	0	0	0	0	2	0	1	0	28	//바이올렌윈드바지
13	-1	11	39	0	0	0	0	2	0	1	0	28	//바이올렌윈드부츠
13	-1	7	12	0	0	0	0	2	0	1	0	28	//바람의헬멧
13	-1	8	12	0	0	0	0	2	0	1	0	28	//바람의갑옷
13	-1	10	12	0	0	0	0	2	0	1	0	28	//바람의장갑
13	-1	9	12	0	0	0	0	2	0	1	0	28	//바람의바지
13	-1	11	12	0	0	0	0	2	0	1	0	28	//바람의부츠
13	-1	7	91	0	0	0	0	2	0	1	0	28	//로우버스트헬멧
13	-1	8	91	0	0	0	0	2	0	1	0	28	//로우버스트갑옷
13	-1	10	91	0	0	0	0	2	0	1	0	28	//로우버스트장갑
13	-1	9	91	0	0	0	0	2	0	1	0	28	//로우버스트바지
13	-1	11	91	0	0	0	0	2	0	1	0	28	//로우버스트부츠
//포이즌소뿔전사													
8	-1	1	2	0	0	0	0	2	0	1	0	38	//양날도끼
8	-1	1	3	0	0	0	0	2	0	1	0	38	//토마호크
8	-1	2	1	0	0	0	0	2	0	1	0	38	//모닝스타
8	-1	2	2	0	0	0	0	2	0	1	0	38	//철퇴
8	-1	4	9	0	0	0	0	2	0	1	0	38	//황금석궁
8	-1	4	2	0	0	0	0	2	0	1	0	38	//요정활
8	-1	4	10	0	0	0	0	2	0	1	0	38	//아큐버스
8	-1	4	3	0	0	0	0	2	0	1	0	38	//전투활
8	-1	0	2	0	0	0	0	2	0	1	0	38	//레이피어
8	-1	0	4	0	0	0	0	2	0	1	0	38	//자객검
8	-1	0	3	0	0	0	0	2	0	1	0	38	//카타치
8	-1	0	6	0	0	0	0	2	0	1	0	38	//그라디우스
8	-1	0	7	0	0	0	0	2	0	1	0	38	//펄션
8	-1	3	5	0	0	0	0	2	0	1	0	38	//양날도끼창
8	-1	3	6	0	0	0	0	2	0	1	0	38	//도끼창
8	-1	3	2	0	0	0	0	2	0	1	0	38	//드래건랜스
8	-1	3	13	0	0	0	0	2	0	1	0	38	//라피드랜스
8	-1	5	2	0	0	0	0	2	0	1	0	38	//독사지팡이
8	-1	5	14	0	0	0	0	2	0	1	0	38	//미스터리스틱
8	-1	5	15	0	0	0	0	2	0	1	0	38	//바이올렌윈드스틱
8	-1	2	8	0	0	0	0	2	0	1	0	38	//배틀셉터
8	-1	6	1	0	0	0	0	2	0	1	0	38	//뿔방패
8	-1	6	2	0	0	0	0	2	0	1	0	38	//카이트방패
8	-1	6	29	0	0	0	0	2	0	1	0	38	//라피드실드
8	-1	6	6	0	0	0	0	2	0	1	0	38	//해골방패
8	-1	6	10	0	0	0	0	2	0	1	0	38	//큰원형방패
8	-1	6	3	0	0	0	0	2	0	1	0	38	//요정방패
8	-1	7	6	0	0	0	0	2	0	1	0	38	//비늘헬멧
8	-1	8	6	0	0	0	0	2	0	1	0	38	//비늘갑옷
8	-1	10	6	0	0	0	0	2	0	1	0	38	//비늘장갑
8	-1	9	6	0	0	0	0	2	0	1	0	38	//비늘바지
8	-1	11	6	0	0	0	0	2	0	1	0	38	//비늘부츠
8	-1	7	7	0	0	0	0	2	0	1	0	38	//스핑크스마스크
8	-1	8	7	0	0	0	0	2	0	1	0	38	//스핑크스갑옷
8	-1	10	7	0	0	0	0	2	0	1	0	38	//스핑크스장갑
8	-1	9	7	0	0	0	0	2	0	1	0	38	//스핑크스바지
8	-1	11	7	0	0	0	0	2	0	1	0	38	//스핑크스부츠
8	-1	7	39	0	0	0	0	2	0	1	0	38	//바이올렌윈드헬멧
8	-1	8	39	0	0	0	0	2	0	1	0	38	//바이올렌윈드갑옷
8	-1	10	39	0	0	0	0	2	0	1	0	38	//바이올렌윈드장갑
8	-1	9	39	0	0	0	0	2	0	1	0	38	//바이올렌윈드바지
8	-1	11	39	0	0	0	0	2	0	1	0	38	//바이올렌윈드부츠
8	-1	7	12	0	0	0	0	2	0	1	0	38	//바람의헬멧
8	-1	8	12	0	0	0	0	2	0	1	0	38	//바람의갑옷
8	-1	10	12	0	0	0	0	2	0	1	0	38	//바람의장갑
8	-1	9	12	0	0	0	0	2	0	1	0	38	//바람의바지
8	-1	11	12	0	0	0	0	2	0	1	0	38	//바람의부츠
8	-1	7	91	0	0	0	0	2	0	1	0	38	//로우버스트헬멧
8	-1	8	91	0	0	0	0	2	0	1	0	38	//로우버스트갑옷
8	-1	10	91	0	0	0	0	2	0	1	0	38	//로우버스트장갑
8	-1	9	91	0	0	0	0	2	0	1	0	38	//로우버스트바지
8	-1	11	91	0	0	0	0	2	0	1	0	38	//로우버스트부츠
//쉐도우													
36	-1	1	2	0	0	0	0	2	0	1	0	38	//양날도끼
36	-1	1	3	0	0	0	0	2	0	1	0	38	//토마호크
36	-1	2	1	0	0	0	0	2	0	1	0	38	//모닝스타
36	-1	2	2	0	0	0	0	2	0	1	0	38	//철퇴
36	-1	4	9	0	0	0	0	2	0	1	0	38	//황금석궁
36	-1	4	2	0	0	0	0	2	0	1	0	38	//요정활
36	-1	4	10	0	0	0	0	2	0	1	0	38	//아큐버스
36	-1	4	3	0	0	0	0	2	0	1	0	38	//전투활
36	-1	0	2	0	0	0	0	2	0	1	0	38	//레이피어
36	-1	0	4	0	0	0	0	2	0	1	0	38	//자객검
36	-1	0	3	0	0	0	0	2	0	1	0	38	//카타치
36	-1	0	6	0	0	0	0	2	0	1	0	38	//그라디우스
36	-1	0	7	0	0	0	0	2	0	1	0	38	//펄션
36	-1	3	5	0	0	0	0	2	0	1	0	38	//양날도끼창
36	-1	3	6	0	0	0	0	2	0	1	0	38	//도끼창
36	-1	3	2	0	0	0	0	2	0	1	0	38	//드래건랜스
36	-1	3	13	0	0	0	0	2	0	1	0	38	//라피드랜스
36	-1	5	2	0	0	0	0	2	0	1	0	38	//독사지팡이
36	-1	5	14	0	0	0	0	2	0	1	0	38	//미스터리스틱
36	-1	5	15	0	0	0	0	2	0	1	0	38	//바이올렌윈드스틱
36	-1	2	8	0	0	0	0	2	0	1	0	38	//배틀셉터
36	-1	6	1	0	0	0	0	2	0	1	0	38	//뿔방패
36	-1	6	2	0	0	0	0	2	0	1	0	38	//카이트방패
36	-1	6	29	0	0	0	0	2	0	1	0	38	//라피드실드
36	-1	6	6	0	0	0	0	2	0	1	0	38	//해골방패
36	-1	6	10	0	0	0	0	2	0	1	0	38	//큰원형방패
36	-1	6	3	0	0	0	0	2	0	1	0	38	//요정방패
36	-1	7	6	0	0	0	0	2	0	1	0	38	//비늘헬멧
36	-1	8	6	0	0	0	0	2	0	1	0	38	//비늘갑옷
36	-1	10	6	0	0	0	0	2	0	1	0	38	//비늘장갑
36	-1	9	6	0	0	0	0	2	0	1	0	38	//비늘바지
36	-1	11	6	0	0	0	0	2	0	1	0	38	//비늘부츠
36	-1	7	7	0	0	0	0	2	0	1	0	38	//스핑크스마스크
36	-1	8	7	0	0	0	0	2	0	1	0	38	//스핑크스갑옷
36	-1	10	7	0	0	0	0	2	0	1	0	38	//스핑크스장갑
36	-1	9	7	0	0	0	0	2	0	1	0	38	//스핑크스바지
36	-1	11	7	0	0	0	0	2	0	1	0	38	//스핑크스부츠
36	-1	7	39	0	0	0	0	2	0	1	0	38	//바이올렌윈드헬멧
36	-1	8	39	0	0	0	0	2	0	1	0	38	//바이올렌윈드갑옷
36	-1	10	39	0	0	0	0	2	0	1	0	38	//바이올렌윈드장갑
36	-1	9	39	0	0	0	0	2	0	1	0	38	//바이올렌윈드바지
36	-1	11	39	0	0	0	0	2	0	1	0	38	//바이올렌윈드부츠
36	-1	7	12	0	0	0	0	2	0	1	0	38	//바람의헬멧
36	-1	8	12	0	0	0	0	2	0	1	0	38	//바람의갑옷
36	-1	10	12	0	0	0	0	2	0	1	0	38	//바람의장갑
36	-1	9	12	0	0	0	0	2	0	1	0	38	//바람의바지
36	-1	11	12	0	0	0	0	2	0	1	0	38	//바람의부츠
36	-1	7	91	0	0	0	0	2	0	1	0	38	//로우버스트헬멧
36	-1	8	91	0	0	0	0	2	0	1	0	38	//로우버스트갑옷
36	-1	10	91	0	0	0	0	2	0	1	0	38	//로우버스트장갑
36	-1	9	91	0	0	0	0	2	0	1	0	38	//로우버스트바지
36	-1	11	91	0	0	0	0	2	0	1	0	38	//로우버스트부츠
//악마의광장 2 (180 ~ 269) 													
//데쓰카우													
41	-1	1	4	0	0	0	0	2	0	1	0	10	//요정도끼
41	-1	1	5	0	0	0	0	2	0	1	0	10	//전투도끼
41	-1	4	11	0	0	0	0	2	0	1	0	10	//빛의석궁
41	-1	0	8	0	0	0	0	2	0	1	0	10	//서펜트볼그
41	-1	0	9	0	0	0	0	2	0	1	0	10	//셀러멘더검
41	-1	0	5	0	0	0	0	2	0	1	0	10	//블레이드
41	-1	0	10	0	0	0	0	2	0	1	0	10	//빛의검
41	-1	3	1	0	0	0	0	2	0	1	0	10	//창
41	-1	3	3	0	0	0	0	2	0	1	0	10	//큰삼지창
41	-1	3	13	0	0	0	0	2	0	1	0	10	//라피드랜스
41	-1	5	3	0	0	0	0	2	0	1	0	10	//번개지팡이
41	-1	5	16	0	0	0	0	2	0	1	0	10	//레드윙스틱
41	-1	2	8	0	0	0	0	2	0	1	0	10	//배틀셉터
41	-1	6	9	0	0	0	0	2	0	1	0	10	//철판방패
41	-1	6	7	0	0	0	0	2	0	1	0	10	//스파이크방패
41	-1	7	8	0	0	0	0	2	0	1	0	10	//황동헬멧
41	-1	8	8	0	0	0	0	2	0	1	0	10	//황동갑옷
41	-1	10	8	0	0	0	0	2	0	1	0	10	//황동장갑
41	-1	9	8	0	0	0	0	2	0	1	0	10	//황동바지
41	-1	11	8	0	0	0	0	2	0	1	0	10	//황동부츠
41	-1	7	9	0	0	0	0	2	0	1	0	10	//철판헬멧
41	-1	8	9	0	0	0	0	2	0	1	0	10	//철판갑옷
41	-1	10	9	0	0	0	0	2	0	1	0	10	//철판장갑
41	-1	9	9	0	0	0	0	2	0	1	0	10	//철판바지
41	-1	11	9	0	0	0	0	2	0	1	0	10	//철판부츠
41	-1	7	25	0	0	0	0	2	0	1	0	10	//라운드마스크
41	-1	8	25	0	0	0	0	2	0	1	0	10	//라운드갑옷
41	-1	10	25	0	0	0	0	2	0	1	0	10	//라운드장갑
41	-1	9	25	0	0	0	0	2	0	1	0	10	//라운드바지
41	-1	11	25	0	0	0	0	2	0	1	0	10	//라운드부츠
41	-1	7	40	0	0	0	0	2	0	1	0	10	//레드윙헬멧
41	-1	8	40	0	0	0	0	2	0	1	0	10	//레드윙갑옷
41	-1	10	40	0	0	0	0	2	0	1	0	10	//레드윙장갑
41	-1	9	40	0	0	0	0	2	0	1	0	10	//레드윙바지
41	-1	11	40	0	0	0	0	2	0	1	0	10	//레드윙부츠
41	-1	7	13	0	0	0	0	2	0	1	0	10	//정령헬멧
41	-1	8	13	0	0	0	0	2	0	1	0	10	//정령갑옷
41	-1	10	13	0	0	0	0	2	0	1	0	10	//정령장갑
41	-1	9	13	0	0	0	0	2	0	1	0	10	//정령바지
41	-1	11	13	0	0	0	0	2	0	1	0	10	//정령부츠
41	-1	7	7	0	0	0	0	2	0	1	0	10	//스핑크스마스크
41	-1	8	7	0	0	0	0	2	0	1	0	10	//스핑크스갑옷
41	-1	10	7	0	0	0	0	2	0	1	0	10	//스핑크스장갑
41	-1	9	7	0	0	0	0	2	0	1	0	10	//스핑크스바지
41	-1	11	7	0	0	0	0	2	0	1	0	10	//스핑크스부츠
41	-1	7	91	0	0	0	0	2	0	1	0	10	//로우버스트헬멧
41	-1	8	91	0	0	0	0	2	0	1	0	10	//로우버스트갑옷
41	-1	10	91	0	0	0	0	2	0	1	0	10	//로우버스트장갑
41	-1	9	91	0	0	0	0	2	0	1	0	10	//로우버스트바지
41	-1	11	91	0	0	0	0	2	0	1	0	10	//로우버스트부츠
//데빌													
37	-1	1	4	0	0	0	0	2	0	1	0	20	//요정도끼
37	-1	1	5	0	0	0	0	2	0	1	0	20	//전투도끼
37	-1	4	11	0	0	0	0	2	0	1	0	20	//빛의석궁
37	-1	0	8	0	0	0	0	2	0	1	0	20	//서펜트볼그
37	-1	0	9	0	0	0	0	2	0	1	0	20	//셀러멘더검
37	-1	0	5	0	0	0	0	2	0	1	0	20	//블레이드
37	-1	0	10	0	0	0	0	2	0	1	0	20	//빛의검
37	-1	3	1	0	0	0	0	2	0	1	0	20	//창
37	-1	3	3	0	0	0	0	2	0	1	0	20	//큰삼지창
37	-1	3	13	0	0	0	0	2	0	1	0	20	//라피드랜스
37	-1	5	3	0	0	0	0	2	0	1	0	20	//번개지팡이
37	-1	5	16	0	0	0	0	2	0	1	0	20	//레드윙스틱
37	-1	2	8	0	0	0	0	2	0	1	0	20	//배틀셉터
37	-1	6	9	0	0	0	0	2	0	1	0	20	//철판방패
37	-1	6	7	0	0	0	0	2	0	1	0	20	//스파이크방패
37	-1	7	8	0	0	0	0	2	0	1	0	20	//황동헬멧
37	-1	8	8	0	0	0	0	2	0	1	0	20	//황동갑옷
37	-1	10	8	0	0	0	0	2	0	1	0	20	//황동장갑
37	-1	9	8	0	0	0	0	2	0	1	0	20	//황동바지
37	-1	11	8	0	0	0	0	2	0	1	0	20	//황동부츠
37	-1	7	9	0	0	0	0	2	0	1	0	20	//철판헬멧
37	-1	8	9	0	0	0	0	2	0	1	0	20	//철판갑옷
37	-1	10	9	0	0	0	0	2	0	1	0	20	//철판장갑
37	-1	9	9	0	0	0	0	2	0	1	0	20	//철판바지
37	-1	11	9	0	0	0	0	2	0	1	0	20	//철판부츠
37	-1	7	25	0	0	0	0	2	0	1	0	20	//라운드마스크
37	-1	8	25	0	0	0	0	2	0	1	0	20	//라운드갑옷
37	-1	10	25	0	0	0	0	2	0	1	0	20	//라운드장갑
37	-1	9	25	0	0	0	0	2	0	1	0	20	//라운드바지
37	-1	11	25	0	0	0	0	2	0	1	0	20	//라운드부츠
37	-1	7	40	0	0	0	0	2	0	1	0	20	//레드윙헬멧
37	-1	8	40	0	0	0	0	2	0	1	0	20	//레드윙갑옷
37	-1	10	40	0	0	0	0	2	0	1	0	20	//레드윙장갑
37	-1	9	40	0	0	0	0	2	0	1	0	20	//레드윙바지
37	-1	11	40	0	0	0	0	2	0	1	0	20	//레드윙부츠
37	-1	7	13	0	0	0	0	2	0	1	0	20	//정령헬멧
37	-1	8	13	0	0	0	0	2	0	1	0	20	//정령갑옷
37	-1	10	13	0	0	0	0	2	0	1	0	20	//정령장갑
37	-1	9	13	0	0	0	0	2	0	1	0	20	//정령바지
37	-1	11	13	0	0	0	0	2	0	1	0	20	//정령부츠
37	-1	7	7	0	0	0	0	2	0	1	0	20	//스핑크스마스크
37	-1	8	7	0	0	0	0	2	0	1	0	20	//스핑크스갑옷
37	-1	10	7	0	0	0	0	2	0	1	0	20	//스핑크스장갑
37	-1	9	7	0	0	0	0	2	0	1	0	20	//스핑크스바지
37	-1	11	7	0	0	0	0	2	0	1	0	20	//스핑크스부츠
37	-1	7	91	0	0	0	0	2	0	1	0	20	//로우버스트헬멧
37	-1	8	91	0	0	0	0	2	0	1	0	20	//로우버스트갑옷
37	-1	10	91	0	0	0	0	2	0	1	0	20	//로우버스트장갑
37	-1	9	91	0	0	0	0	2	0	1	0	20	//로우버스트바지
37	-1	11	91	0	0	0	0	2	0	1	0	20	//로우버스트부츠
//데스고르곤													
35	-1	1	4	0	0	0	0	2	0	1	0	20	//요정도끼
35	-1	1	5	0	0	0	0	2	0	1	0	20	//전투도끼
35	-1	4	11	0	0	0	0	2	0	1	0	20	//빛의석궁
35	-1	0	8	0	0	0	0	2	0	1	0	20	//서펜트볼그
35	-1	0	9	0	0	0	0	2	0	1	0	20	//셀러멘더검
35	-1	0	5	0	0	0	0	2	0	1	0	20	//블레이드
35	-1	0	10	0	0	0	0	2	0	1	0	20	//빛의검
35	-1	3	1	0	0	0	0	2	0	1	0	20	//창
35	-1	3	3	0	0	0	0	2	0	1	0	20	//큰삼지창
35	-1	3	13	0	0	0	0	2	0	1	0	20	//라피드랜스
35	-1	5	3	0	0	0	0	2	0	1	0	20	//번개지팡이
35	-1	5	16	0	0	0	0	2	0	1	0	20	//레드윙스틱
35	-1	2	8	0	0	0	0	2	0	1	0	20	//배틀셉터
35	-1	6	9	0	0	0	0	2	0	1	0	20	//철판방패
35	-1	6	7	0	0	0	0	2	0	1	0	20	//스파이크방패
35	-1	7	8	0	0	0	0	2	0	1	0	20	//황동헬멧
35	-1	8	8	0	0	0	0	2	0	1	0	20	//황동갑옷
35	-1	10	8	0	0	0	0	2	0	1	0	20	//황동장갑
35	-1	9	8	0	0	0	0	2	0	1	0	20	//황동바지
35	-1	11	8	0	0	0	0	2	0	1	0	20	//황동부츠
35	-1	7	9	0	0	0	0	2	0	1	0	20	//철판헬멧
35	-1	8	9	0	0	0	0	2	0	1	0	20	//철판갑옷
35	-1	10	9	0	0	0	0	2	0	1	0	20	//철판장갑
35	-1	9	9	0	0	0	0	2	0	1	0	20	//철판바지
35	-1	11	9	0	0	0	0	2	0	1	0	20	//철판부츠
35	-1	7	25	0	0	0	0	2	0	1	0	20	//라운드마스크
35	-1	8	25	0	0	0	0	2	0	1	0	20	//라운드갑옷
35	-1	10	25	0	0	0	0	2	0	1	0	20	//라운드장갑
35	-1	9	25	0	0	0	0	2	0	1	0	20	//라운드바지
35	-1	11	25	0	0	0	0	2	0	1	0	20	//라운드부츠
35	-1	7	40	0	0	0	0	2	0	1	0	20	//레드윙헬멧
35	-1	8	40	0	0	0	0	2	0	1	0	20	//레드윙갑옷
35	-1	10	40	0	0	0	0	2	0	1	0	20	//레드윙장갑
35	-1	9	40	0	0	0	0	2	0	1	0	20	//레드윙바지
35	-1	11	40	0	0	0	0	2	0	1	0	20	//레드윙부츠
35	-1	7	13	0	0	0	0	2	0	1	0	20	//정령헬멧
35	-1	8	13	0	0	0	0	2	0	1	0	20	//정령갑옷
35	-1	10	13	0	0	0	0	2	0	1	0	20	//정령장갑
35	-1	9	13	0	0	0	0	2	0	1	0	20	//정령바지
35	-1	11	13	0	0	0	0	2	0	1	0	20	//정령부츠
35	-1	7	7	0	0	0	0	2	0	1	0	20	//스핑크스마스크
35	-1	8	7	0	0	0	0	2	0	1	0	20	//스핑크스갑옷
35	-1	10	7	0	0	0	0	2	0	1	0	20	//스핑크스장갑
35	-1	9	7	0	0	0	0	2	0	1	0	20	//스핑크스바지
35	-1	11	7	0	0	0	0	2	0	1	0	20	//스핑크스부츠
35	-1	7	91	0	0	0	0	2	0	1	0	20	//로우버스트헬멧
35	-1	8	91	0	0	0	0	2	0	1	0	20	//로우버스트갑옷
35	-1	10	91	0	0	0	0	2	0	1	0	20	//로우버스트장갑
35	-1	9	91	0	0	0	0	2	0	1	0	20	//로우버스트바지
35	-1	11	91	0	0	0	0	2	0	1	0	20	//로우버스트부츠
//슈리커													
180	-1	1	4	0	0	0	0	2	0	1	0	30	//요정도끼
180	-1	1	5	0	0	0	0	2	0	1	0	30	//전투도끼
180	-1	4	11	0	0	0	0	2	0	1	0	30	//빛의석궁
180	-1	0	8	0	0	0	0	2	0	1	0	30	//서펜트볼그
180	-1	0	9	0	0	0	0	2	0	1	0	30	//셀러멘더검
180	-1	0	5	0	0	0	0	2	0	1	0	30	//블레이드
180	-1	0	10	0	0	0	0	2	0	1	0	30	//빛의검
180	-1	3	1	0	0	0	0	2	0	1	0	30	//창
180	-1	3	3	0	0	0	0	2	0	1	0	30	//큰삼지창
180	-1	3	13	0	0	0	0	2	0	1	0	30	//라피드랜스
180	-1	5	3	0	0	0	0	2	0	1	0	30	//번개지팡이
180	-1	5	16	0	0	0	0	2	0	1	0	30	//레드윙스틱
180	-1	2	8	0	0	0	0	2	0	1	0	30	//배틀셉터
180	-1	6	9	0	0	0	0	2	0	1	0	30	//철판방패
180	-1	6	7	0	0	0	0	2	0	1	0	30	//스파이크방패
180	-1	7	8	0	0	0	0	2	0	1	0	30	//황동헬멧
180	-1	8	8	0	0	0	0	2	0	1	0	30	//황동갑옷
180	-1	10	8	0	0	0	0	2	0	1	0	30	//황동장갑
180	-1	9	8	0	0	0	0	2	0	1	0	30	//황동바지
180	-1	11	8	0	0	0	0	2	0	1	0	30	//황동부츠
180	-1	7	9	0	0	0	0	2	0	1	0	30	//철판헬멧
180	-1	8	9	0	0	0	0	2	0	1	0	30	//철판갑옷
180	-1	10	9	0	0	0	0	2	0	1	0	30	//철판장갑
180	-1	9	9	0	0	0	0	2	0	1	0	30	//철판바지
180	-1	11	9	0	0	0	0	2	0	1	0	30	//철판부츠
180	-1	7	25	0	0	0	0	2	0	1	0	30	//라운드마스크
180	-1	8	25	0	0	0	0	2	0	1	0	30	//라운드갑옷
180	-1	10	25	0	0	0	0	2	0	1	0	30	//라운드장갑
180	-1	9	25	0	0	0	0	2	0	1	0	30	//라운드바지
180	-1	11	25	0	0	0	0	2	0	1	0	30	//라운드부츠
180	-1	7	40	0	0	0	0	2	0	1	0	30	//레드윙헬멧
180	-1	8	40	0	0	0	0	2	0	1	0	30	//레드윙갑옷
180	-1	10	40	0	0	0	0	2	0	1	0	30	//레드윙장갑
180	-1	9	40	0	0	0	0	2	0	1	0	30	//레드윙바지
180	-1	11	40	0	0	0	0	2	0	1	0	30	//레드윙부츠
180	-1	7	13	0	0	0	0	2	0	1	0	30	//정령헬멧
180	-1	8	13	0	0	0	0	2	0	1	0	30	//정령갑옷
180	-1	10	13	0	0	0	0	2	0	1	0	30	//정령장갑
180	-1	9	13	0	0	0	0	2	0	1	0	30	//정령바지
180	-1	11	13	0	0	0	0	2	0	1	0	30	//정령부츠
180	-1	7	7	0	0	0	0	2	0	1	0	30	//스핑크스마스크
180	-1	8	7	0	0	0	0	2	0	1	0	30	//스핑크스갑옷
180	-1	10	7	0	0	0	0	2	0	1	0	30	//스핑크스장갑
180	-1	9	7	0	0	0	0	2	0	1	0	30	//스핑크스바지
180	-1	11	7	0	0	0	0	2	0	1	0	30	//스핑크스부츠
180	-1	7	91	0	0	0	0	2	0	1	0	30	//로우버스트헬멧
180	-1	8	91	0	0	0	0	2	0	1	0	30	//로우버스트갑옷
180	-1	10	91	0	0	0	0	2	0	1	0	30	//로우버스트장갑
180	-1	9	91	0	0	0	0	2	0	1	0	30	//로우버스트바지
180	-1	11	91	0	0	0	0	2	0	1	0	30	//로우버스트부츠
//오크궁수													
64	-1	1	4	0	0	0	0	2	0	1	0	40	//요정도끼
64	-1	1	5	0	0	0	0	2	0	1	0	40	//전투도끼
64	-1	4	11	0	0	0	0	2	0	1	0	40	//빛의석궁
64	-1	0	8	0	0	0	0	2	0	1	0	40	//서펜트볼그
64	-1	0	9	0	0	0	0	2	0	1	0	40	//셀러멘더검
64	-1	0	5	0	0	0	0	2	0	1	0	40	//블레이드
64	-1	0	10	0	0	0	0	2	0	1	0	40	//빛의검
64	-1	3	1	0	0	0	0	2	0	1	0	40	//창
64	-1	3	3	0	0	0	0	2	0	1	0	40	//큰삼지창
64	-1	3	13	0	0	0	0	2	0	1	0	40	//라피드랜스
64	-1	5	3	0	0	0	0	2	0	1	0	40	//번개지팡이
64	-1	5	16	0	0	0	0	2	0	1	0	40	//레드윙스틱
64	-1	2	8	0	0	0	0	2	0	1	0	40	//배틀셉터
64	-1	6	9	0	0	0	0	2	0	1	0	40	//철판방패
64	-1	6	7	0	0	0	0	2	0	1	0	40	//스파이크방패
64	-1	7	8	0	0	0	0	2	0	1	0	40	//황동헬멧
64	-1	8	8	0	0	0	0	2	0	1	0	40	//황동갑옷
64	-1	10	8	0	0	0	0	2	0	1	0	40	//황동장갑
64	-1	9	8	0	0	0	0	2	0	1	0	40	//황동바지
64	-1	11	8	0	0	0	0	2	0	1	0	40	//황동부츠
64	-1	7	9	0	0	0	0	2	0	1	0	40	//철판헬멧
64	-1	8	9	0	0	0	0	2	0	1	0	40	//철판갑옷
64	-1	10	9	0	0	0	0	2	0	1	0	40	//철판장갑
64	-1	9	9	0	0	0	0	2	0	1	0	40	//철판바지
64	-1	11	9	0	0	0	0	2	0	1	0	40	//철판부츠
64	-1	7	25	0	0	0	0	2	0	1	0	40	//라운드마스크
64	-1	8	25	0	0	0	0	2	0	1	0	40	//라운드갑옷
64	-1	10	25	0	0	0	0	2	0	1	0	40	//라운드장갑
64	-1	9	25	0	0	0	0	2	0	1	0	40	//라운드바지
64	-1	11	25	0	0	0	0	2	0	1	0	40	//라운드부츠
64	-1	7	40	0	0	0	0	2	0	1	0	40	//레드윙헬멧
64	-1	8	40	0	0	0	0	2	0	1	0	40	//레드윙갑옷
64	-1	10	40	0	0	0	0	2	0	1	0	40	//레드윙장갑
64	-1	9	40	0	0	0	0	2	0	1	0	40	//레드윙바지
64	-1	11	40	0	0	0	0	2	0	1	0	40	//레드윙부츠
64	-1	7	13	0	0	0	0	2	0	1	0	40	//정령헬멧
64	-1	8	13	0	0	0	0	2	0	1	0	40	//정령갑옷
64	-1	10	13	0	0	0	0	2	0	1	0	40	//정령장갑
64	-1	9	13	0	0	0	0	2	0	1	0	40	//정령바지
64	-1	11	13	0	0	0	0	2	0	1	0	40	//정령부츠
64	-1	7	7	0	0	0	0	2	0	1	0	40	//스핑크스마스크
64	-1	8	7	0	0	0	0	2	0	1	0	40	//스핑크스갑옷
64	-1	10	7	0	0	0	0	2	0	1	0	40	//스핑크스장갑
64	-1	9	7	0	0	0	0	2	0	1	0	40	//스핑크스바지
64	-1	11	7	0	0	0	0	2	0	1	0	40	//스핑크스부츠
64	-1	7	91	0	0	0	0	2	0	1	0	40	//로우버스트헬멧
64	-1	8	91	0	0	0	0	2	0	1	0	40	//로우버스트갑옷
64	-1	10	91	0	0	0	0	2	0	1	0	40	//로우버스트장갑
64	-1	9	91	0	0	0	0	2	0	1	0	40	//로우버스트바지
64	-1	11	91	0	0	0	0	2	0	1	0	40	//로우버스트부츠
//오크대장													
65	-1	1	4	0	0	0	0	2	0	1	0	40	//요정도끼
65	-1	1	5	0	0	0	0	2	0	1	0	40	//전투도끼
65	-1	4	11	0	0	0	0	2	0	1	0	40	//빛의석궁
65	-1	0	8	0	0	0	0	2	0	1	0	40	//서펜트볼그
65	-1	0	9	0	0	0	0	2	0	1	0	40	//셀러멘더검
65	-1	0	5	0	0	0	0	2	0	1	0	40	//블레이드
65	-1	0	10	0	0	0	0	2	0	1	0	40	//빛의검
65	-1	3	1	0	0	0	0	2	0	1	0	40	//창
65	-1	3	3	0	0	0	0	2	0	1	0	40	//큰삼지창
65	-1	3	13	0	0	0	0	2	0	1	0	40	//라피드랜스
65	-1	5	3	0	0	0	0	2	0	1	0	40	//번개지팡이
65	-1	5	16	0	0	0	0	2	0	1	0	40	//레드윙스틱
65	-1	2	8	0	0	0	0	2	0	1	0	40	//배틀셉터
65	-1	6	9	0	0	0	0	2	0	1	0	40	//철판방패
65	-1	6	7	0	0	0	0	2	0	1	0	40	//스파이크방패
65	-1	7	8	0	0	0	0	2	0	1	0	40	//황동헬멧
65	-1	8	8	0	0	0	0	2	0	1	0	40	//황동갑옷
65	-1	10	8	0	0	0	0	2	0	1	0	40	//황동장갑
65	-1	9	8	0	0	0	0	2	0	1	0	40	//황동바지
65	-1	11	8	0	0	0	0	2	0	1	0	40	//황동부츠
65	-1	7	9	0	0	0	0	2	0	1	0	40	//철판헬멧
65	-1	8	9	0	0	0	0	2	0	1	0	40	//철판갑옷
65	-1	10	9	0	0	0	0	2	0	1	0	40	//철판장갑
65	-1	9	9	0	0	0	0	2	0	1	0	40	//철판바지
65	-1	11	9	0	0	0	0	2	0	1	0	40	//철판부츠
65	-1	7	25	0	0	0	0	2	0	1	0	40	//라운드마스크
65	-1	8	25	0	0	0	0	2	0	1	0	40	//라운드갑옷
65	-1	10	25	0	0	0	0	2	0	1	0	40	//라운드장갑
65	-1	9	25	0	0	0	0	2	0	1	0	40	//라운드바지
65	-1	11	25	0	0	0	0	2	0	1	0	40	//라운드부츠
65	-1	7	40	0	0	0	0	2	0	1	0	40	//레드윙헬멧
65	-1	8	40	0	0	0	0	2	0	1	0	40	//레드윙갑옷
65	-1	10	40	0	0	0	0	2	0	1	0	40	//레드윙장갑
65	-1	9	40	0	0	0	0	2	0	1	0	40	//레드윙바지
65	-1	11	40	0	0	0	0	2	0	1	0	40	//레드윙부츠
65	-1	7	13	0	0	0	0	2	0	1	0	40	//정령헬멧
65	-1	8	13	0	0	0	0	2	0	1	0	40	//정령갑옷
65	-1	10	13	0	0	0	0	2	0	1	0	40	//정령장갑
65	-1	9	13	0	0	0	0	2	0	1	0	40	//정령바지
65	-1	11	13	0	0	0	0	2	0	1	0	40	//정령부츠
65	-1	7	7	0	0	0	0	2	0	1	0	40	//스핑크스마스크
65	-1	8	7	0	0	0	0	2	0	1	0	40	//스핑크스갑옷
65	-1	10	7	0	0	0	0	2	0	1	0	40	//스핑크스장갑
65	-1	9	7	0	0	0	0	2	0	1	0	40	//스핑크스바지
65	-1	11	7	0	0	0	0	2	0	1	0	40	//스핑크스부츠
65	-1	7	91	0	0	0	0	2	0	1	0	40	//로우버스트헬멧
65	-1	8	91	0	0	0	0	2	0	1	0	40	//로우버스트갑옷
65	-1	10	91	0	0	0	0	2	0	1	0	40	//로우버스트장갑
65	-1	9	91	0	0	0	0	2	0	1	0	40	//로우버스트바지
65	-1	11	91	0	0	0	0	2	0	1	0	40	//로우버스트부츠
//악마의광장 3 (270 ~ 349)													
//엑스워리어													
294	-1	1	6	0	0	0	0	2	0	1	0	9	//니케아도끼
294	-1	1	7	0	0	0	0	2	0	1	0	9	//라르칸도끼
294	-1	2	3	0	0	0	0	2	0	1	0	9	//그레이트해머
294	-1	4	4	0	0	0	0	2	0	1	0	9	//타이거보우
294	-1	4	12	0	0	0	0	2	0	1	0	9	//서펜트석궁
294	-1	4	5	0	0	0	0	2	0	1	0	9	//실버보우
294	-1	0	11	0	0	0	0	2	0	1	0	9	//전설의검
294	-1	0	13	0	0	0	0	2	0	1	0	9	//더블블레이드
294	-1	0	32	0	0	0	0	2	0	1	0	9	//세크리드글러브
294	-1	3	7	0	0	0	0	2	0	1	0	9	//버디슈
294	-1	3	0	0	0	0	0	2	0	1	0	9	//광선봉
294	-1	3	4	0	0	0	0	2	0	1	0	9	//서펜트스피어
294	-1	3	14	0	0	0	0	2	0	1	0	9	//콘모시온랜스
294	-1	5	5	0	0	0	0	2	0	1	0	9	//전설의지팡이
294	-1	5	21	0	0	0	0	2	0	1	0	9	//사아무트의서
294	-1	5	17	0	0	0	0	2	0	1	0	9	//에이션트스틱
294	-1	2	9	0	0	0	0	2	0	1	0	9	//마스터셉터
294	-1	6	5	0	0	0	0	2	0	1	0	9	//드래곤슬레이어방패
294	-1	6	31	0	0	0	0	2	0	1	0	9	//알라크란실드
294	-1	6	11	0	0	0	0	2	0	1	0	9	//서펜트방패
294	-1	6	14	0	0	0	0	2	0	1	0	9	//전설의방패
294	-1	6	12	0	0	0	0	2	0	1	0	9	//브론즈방패
294	-1	6	13	0	0	0	0	2	0	1	0	9	//드라곤방패
294	-1	7	1	0	0	0	0	2	0	1	0	9	//드라곤투구
294	-1	8	1	0	0	0	0	2	0	1	0	9	//드라곤갑옷
294	-1	10	1	0	0	0	0	2	0	1	0	9	//드라곤장갑
294	-1	9	1	0	0	0	0	2	0	1	0	9	//드라곤바지
294	-1	11	1	0	0	0	0	2	0	1	0	9	//드라곤부츠
294	-1	7	41	0	0	0	0	2	0	1	0	9	//에이션트헬멧
294	-1	10	41	0	0	0	0	2	0	1	0	9	//에이션트장갑
294	-1	8	41	0	0	0	0	2	0	1	0	9	//에이션트갑옷
294	-1	9	41	0	0	0	0	2	0	1	0	9	//에이션트바지
294	-1	11	41	0	0	0	0	2	0	1	0	9	//에이션트부츠
294	-1	7	3	0	0	0	0	2	0	1	0	9	//전설의헬멧
294	-1	8	3	0	0	0	0	2	0	1	0	9	//전설의갑옷
294	-1	10	3	0	0	0	0	2	0	1	0	9	//전설의장갑
294	-1	9	3	0	0	0	0	2	0	1	0	9	//전설의바지
294	-1	11	3	0	0	0	0	2	0	1	0	9	//전설의부츠
294	-1	7	14	0	0	0	0	2	0	1	0	9	//수호헬멧
294	-1	8	14	0	0	0	0	2	0	1	0	9	//수호갑옷
294	-1	10	14	0	0	0	0	2	0	1	0	9	//수호장갑
294	-1	9	14	0	0	0	0	2	0	1	0	9	//수호바지
294	-1	11	14	0	0	0	0	2	0	1	0	9	//수호부츠
294	-1	7	92	0	0	0	0	2	0	1	0	9	//그루힐헬멧
294	-1	8	92	0	0	0	0	2	0	1	0	9	//그루힐갑옷
294	-1	10	92	0	0	0	0	2	0	1	0	9	//그루힐장갑
294	-1	9	92	0	0	0	0	2	0	1	0	9	//그루힐바지
294	-1	11	92	0	0	0	0	2	0	1	0	9	//그루힐부츠
294	-1	7	59	0	0	0	0	2	0	1	0	9	//세크리드파이어투구
294	-1	8	59	0	0	0	0	2	0	1	0	9	//세크리드파이어갑옷
294	-1	9	59	0	0	0	0	2	0	1	0	9	//세크리드파이어바지
294	-1	11	59	0	0	0	0	2	0	1	0	9	//세크리드파이어부츠
//블러디울프													
60	-1	1	6	0	0	0	0	2	0	1	0	19	//니케아도끼
60	-1	1	7	0	0	0	0	2	0	1	0	19	//라르칸도끼
60	-1	2	3	0	0	0	0	2	0	1	0	19	//그레이트해머
60	-1	4	4	0	0	0	0	2	0	1	0	19	//타이거보우
60	-1	4	12	0	0	0	0	2	0	1	0	19	//서펜트석궁
60	-1	4	5	0	0	0	0	2	0	1	0	19	//실버보우
60	-1	0	11	0	0	0	0	2	0	1	0	19	//전설의검
60	-1	0	13	0	0	0	0	2	0	1	0	19	//더블블레이드
60	-1	0	32	0	0	0	0	2	0	1	0	19	//세크리드글러브
60	-1	3	7	0	0	0	0	2	0	1	0	19	//버디슈
60	-1	3	0	0	0	0	0	2	0	1	0	19	//광선봉
60	-1	3	4	0	0	0	0	2	0	1	0	19	//서펜트스피어
60	-1	3	14	0	0	0	0	2	0	1	0	19	//콘모시온랜스
60	-1	5	5	0	0	0	0	2	0	1	0	19	//전설의지팡이
60	-1	5	21	0	0	0	0	2	0	1	0	19	//사아무트의서
60	-1	5	17	0	0	0	0	2	0	1	0	19	//에이션트스틱
60	-1	2	9	0	0	0	0	2	0	1	0	19	//마스터셉터
60	-1	6	5	0	0	0	0	2	0	1	0	19	//드래곤슬레이어방패
60	-1	6	31	0	0	0	0	2	0	1	0	19	//알라크란실드
60	-1	6	11	0	0	0	0	2	0	1	0	19	//서펜트방패
60	-1	6	14	0	0	0	0	2	0	1	0	19	//전설의방패
60	-1	6	12	0	0	0	0	2	0	1	0	19	//브론즈방패
60	-1	6	13	0	0	0	0	2	0	1	0	19	//드라곤방패
60	-1	7	1	0	0	0	0	2	0	1	0	19	//드라곤투구
60	-1	8	1	0	0	0	0	2	0	1	0	19	//드라곤갑옷
60	-1	10	1	0	0	0	0	2	0	1	0	19	//드라곤장갑
60	-1	9	1	0	0	0	0	2	0	1	0	19	//드라곤바지
60	-1	11	1	0	0	0	0	2	0	1	0	19	//드라곤부츠
60	-1	7	41	0	0	0	0	2	0	1	0	19	//에이션트헬멧
60	-1	10	41	0	0	0	0	2	0	1	0	19	//에이션트장갑
60	-1	8	41	0	0	0	0	2	0	1	0	19	//에이션트갑옷
60	-1	9	41	0	0	0	0	2	0	1	0	19	//에이션트바지
60	-1	11	41	0	0	0	0	2	0	1	0	19	//에이션트부츠
60	-1	7	3	0	0	0	0	2	0	1	0	19	//전설의헬멧
60	-1	8	3	0	0	0	0	2	0	1	0	19	//전설의갑옷
60	-1	10	3	0	0	0	0	2	0	1	0	19	//전설의장갑
60	-1	9	3	0	0	0	0	2	0	1	0	19	//전설의바지
60	-1	11	3	0	0	0	0	2	0	1	0	19	//전설의부츠
60	-1	7	14	0	0	0	0	2	0	1	0	19	//수호헬멧
60	-1	8	14	0	0	0	0	2	0	1	0	19	//수호갑옷
60	-1	10	14	0	0	0	0	2	0	1	0	19	//수호장갑
60	-1	9	14	0	0	0	0	2	0	1	0	19	//수호바지
60	-1	11	14	0	0	0	0	2	0	1	0	19	//수호부츠
60	-1	7	92	0	0	0	0	2	0	1	0	19	//그루힐헬멧
60	-1	8	92	0	0	0	0	2	0	1	0	19	//그루힐갑옷
60	-1	10	92	0	0	0	0	2	0	1	0	19	//그루힐장갑
60	-1	9	92	0	0	0	0	2	0	1	0	19	//그루힐바지
60	-1	11	92	0	0	0	0	2	0	1	0	19	//그루힐부츠
60	-1	7	59	0	0	0	0	2	0	1	0	19	//세크리드파이어투구
60	-1	8	59	0	0	0	0	2	0	1	0	19	//세크리드파이어갑옷
60	-1	9	59	0	0	0	0	2	0	1	0	19	//세크리드파이어바지
60	-1	11	59	0	0	0	0	2	0	1	0	19	//세크리드파이어부츠
//메가크러스트													
71	-1	4	32	0	0	0	0	2	0	1	0	19	//전투화살통
71	-1	1	6	0	0	0	0	2	0	1	0	19	//니케아도끼
71	-1	1	7	0	0	0	0	2	0	1	0	19	//라르칸도끼
71	-1	2	3	0	0	0	0	2	0	1	0	19	//그레이트해머
71	-1	4	4	0	0	0	0	2	0	1	0	19	//타이거보우
71	-1	4	12	0	0	0	0	2	0	1	0	19	//서펜트석궁
71	-1	4	5	0	0	0	0	2	0	1	0	19	//실버보우
71	-1	0	11	0	0	0	0	2	0	1	0	19	//전설의검
71	-1	0	13	0	0	0	0	2	0	1	0	19	//더블블레이드
71	-1	0	32	0	0	0	0	2	0	1	0	19	//세크리드글러브
71	-1	3	7	0	0	0	0	2	0	1	0	19	//버디슈
71	-1	3	0	0	0	0	0	2	0	1	0	19	//광선봉
71	-1	3	4	0	0	0	0	2	0	1	0	19	//서펜트스피어
71	-1	3	14	0	0	0	0	2	0	1	0	19	//콘모시온랜스
71	-1	5	5	0	0	0	0	2	0	1	0	19	//전설의지팡이
71	-1	5	21	0	0	0	0	2	0	1	0	19	//사아무트의서
71	-1	5	17	0	0	0	0	2	0	1	0	19	//에이션트스틱
71	-1	2	9	0	0	0	0	2	0	1	0	19	//마스터셉터
71	-1	6	5	0	0	0	0	2	0	1	0	19	//드래곤슬레이어방패
71	-1	6	31	0	0	0	0	2	0	1	0	19	//알라크란실드
71	-1	6	11	0	0	0	0	2	0	1	0	19	//서펜트방패
71	-1	6	14	0	0	0	0	2	0	1	0	19	//전설의방패
71	-1	6	12	0	0	0	0	2	0	1	0	19	//브론즈방패
71	-1	6	13	0	0	0	0	2	0	1	0	19	//드라곤방패
71	-1	7	1	0	0	0	0	2	0	1	0	19	//드라곤투구
71	-1	8	1	0	0	0	0	2	0	1	0	19	//드라곤갑옷
71	-1	10	1	0	0	0	0	2	0	1	0	19	//드라곤장갑
71	-1	9	1	0	0	0	0	2	0	1	0	19	//드라곤바지
71	-1	11	1	0	0	0	0	2	0	1	0	19	//드라곤부츠
71	-1	7	41	0	0	0	0	2	0	1	0	19	//에이션트헬멧
71	-1	10	41	0	0	0	0	2	0	1	0	19	//에이션트장갑
71	-1	8	41	0	0	0	0	2	0	1	0	19	//에이션트갑옷
71	-1	9	41	0	0	0	0	2	0	1	0	19	//에이션트바지
71	-1	11	41	0	0	0	0	2	0	1	0	19	//에이션트부츠
71	-1	7	3	0	0	0	0	2	0	1	0	19	//전설의헬멧
71	-1	8	3	0	0	0	0	2	0	1	0	19	//전설의갑옷
71	-1	10	3	0	0	0	0	2	0	1	0	19	//전설의장갑
71	-1	9	3	0	0	0	0	2	0	1	0	19	//전설의바지
71	-1	11	3	0	0	0	0	2	0	1	0	19	//전설의부츠
71	-1	7	14	0	0	0	0	2	0	1	0	19	//수호헬멧
71	-1	8	14	0	0	0	0	2	0	1	0	19	//수호갑옷
71	-1	10	14	0	0	0	0	2	0	1	0	19	//수호장갑
71	-1	9	14	0	0	0	0	2	0	1	0	19	//수호바지
71	-1	11	14	0	0	0	0	2	0	1	0	19	//수호부츠
71	-1	7	92	0	0	0	0	2	0	1	0	19	//그루힐헬멧
71	-1	8	92	0	0	0	0	2	0	1	0	19	//그루힐갑옷
71	-1	10	92	0	0	0	0	2	0	1	0	19	//그루힐장갑
71	-1	9	92	0	0	0	0	2	0	1	0	19	//그루힐바지
71	-1	11	92	0	0	0	0	2	0	1	0	19	//그루힐부츠
71	-1	7	59	0	0	0	0	2	0	1	0	19	//세크리드파이어투구
71	-1	8	59	0	0	0	0	2	0	1	0	19	//세크리드파이어갑옷
71	-1	9	59	0	0	0	0	2	0	1	0	19	//세크리드파이어바지
71	-1	11	59	0	0	0	0	2	0	1	0	19	//세크리드파이어부츠
//데스엔젤													
190	-1	1	6	0	0	0	0	2	0	1	0	28	//니케아도끼
190	-1	1	7	0	0	0	0	2	0	1	0	28	//라르칸도끼
190	-1	2	3	0	0	0	0	2	0	1	0	28	//그레이트해머
190	-1	4	4	0	0	0	0	2	0	1	0	28	//타이거보우
190	-1	4	12	0	0	0	0	2	0	1	0	28	//서펜트석궁
190	-1	4	5	0	0	0	0	2	0	1	0	28	//실버보우
190	-1	0	11	0	0	0	0	2	0	1	0	28	//전설의검
190	-1	0	13	0	0	0	0	2	0	1	0	28	//더블블레이드
190	-1	0	32	0	0	0	0	2	0	1	0	28	//세크리드글러브
190	-1	3	7	0	0	0	0	2	0	1	0	28	//버디슈
190	-1	3	0	0	0	0	0	2	0	1	0	28	//광선봉
190	-1	3	4	0	0	0	0	2	0	1	0	28	//서펜트스피어
190	-1	3	14	0	0	0	0	2	0	1	0	28	//콘모시온랜스
190	-1	5	5	0	0	0	0	2	0	1	0	28	//전설의지팡이
190	-1	5	21	0	0	0	0	2	0	1	0	28	//사아무트의서
190	-1	5	17	0	0	0	0	2	0	1	0	28	//에이션트스틱
190	-1	2	9	0	0	0	0	2	0	1	0	28	//마스터셉터
190	-1	6	5	0	0	0	0	2	0	1	0	28	//드래곤슬레이어방패
190	-1	6	31	0	0	0	0	2	0	1	0	28	//알라크란실드
190	-1	6	11	0	0	0	0	2	0	1	0	28	//서펜트방패
190	-1	6	14	0	0	0	0	2	0	1	0	28	//전설의방패
190	-1	6	12	0	0	0	0	2	0	1	0	28	//브론즈방패
190	-1	6	13	0	0	0	0	2	0	1	0	28	//드라곤방패
190	-1	7	1	0	0	0	0	2	0	1	0	28	//드라곤투구
190	-1	8	1	0	0	0	0	2	0	1	0	28	//드라곤갑옷
190	-1	10	1	0	0	0	0	2	0	1	0	28	//드라곤장갑
190	-1	9	1	0	0	0	0	2	0	1	0	28	//드라곤바지
190	-1	11	1	0	0	0	0	2	0	1	0	28	//드라곤부츠
190	-1	7	41	0	0	0	0	2	0	1	0	28	//에이션트헬멧
190	-1	10	41	0	0	0	0	2	0	1	0	28	//에이션트장갑
190	-1	8	41	0	0	0	0	2	0	1	0	28	//에이션트갑옷
190	-1	9	41	0	0	0	0	2	0	1	0	28	//에이션트바지
190	-1	11	41	0	0	0	0	2	0	1	0	28	//에이션트부츠
190	-1	7	3	0	0	0	0	2	0	1	0	28	//전설의헬멧
190	-1	8	3	0	0	0	0	2	0	1	0	28	//전설의갑옷
190	-1	10	3	0	0	0	0	2	0	1	0	28	//전설의장갑
190	-1	9	3	0	0	0	0	2	0	1	0	28	//전설의바지
190	-1	11	3	0	0	0	0	2	0	1	0	28	//전설의부츠
190	-1	7	14	0	0	0	0	2	0	1	0	28	//수호헬멧
190	-1	8	14	0	0	0	0	2	0	1	0	28	//수호갑옷
190	-1	10	14	0	0	0	0	2	0	1	0	28	//수호장갑
190	-1	9	14	0	0	0	0	2	0	1	0	28	//수호바지
190	-1	11	14	0	0	0	0	2	0	1	0	28	//수호부츠
190	-1	7	92	0	0	0	0	2	0	1	0	28	//그루힐헬멧
190	-1	8	92	0	0	0	0	2	0	1	0	28	//그루힐갑옷
190	-1	10	92	0	0	0	0	2	0	1	0	28	//그루힐장갑
190	-1	9	92	0	0	0	0	2	0	1	0	28	//그루힐바지
190	-1	11	92	0	0	0	0	2	0	1	0	28	//그루힐부츠
190	-1	7	59	0	0	0	0	2	0	1	0	28	//세크리드파이어투구
190	-1	8	59	0	0	0	0	2	0	1	0	28	//세크리드파이어갑옷
190	-1	9	59	0	0	0	0	2	0	1	0	28	//세크리드파이어바지
190	-1	11	59	0	0	0	0	2	0	1	0	28	//세크리드파이어부츠
//빔나이트													
61	-1	4	32	0	0	0	0	2	0	1	0	38	//전투화살통
61	-1	1	6	0	0	0	0	2	0	1	0	38	//니케아도끼
61	-1	1	7	0	0	0	0	2	0	1	0	38	//라르칸도끼
61	-1	2	3	0	0	0	0	2	0	1	0	38	//그레이트해머
61	-1	4	4	0	0	0	0	2	0	1	0	38	//타이거보우
61	-1	4	12	0	0	0	0	2	0	1	0	38	//서펜트석궁
61	-1	4	5	0	0	0	0	2	0	1	0	38	//실버보우
61	-1	0	11	0	0	0	0	2	0	1	0	38	//전설의검
61	-1	0	13	0	0	0	0	2	0	1	0	38	//더블블레이드
61	-1	0	32	0	0	0	0	2	0	1	0	38	//세크리드글러브
61	-1	3	7	0	0	0	0	2	0	1	0	38	//버디슈
61	-1	3	0	0	0	0	0	2	0	1	0	38	//광선봉
61	-1	3	4	0	0	0	0	2	0	1	0	38	//서펜트스피어
61	-1	3	14	0	0	0	0	2	0	1	0	38	//콘모시온랜스
61	-1	5	5	0	0	0	0	2	0	1	0	38	//전설의지팡이
61	-1	5	21	0	0	0	0	2	0	1	0	38	//사아무트의서
61	-1	5	17	0	0	0	0	2	0	1	0	38	//에이션트스틱
61	-1	2	9	0	0	0	0	2	0	1	0	38	//마스터셉터
61	-1	6	5	0	0	0	0	2	0	1	0	38	//드래곤슬레이어방패
61	-1	6	31	0	0	0	0	2	0	1	0	38	//알라크란실드
61	-1	6	11	0	0	0	0	2	0	1	0	38	//서펜트방패
61	-1	6	14	0	0	0	0	2	0	1	0	38	//전설의방패
61	-1	6	12	0	0	0	0	2	0	1	0	38	//브론즈방패
61	-1	6	13	0	0	0	0	2	0	1	0	38	//드라곤방패
61	-1	7	1	0	0	0	0	2	0	1	0	38	//드라곤투구
61	-1	8	1	0	0	0	0	2	0	1	0	38	//드라곤갑옷
61	-1	10	1	0	0	0	0	2	0	1	0	38	//드라곤장갑
61	-1	9	1	0	0	0	0	2	0	1	0	38	//드라곤바지
61	-1	11	1	0	0	0	0	2	0	1	0	38	//드라곤부츠
61	-1	7	41	0	0	0	0	2	0	1	0	38	//에이션트헬멧
61	-1	10	41	0	0	0	0	2	0	1	0	38	//에이션트장갑
61	-1	8	41	0	0	0	0	2	0	1	0	38	//에이션트갑옷
61	-1	9	41	0	0	0	0	2	0	1	0	38	//에이션트바지
61	-1	11	41	0	0	0	0	2	0	1	0	38	//에이션트부츠
61	-1	7	3	0	0	0	0	2	0	1	0	38	//전설의헬멧
61	-1	8	3	0	0	0	0	2	0	1	0	38	//전설의갑옷
61	-1	10	3	0	0	0	0	2	0	1	0	38	//전설의장갑
61	-1	9	3	0	0	0	0	2	0	1	0	38	//전설의바지
61	-1	11	3	0	0	0	0	2	0	1	0	38	//전설의부츠
61	-1	7	14	0	0	0	0	2	0	1	0	38	//수호헬멧
61	-1	8	14	0	0	0	0	2	0	1	0	38	//수호갑옷
61	-1	10	14	0	0	0	0	2	0	1	0	38	//수호장갑
61	-1	9	14	0	0	0	0	2	0	1	0	38	//수호바지
61	-1	11	14	0	0	0	0	2	0	1	0	38	//수호부츠
61	-1	7	92	0	0	0	0	2	0	1	0	38	//그루힐헬멧
61	-1	8	92	0	0	0	0	2	0	1	0	38	//그루힐갑옷
61	-1	10	92	0	0	0	0	2	0	1	0	38	//그루힐장갑
61	-1	9	92	0	0	0	0	2	0	1	0	38	//그루힐바지
61	-1	11	92	0	0	0	0	2	0	1	0	38	//그루힐부츠
61	-1	7	59	0	0	0	0	2	0	1	0	38	//세크리드파이어투구
61	-1	8	59	0	0	0	0	2	0	1	0	38	//세크리드파이어갑옷
61	-1	9	59	0	0	0	0	2	0	1	0	38	//세크리드파이어바지
61	-1	11	59	0	0	0	0	2	0	1	0	38	//세크리드파이어부츠
//드라칸													
73	-1	4	32	0	0	0	0	2	0	1	0	38	//전투화살통
73	-1	1	6	0	0	0	0	2	0	1	0	38	//니케아도끼
73	-1	1	7	0	0	0	0	2	0	1	0	38	//라르칸도끼
73	-1	2	3	0	0	0	0	2	0	1	0	38	//그레이트해머
73	-1	4	4	0	0	0	0	2	0	1	0	38	//타이거보우
73	-1	4	12	0	0	0	0	2	0	1	0	38	//서펜트석궁
73	-1	4	5	0	0	0	0	2	0	1	0	38	//실버보우
73	-1	0	11	0	0	0	0	2	0	1	0	38	//전설의검
73	-1	0	13	0	0	0	0	2	0	1	0	38	//더블블레이드
73	-1	0	32	0	0	0	0	2	0	1	0	38	//세크리드글러브
73	-1	3	7	0	0	0	0	2	0	1	0	38	//버디슈
73	-1	3	0	0	0	0	0	2	0	1	0	38	//광선봉
73	-1	3	4	0	0	0	0	2	0	1	0	38	//서펜트스피어
73	-1	3	14	0	0	0	0	2	0	1	0	38	//콘모시온랜스
73	-1	5	5	0	0	0	0	2	0	1	0	38	//전설의지팡이
73	-1	5	21	0	0	0	0	2	0	1	0	38	//사아무트의서
73	-1	5	17	0	0	0	0	2	0	1	0	38	//에이션트스틱
73	-1	2	9	0	0	0	0	2	0	1	0	38	//마스터셉터
73	-1	6	5	0	0	0	0	2	0	1	0	38	//드래곤슬레이어방패
73	-1	6	31	0	0	0	0	2	0	1	0	38	//알라크란실드
73	-1	6	11	0	0	0	0	2	0	1	0	38	//서펜트방패
73	-1	6	14	0	0	0	0	2	0	1	0	38	//전설의방패
73	-1	6	12	0	0	0	0	2	0	1	0	38	//브론즈방패
73	-1	6	13	0	0	0	0	2	0	1	0	38	//드라곤방패
73	-1	7	1	0	0	0	0	2	0	1	0	38	//드라곤투구
73	-1	8	1	0	0	0	0	2	0	1	0	38	//드라곤갑옷
73	-1	10	1	0	0	0	0	2	0	1	0	38	//드라곤장갑
73	-1	9	1	0	0	0	0	2	0	1	0	38	//드라곤바지
73	-1	11	1	0	0	0	0	2	0	1	0	38	//드라곤부츠
73	-1	7	41	0	0	0	0	2	0	1	0	38	//에이션트헬멧
73	-1	10	41	0	0	0	0	2	0	1	0	38	//에이션트장갑
73	-1	8	41	0	0	0	0	2	0	1	0	38	//에이션트갑옷
73	-1	9	41	0	0	0	0	2	0	1	0	38	//에이션트바지
73	-1	11	41	0	0	0	0	2	0	1	0	38	//에이션트부츠
73	-1	7	3	0	0	0	0	2	0	1	0	38	//전설의헬멧
73	-1	8	3	0	0	0	0	2	0	1	0	38	//전설의갑옷
73	-1	10	3	0	0	0	0	2	0	1	0	38	//전설의장갑
73	-1	9	3	0	0	0	0	2	0	1	0	38	//전설의바지
73	-1	11	3	0	0	0	0	2	0	1	0	38	//전설의부츠
73	-1	7	14	0	0	0	0	2	0	1	0	38	//수호헬멧
73	-1	8	14	0	0	0	0	2	0	1	0	38	//수호갑옷
73	-1	10	14	0	0	0	0	2	0	1	0	38	//수호장갑
73	-1	9	14	0	0	0	0	2	0	1	0	38	//수호바지
73	-1	11	14	0	0	0	0	2	0	1	0	38	//수호부츠
73	-1	7	92	0	0	0	0	2	0	1	0	38	//그루힐헬멧
73	-1	8	92	0	0	0	0	2	0	1	0	38	//그루힐갑옷
73	-1	10	92	0	0	0	0	2	0	1	0	38	//그루힐장갑
73	-1	9	92	0	0	0	0	2	0	1	0	38	//그루힐바지
73	-1	11	92	0	0	0	0	2	0	1	0	38	//그루힐부츠
73	-1	7	59	0	0	0	0	2	0	1	0	38	//세크리드파이어투구
73	-1	8	59	0	0	0	0	2	0	1	0	38	//세크리드파이어갑옷
73	-1	9	59	0	0	0	0	2	0	1	0	38	//세크리드파이어바지
73	-1	11	59	0	0	0	0	2	0	1	0	38	//세크리드파이어부츠
//악마의광장 4 (350 ~ 399)													
//리자드워리어													
290	-1	4	32	0	0	0	0	2	0	1	0	9	//전투화살통
290	-1	2	7	0	0	0	0	2	0	1	0	9	//엘리멘탈메이스
290	-1	4	16	0	0	0	0	2	0	1	0	9	//세인트크로스석궁
290	-1	4	17	0	0	0	0	2	0	1	0	9	//홀리사이트보우
290	-1	0	16	0	0	0	0	2	0	1	0	9	//파괴의검
290	-1	0	17	0	0	0	0	2	0	1	0	9	//다크브레이커
290	-1	0	18	0	0	0	0	2	0	1	0	9	//선더블레이드
290	-1	3	15	0	0	0	0	2	0	1	0	9	//플루마랜스
290	-1	3	16	0	0	0	0	2	0	1	0	9	//비스랜스
290	-1	5	8	0	0	0	0	2	0	1	0	9	//파멸의지팡이
290	-1	2	11	0	0	0	0	2	0	1	0	9	//로드셉터
290	-1	6	16	0	0	0	0	2	0	1	0	9	//엘리멘탈방패
290	-1	6	30	0	0	0	0	2	0	1	0	9	//플루마실드
290	-1	6	32	0	0	0	0	2	0	1	0	9	//비스실드
290	-1	6	15	0	0	0	0	2	0	1	0	9	//그랜드소울방패
290	-1	7	16	0	0	0	0	2	0	1	0	9	//블랙드라곤투구
290	-1	8	16	0	0	0	0	2	0	1	0	9	//블랙드라곤갑옷
290	-1	10	16	0	0	0	0	2	0	1	0	9	//블랙드라곤장갑
290	-1	9	16	0	0	0	0	2	0	1	0	9	//블랙드라곤바지
290	-1	11	16	0	0	0	0	2	0	1	0	9	//블랙드라곤부츠
290	-1	7	18	0	0	0	0	2	0	1	0	9	//그랜드소울헬멧
290	-1	8	18	0	0	0	0	2	0	1	0	9	//그랜드소울갑옷
290	-1	10	18	0	0	0	0	2	0	1	0	9	//그랜드소울장갑
290	-1	9	18	0	0	0	0	2	0	1	0	9	//그랜드소울바지
290	-1	11	18	0	0	0	0	2	0	1	0	9	//그랜드소울부츠
290	-1	7	19	0	0	0	0	2	0	1	0	9	//홀리스프릿헬멧
290	-1	8	19	0	0	0	0	2	0	1	0	9	//홀리스프릿갑옷
290	-1	10	19	0	0	0	0	2	0	1	0	9	//홀리스프릿장갑
290	-1	9	19	0	0	0	0	2	0	1	0	9	//홀리스프릿바지
290	-1	11	19	0	0	0	0	2	0	1	0	9	//홀리스프릿부츠
290	-1	7	27	0	0	0	0	2	0	1	0	9	//다크브리즌헬멧
290	-1	8	27	0	0	0	0	2	0	1	0	9	//다크브리즌갑옷
290	-1	10	27	0	0	0	0	2	0	1	0	9	//다크브리즌장갑
290	-1	9	27	0	0	0	0	2	0	1	0	9	//다크브리즌바지
290	-1	11	27	0	0	0	0	2	0	1	0	9	//다크브리즌부츠
290	-1	8	37	0	0	0	0	2	0	1	0	9	//발리언트갑옷
290	-1	10	37	0	0	0	0	2	0	1	0	9	//발리언트장갑
290	-1	9	37	0	0	0	0	2	0	1	0	9	//발리언트바지
290	-1	11	37	0	0	0	0	2	0	1	0	9	//발리언트부츠
290	-1	7	61	0	0	0	0	2	0	1	0	9	//피어싱그로브투구
290	-1	8	61	0	0	0	0	2	0	1	0	9	//피어싱그로브갑옷
290	-1	9	61	0	0	0	0	2	0	1	0	9	//피어싱그로브바지
290	-1	11	61	0	0	0	0	2	0	1	0	9	//피어싱그로브부츠
290	-1	7	95	0	0	0	0	2	0	1	0	9	//세이트헬멧
290	-1	8	95	0	0	0	0	2	0	1	0	9	//세이트갑옷
290	-1	10	95	0	0	0	0	2	0	1	0	9	//세이트장갑
290	-1	9	95	0	0	0	0	2	0	1	0	9	//세이트바지
290	-1	11	95	0	0	0	0	2	0	1	0	9	//세이트부츠
290	-1	7	94	0	0	0	0	2	0	1	0	9	//히라트헬멧
290	-1	8	94	0	0	0	0	2	0	1	0	9	//히라트갑옷
290	-1	10	94	0	0	0	0	2	0	1	0	9	//히라트장갑
290	-1	9	94	0	0	0	0	2	0	1	0	9	//히라트바지
290	-1	11	94	0	0	0	0	2	0	1	0	9	//히라트부츠
//아이언휠													
57	-1	4	32	0	0	0	0	2	0	1	0	19	//전투화살통
57	-1	2	7	0	0	0	0	2	0	1	0	19	//엘리멘탈메이스
57	-1	4	16	0	0	0	0	2	0	1	0	19	//세인트크로스석궁
57	-1	4	17	0	0	0	0	2	0	1	0	19	//홀리사이트보우
57	-1	0	16	0	0	0	0	2	0	1	0	19	//파괴의검
57	-1	0	17	0	0	0	0	2	0	1	0	19	//다크브레이커
57	-1	0	18	0	0	0	0	2	0	1	0	19	//선더블레이드
57	-1	3	15	0	0	0	0	2	0	1	0	19	//플루마랜스
57	-1	3	16	0	0	0	0	2	0	1	0	19	//비스랜스
57	-1	5	8	0	0	0	0	2	0	1	0	19	//파멸의지팡이
57	-1	2	11	0	0	0	0	2	0	1	0	19	//로드셉터
57	-1	6	16	0	0	0	0	2	0	1	0	19	//엘리멘탈방패
57	-1	6	30	0	0	0	0	2	0	1	0	19	//플루마실드
57	-1	6	32	0	0	0	0	2	0	1	0	19	//비스실드
57	-1	6	15	0	0	0	0	2	0	1	0	19	//그랜드소울방패
57	-1	7	16	0	0	0	0	2	0	1	0	19	//블랙드라곤투구
57	-1	8	16	0	0	0	0	2	0	1	0	19	//블랙드라곤갑옷
57	-1	10	16	0	0	0	0	2	0	1	0	19	//블랙드라곤장갑
57	-1	9	16	0	0	0	0	2	0	1	0	19	//블랙드라곤바지
57	-1	11	16	0	0	0	0	2	0	1	0	19	//블랙드라곤부츠
57	-1	7	18	0	0	0	0	2	0	1	0	19	//그랜드소울헬멧
57	-1	8	18	0	0	0	0	2	0	1	0	19	//그랜드소울갑옷
57	-1	10	18	0	0	0	0	2	0	1	0	19	//그랜드소울장갑
57	-1	9	18	0	0	0	0	2	0	1	0	19	//그랜드소울바지
57	-1	11	18	0	0	0	0	2	0	1	0	19	//그랜드소울부츠
57	-1	7	19	0	0	0	0	2	0	1	0	19	//홀리스프릿헬멧
57	-1	8	19	0	0	0	0	2	0	1	0	19	//홀리스프릿갑옷
57	-1	10	19	0	0	0	0	2	0	1	0	19	//홀리스프릿장갑
57	-1	9	19	0	0	0	0	2	0	1	0	19	//홀리스프릿바지
57	-1	11	19	0	0	0	0	2	0	1	0	19	//홀리스프릿부츠
57	-1	7	27	0	0	0	0	2	0	1	0	19	//다크브리즌헬멧
57	-1	8	27	0	0	0	0	2	0	1	0	19	//다크브리즌갑옷
57	-1	10	27	0	0	0	0	2	0	1	0	19	//다크브리즌장갑
57	-1	9	27	0	0	0	0	2	0	1	0	19	//다크브리즌바지
57	-1	11	27	0	0	0	0	2	0	1	0	19	//다크브리즌부츠
57	-1	8	37	0	0	0	0	2	0	1	0	19	//발리언트갑옷
57	-1	10	37	0	0	0	0	2	0	1	0	19	//발리언트장갑
57	-1	9	37	0	0	0	0	2	0	1	0	19	//발리언트바지
57	-1	11	37	0	0	0	0	2	0	1	0	19	//발리언트부츠
57	-1	7	61	0	0	0	0	2	0	1	0	19	//피어싱그로브투구
57	-1	8	61	0	0	0	0	2	0	1	0	19	//피어싱그로브갑옷
57	-1	9	61	0	0	0	0	2	0	1	0	19	//피어싱그로브바지
57	-1	11	61	0	0	0	0	2	0	1	0	19	//피어싱그로브부츠
57	-1	7	95	0	0	0	0	2	0	1	0	19	//세이트헬멧
57	-1	8	95	0	0	0	0	2	0	1	0	19	//세이트갑옷
57	-1	10	95	0	0	0	0	2	0	1	0	19	//세이트장갑
57	-1	9	95	0	0	0	0	2	0	1	0	19	//세이트바지
57	-1	11	95	0	0	0	0	2	0	1	0	19	//세이트부츠
57	-1	7	94	0	0	0	0	2	0	1	0	19	//히라트헬멧
57	-1	8	94	0	0	0	0	2	0	1	0	19	//히라트갑옷
57	-1	10	94	0	0	0	0	2	0	1	0	19	//히라트장갑
57	-1	9	94	0	0	0	0	2	0	1	0	19	//히라트바지
57	-1	11	94	0	0	0	0	2	0	1	0	19	//히라트부츠
//퀸레이너													
70	-1	4	32	0	0	0	0	2	0	1	0	19	//전투화살통
70	-1	2	7	0	0	0	0	2	0	1	0	19	//엘리멘탈메이스
70	-1	4	16	0	0	0	0	2	0	1	0	19	//세인트크로스석궁
70	-1	4	17	0	0	0	0	2	0	1	0	19	//홀리사이트보우
70	-1	0	16	0	0	0	0	2	0	1	0	19	//파괴의검
70	-1	0	17	0	0	0	0	2	0	1	0	19	//다크브레이커
70	-1	0	18	0	0	0	0	2	0	1	0	19	//선더블레이드
70	-1	3	15	0	0	0	0	2	0	1	0	19	//플루마랜스
70	-1	3	16	0	0	0	0	2	0	1	0	19	//비스랜스
70	-1	5	8	0	0	0	0	2	0	1	0	19	//파멸의지팡이
70	-1	2	11	0	0	0	0	2	0	1	0	19	//로드셉터
70	-1	6	16	0	0	0	0	2	0	1	0	19	//엘리멘탈방패
70	-1	6	30	0	0	0	0	2	0	1	0	19	//플루마실드
70	-1	6	32	0	0	0	0	2	0	1	0	19	//비스실드
70	-1	6	15	0	0	0	0	2	0	1	0	19	//그랜드소울방패
70	-1	7	16	0	0	0	0	2	0	1	0	19	//블랙드라곤투구
70	-1	8	16	0	0	0	0	2	0	1	0	19	//블랙드라곤갑옷
70	-1	10	16	0	0	0	0	2	0	1	0	19	//블랙드라곤장갑
70	-1	9	16	0	0	0	0	2	0	1	0	19	//블랙드라곤바지
70	-1	11	16	0	0	0	0	2	0	1	0	19	//블랙드라곤부츠
70	-1	7	18	0	0	0	0	2	0	1	0	19	//그랜드소울헬멧
70	-1	8	18	0	0	0	0	2	0	1	0	19	//그랜드소울갑옷
70	-1	10	18	0	0	0	0	2	0	1	0	19	//그랜드소울장갑
70	-1	9	18	0	0	0	0	2	0	1	0	19	//그랜드소울바지
70	-1	11	18	0	0	0	0	2	0	1	0	19	//그랜드소울부츠
70	-1	7	19	0	0	0	0	2	0	1	0	19	//홀리스프릿헬멧
70	-1	8	19	0	0	0	0	2	0	1	0	19	//홀리스프릿갑옷
70	-1	10	19	0	0	0	0	2	0	1	0	19	//홀리스프릿장갑
70	-1	9	19	0	0	0	0	2	0	1	0	19	//홀리스프릿바지
70	-1	11	19	0	0	0	0	2	0	1	0	19	//홀리스프릿부츠
70	-1	7	27	0	0	0	0	2	0	1	0	19	//다크브리즌헬멧
70	-1	8	27	0	0	0	0	2	0	1	0	19	//다크브리즌갑옷
70	-1	10	27	0	0	0	0	2	0	1	0	19	//다크브리즌장갑
70	-1	9	27	0	0	0	0	2	0	1	0	19	//다크브리즌바지
70	-1	11	27	0	0	0	0	2	0	1	0	19	//다크브리즌부츠
70	-1	8	37	0	0	0	0	2	0	1	0	19	//발리언트갑옷
70	-1	10	37	0	0	0	0	2	0	1	0	19	//발리언트장갑
70	-1	9	37	0	0	0	0	2	0	1	0	19	//발리언트바지
70	-1	11	37	0	0	0	0	2	0	1	0	19	//발리언트부츠
70	-1	7	61	0	0	0	0	2	0	1	0	19	//피어싱그로브투구
70	-1	8	61	0	0	0	0	2	0	1	0	19	//피어싱그로브갑옷
70	-1	9	61	0	0	0	0	2	0	1	0	19	//피어싱그로브바지
70	-1	11	61	0	0	0	0	2	0	1	0	19	//피어싱그로브부츠
70	-1	7	95	0	0	0	0	2	0	1	0	19	//세이트헬멧
70	-1	8	95	0	0	0	0	2	0	1	0	19	//세이트갑옷
70	-1	10	95	0	0	0	0	2	0	1	0	19	//세이트장갑
70	-1	9	95	0	0	0	0	2	0	1	0	19	//세이트바지
70	-1	11	95	0	0	0	0	2	0	1	0	19	//세이트부츠
70	-1	7	94	0	0	0	0	2	0	1	0	19	//히라트헬멧
70	-1	8	94	0	0	0	0	2	0	1	0	19	//히라트갑옷
70	-1	10	94	0	0	0	0	2	0	1	0	19	//히라트장갑
70	-1	9	94	0	0	0	0	2	0	1	0	19	//히라트바지
70	-1	11	94	0	0	0	0	2	0	1	0	19	//히라트부츠
//포이즌골렘													
293	-1	4	32	0	0	0	0	2	0	1	0	28	//전투화살통
293	-1	2	7	0	0	0	0	2	0	1	0	28	//엘리멘탈메이스
293	-1	4	16	0	0	0	0	2	0	1	0	28	//세인트크로스석궁
293	-1	4	17	0	0	0	0	2	0	1	0	28	//홀리사이트보우
293	-1	0	16	0	0	0	0	2	0	1	0	28	//파괴의검
293	-1	0	17	0	0	0	0	2	0	1	0	28	//다크브레이커
293	-1	0	18	0	0	0	0	2	0	1	0	28	//선더블레이드
293	-1	3	15	0	0	0	0	2	0	1	0	28	//플루마랜스
293	-1	3	16	0	0	0	0	2	0	1	0	28	//비스랜스
293	-1	5	8	0	0	0	0	2	0	1	0	28	//파멸의지팡이
293	-1	2	11	0	0	0	0	2	0	1	0	28	//로드셉터
293	-1	6	16	0	0	0	0	2	0	1	0	28	//엘리멘탈방패
293	-1	6	30	0	0	0	0	2	0	1	0	28	//플루마실드
293	-1	6	32	0	0	0	0	2	0	1	0	28	//비스실드
293	-1	6	15	0	0	0	0	2	0	1	0	28	//그랜드소울방패
293	-1	7	16	0	0	0	0	2	0	1	0	28	//블랙드라곤투구
293	-1	8	16	0	0	0	0	2	0	1	0	28	//블랙드라곤갑옷
293	-1	10	16	0	0	0	0	2	0	1	0	28	//블랙드라곤장갑
293	-1	9	16	0	0	0	0	2	0	1	0	28	//블랙드라곤바지
293	-1	11	16	0	0	0	0	2	0	1	0	28	//블랙드라곤부츠
293	-1	7	18	0	0	0	0	2	0	1	0	28	//그랜드소울헬멧
293	-1	8	18	0	0	0	0	2	0	1	0	28	//그랜드소울갑옷
293	-1	10	18	0	0	0	0	2	0	1	0	28	//그랜드소울장갑
293	-1	9	18	0	0	0	0	2	0	1	0	28	//그랜드소울바지
293	-1	11	18	0	0	0	0	2	0	1	0	28	//그랜드소울부츠
293	-1	7	19	0	0	0	0	2	0	1	0	28	//홀리스프릿헬멧
293	-1	8	19	0	0	0	0	2	0	1	0	28	//홀리스프릿갑옷
293	-1	10	19	0	0	0	0	2	0	1	0	28	//홀리스프릿장갑
293	-1	9	19	0	0	0	0	2	0	1	0	28	//홀리스프릿바지
293	-1	11	19	0	0	0	0	2	0	1	0	28	//홀리스프릿부츠
293	-1	7	27	0	0	0	0	2	0	1	0	28	//다크브리즌헬멧
293	-1	8	27	0	0	0	0	2	0	1	0	28	//다크브리즌갑옷
293	-1	10	27	0	0	0	0	2	0	1	0	28	//다크브리즌장갑
293	-1	9	27	0	0	0	0	2	0	1	0	28	//다크브리즌바지
293	-1	11	27	0	0	0	0	2	0	1	0	28	//다크브리즌부츠
293	-1	8	37	0	0	0	0	2	0	1	0	28	//발리언트갑옷
293	-1	10	37	0	0	0	0	2	0	1	0	28	//발리언트장갑
293	-1	9	37	0	0	0	0	2	0	1	0	28	//발리언트바지
293	-1	11	37	0	0	0	0	2	0	1	0	28	//발리언트부츠
293	-1	7	61	0	0	0	0	2	0	1	0	28	//피어싱그로브투구
293	-1	8	61	0	0	0	0	2	0	1	0	28	//피어싱그로브갑옷
293	-1	9	61	0	0	0	0	2	0	1	0	28	//피어싱그로브바지
293	-1	11	61	0	0	0	0	2	0	1	0	28	//피어싱그로브부츠
293	-1	7	95	0	0	0	0	2	0	1	0	28	//세이트헬멧
293	-1	8	95	0	0	0	0	2	0	1	0	28	//세이트갑옷
293	-1	10	95	0	0	0	0	2	0	1	0	28	//세이트장갑
293	-1	9	95	0	0	0	0	2	0	1	0	28	//세이트바지
293	-1	11	95	0	0	0	0	2	0	1	0	28	//세이트부츠
293	-1	7	94	0	0	0	0	2	0	1	0	28	//히라트헬멧
293	-1	8	94	0	0	0	0	2	0	1	0	28	//히라트갑옷
293	-1	10	94	0	0	0	0	2	0	1	0	28	//히라트장갑
293	-1	9	94	0	0	0	0	2	0	1	0	28	//히라트바지
293	-1	11	94	0	0	0	0	2	0	1	0	28	//히라트부츠
//알파크러스트													
74	-1	4	32	0	0	0	0	2	0	1	0	38	//전투화살통
74	-1	2	7	0	0	0	0	2	0	1	0	38	//엘리멘탈메이스
74	-1	4	16	0	0	0	0	2	0	1	0	38	//세인트크로스석궁
74	-1	4	17	0	0	0	0	2	0	1	0	38	//홀리사이트보우
74	-1	0	16	0	0	0	0	2	0	1	0	38	//파괴의검
74	-1	0	17	0	0	0	0	2	0	1	0	38	//다크브레이커
74	-1	0	18	0	0	0	0	2	0	1	0	38	//선더블레이드
74	-1	3	15	0	0	0	0	2	0	1	0	38	//플루마랜스
74	-1	3	16	0	0	0	0	2	0	1	0	38	//비스랜스
74	-1	5	8	0	0	0	0	2	0	1	0	38	//파멸의지팡이
74	-1	2	11	0	0	0	0	2	0	1	0	38	//로드셉터
74	-1	6	16	0	0	0	0	2	0	1	0	38	//엘리멘탈방패
74	-1	6	30	0	0	0	0	2	0	1	0	38	//플루마실드
74	-1	6	32	0	0	0	0	2	0	1	0	38	//비스실드
74	-1	6	15	0	0	0	0	2	0	1	0	38	//그랜드소울방패
74	-1	7	16	0	0	0	0	2	0	1	0	38	//블랙드라곤투구
74	-1	8	16	0	0	0	0	2	0	1	0	38	//블랙드라곤갑옷
74	-1	10	16	0	0	0	0	2	0	1	0	38	//블랙드라곤장갑
74	-1	9	16	0	0	0	0	2	0	1	0	38	//블랙드라곤바지
74	-1	11	16	0	0	0	0	2	0	1	0	38	//블랙드라곤부츠
74	-1	7	18	0	0	0	0	2	0	1	0	38	//그랜드소울헬멧
74	-1	8	18	0	0	0	0	2	0	1	0	38	//그랜드소울갑옷
74	-1	10	18	0	0	0	0	2	0	1	0	38	//그랜드소울장갑
74	-1	9	18	0	0	0	0	2	0	1	0	38	//그랜드소울바지
74	-1	11	18	0	0	0	0	2	0	1	0	38	//그랜드소울부츠
74	-1	7	19	0	0	0	0	2	0	1	0	38	//홀리스프릿헬멧
74	-1	8	19	0	0	0	0	2	0	1	0	38	//홀리스프릿갑옷
74	-1	10	19	0	0	0	0	2	0	1	0	38	//홀리스프릿장갑
74	-1	9	19	0	0	0	0	2	0	1	0	38	//홀리스프릿바지
74	-1	11	19	0	0	0	0	2	0	1	0	38	//홀리스프릿부츠
74	-1	7	27	0	0	0	0	2	0	1	0	38	//다크브리즌헬멧
74	-1	8	27	0	0	0	0	2	0	1	0	38	//다크브리즌갑옷
74	-1	10	27	0	0	0	0	2	0	1	0	38	//다크브리즌장갑
74	-1	9	27	0	0	0	0	2	0	1	0	38	//다크브리즌바지
74	-1	11	27	0	0	0	0	2	0	1	0	38	//다크브리즌부츠
74	-1	8	37	0	0	0	0	2	0	1	0	38	//발리언트갑옷
74	-1	10	37	0	0	0	0	2	0	1	0	38	//발리언트장갑
74	-1	9	37	0	0	0	0	2	0	1	0	38	//발리언트바지
74	-1	11	37	0	0	0	0	2	0	1	0	38	//발리언트부츠
74	-1	7	61	0	0	0	0	2	0	1	0	38	//피어싱그로브투구
74	-1	8	61	0	0	0	0	2	0	1	0	38	//피어싱그로브갑옷
74	-1	9	61	0	0	0	0	2	0	1	0	38	//피어싱그로브바지
74	-1	11	61	0	0	0	0	2	0	1	0	38	//피어싱그로브부츠
74	-1	7	95	0	0	0	0	2	0	1	0	38	//세이트헬멧
74	-1	8	95	0	0	0	0	2	0	1	0	38	//세이트갑옷
74	-1	10	95	0	0	0	0	2	0	1	0	38	//세이트장갑
74	-1	9	95	0	0	0	0	2	0	1	0	38	//세이트바지
74	-1	11	95	0	0	0	0	2	0	1	0	38	//세이트부츠
74	-1	7	94	0	0	0	0	2	0	1	0	38	//히라트헬멧
74	-1	8	94	0	0	0	0	2	0	1	0	38	//히라트갑옷
74	-1	10	94	0	0	0	0	2	0	1	0	38	//히라트장갑
74	-1	9	94	0	0	0	0	2	0	1	0	38	//히라트바지
74	-1	11	94	0	0	0	0	2	0	1	0	38	//히라트부츠
//퀸비													
292	-1	4	32	0	0	0	0	2	0	1	0	39	//전투화살통
292	-1	2	7	0	0	0	0	2	0	1	0	39	//엘리멘탈메이스
292	-1	4	16	0	0	0	0	2	0	1	0	39	//세인트크로스석궁
292	-1	4	17	0	0	0	0	2	0	1	0	39	//홀리사이트보우
292	-1	0	16	0	0	0	0	2	0	1	0	39	//파괴의검
292	-1	0	17	0	0	0	0	2	0	1	0	39	//다크브레이커
292	-1	0	18	0	0	0	0	2	0	1	0	39	//선더블레이드
292	-1	3	15	0	0	0	0	2	0	1	0	39	//플루마랜스
292	-1	3	16	0	0	0	0	2	0	1	0	39	//비스랜스
292	-1	5	8	0	0	0	0	2	0	1	0	39	//파멸의지팡이
292	-1	2	11	0	0	0	0	2	0	1	0	39	//로드셉터
292	-1	6	16	0	0	0	0	2	0	1	0	39	//엘리멘탈방패
292	-1	6	30	0	0	0	0	2	0	1	0	39	//플루마실드
292	-1	6	32	0	0	0	0	2	0	1	0	39	//비스실드
292	-1	6	15	0	0	0	0	2	0	1	0	39	//그랜드소울방패
292	-1	7	16	0	0	0	0	2	0	1	0	39	//블랙드라곤투구
292	-1	8	16	0	0	0	0	2	0	1	0	39	//블랙드라곤갑옷
292	-1	10	16	0	0	0	0	2	0	1	0	39	//블랙드라곤장갑
292	-1	9	16	0	0	0	0	2	0	1	0	39	//블랙드라곤바지
292	-1	11	16	0	0	0	0	2	0	1	0	39	//블랙드라곤부츠
292	-1	7	18	0	0	0	0	2	0	1	0	39	//그랜드소울헬멧
292	-1	8	18	0	0	0	0	2	0	1	0	39	//그랜드소울갑옷
292	-1	10	18	0	0	0	0	2	0	1	0	39	//그랜드소울장갑
292	-1	9	18	0	0	0	0	2	0	1	0	39	//그랜드소울바지
292	-1	11	18	0	0	0	0	2	0	1	0	39	//그랜드소울부츠
292	-1	7	19	0	0	0	0	2	0	1	0	39	//홀리스프릿헬멧
292	-1	8	19	0	0	0	0	2	0	1	0	39	//홀리스프릿갑옷
292	-1	10	19	0	0	0	0	2	0	1	0	39	//홀리스프릿장갑
292	-1	9	19	0	0	0	0	2	0	1	0	39	//홀리스프릿바지
292	-1	11	19	0	0	0	0	2	0	1	0	39	//홀리스프릿부츠
292	-1	7	27	0	0	0	0	2	0	1	0	39	//다크브리즌헬멧
292	-1	8	27	0	0	0	0	2	0	1	0	39	//다크브리즌갑옷
292	-1	10	27	0	0	0	0	2	0	1	0	39	//다크브리즌장갑
292	-1	9	27	0	0	0	0	2	0	1	0	39	//다크브리즌바지
292	-1	11	27	0	0	0	0	2	0	1	0	39	//다크브리즌부츠
292	-1	8	37	0	0	0	0	2	0	1	0	39	//발리언트갑옷
292	-1	10	37	0	0	0	0	2	0	1	0	39	//발리언트장갑
292	-1	9	37	0	0	0	0	2	0	1	0	39	//발리언트바지
292	-1	11	37	0	0	0	0	2	0	1	0	39	//발리언트부츠
292	-1	7	61	0	0	0	0	2	0	1	0	39	//피어싱그로브투구
292	-1	8	61	0	0	0	0	2	0	1	0	39	//피어싱그로브갑옷
292	-1	9	61	0	0	0	0	2	0	1	0	39	//피어싱그로브바지
292	-1	11	61	0	0	0	0	2	0	1	0	39	//피어싱그로브부츠
292	-1	7	95	0	0	0	0	2	0	1	0	39	//세이트헬멧
292	-1	8	95	0	0	0	0	2	0	1	0	39	//세이트갑옷
292	-1	10	95	0	0	0	0	2	0	1	0	39	//세이트장갑
292	-1	9	95	0	0	0	0	2	0	1	0	39	//세이트바지
292	-1	11	95	0	0	0	0	2	0	1	0	39	//세이트부츠
292	-1	7	94	0	0	0	0	2	0	1	0	39	//히라트헬멧
292	-1	8	94	0	0	0	0	2	0	1	0	39	//히라트갑옷
292	-1	10	94	0	0	0	0	2	0	1	0	39	//히라트장갑
292	-1	9	94	0	0	0	0	2	0	1	0	39	//히라트바지
292	-1	11	94	0	0	0	0	2	0	1	0	39	//히라트부츠
end													
