//////////////////////////////////////////////////////////////////////////////////////													
// [평온의늪]	EachMonsterBag56												
// [ Start  ] 	2015-03-20												
// [ Latest ]	2015-03-20 17:26												
// [ Author ]	박혜진												
// [ Version ]	0.0.0.1												
// [ Text ]													
// [ Desc ]	맵에 출현하는 몬스터 별로 드롭하는 아이템 리스트를 작성하는 스크립트												
//////////////////////////////////////////////////////////////////////////////////////													
													
//사냥 마리 수	32400												
													
//몬스터 인덱스	몬스터 속성	아이템 타입	아이템 인덱스	최소레벨	최대레벨	개수	스킬	행운	추가옵션	엑설런트 	속성 아이템	확률 (1/1000000)	아이템 명
//사피우누스 95													180
441	-1	4	16	0	0	0	2	2	0	0	0	1256	//세인트크로스석궁
441	-1	4	17	0	0	0	2	2	0	0	0	1256	//홀리사이트보우
441	-1	0	16	0	0	0	2	2	0	0	0	1256	//파괴의검
441	-1	0	33	0	0	0	2	2	0	0	0	1256	//홀리스톰클로
441	-1	3	15	0	0	0	2	2	0	0	0	1256	//플루마랜스
441	-1	3	16	0	0	0	2	2	0	0	0	1256	//비스랜스
441	-1	3	10	0	0	0	2	2	0	0	0	1256	//드라곤스피어
441	-1	5	8	0	0	0	2	2	0	0	0	1256	//파멸의지팡이
441	-1	5	17	0	0	0	2	2	0	0	0	1256	//에이션트스틱
441	-1	2	10	0	0	0	2	2	0	0	0	1256	//그레이트셉터
441	-1	2	7	0	0	0	2	2	0	0	0	1256	//엘리멘탈메이스
441	-1	8	26	0	0	0	0	2	0	0	0	1256	//다크소울갑옷
441	-1	8	93	0	0	0	0	2	0	0	0	1256	//프린시갑옷
441	-1	8	60	0	0	0	0	2	0	0	0	1256	//스톰자하드갑옷
441	-1	9	60	0	0	0	0	2	0	0	0	1256	//스톰자하드바지
441	-1	8	15	0	0	0	0	2	0	0	0	1256	//아틀란스갑옷
441	-1	7	18	0	0	0	0	2	0	0	0	1256	//그랜드소울헬멧
441	-1	8	18	0	0	0	0	2	0	0	0	1256	//그랜드소울갑옷
441	-1	9	18	0	0	0	0	2	0	0	0	1256	//그랜드소울바지
441	-1	7	42	0	0	0	0	2	0	0	0	1256	//데모닉헬멧
441	-1	8	42	0	0	0	0	2	0	0	0	1256	//데모닉갑옷
441	-1	9	42	0	0	0	0	2	0	0	0	1256	//데모닉바지
441	-1	7	19	0	0	0	0	2	0	0	0	1256	//홀리스프릿헬멧
441	-1	8	19	0	0	0	0	2	0	0	0	1256	//홀리스프릿갑옷
441	-1	9	19	0	0	0	0	2	0	0	0	1256	//홀리스프릿바지
441	-1	11	19	0	0	0	0	2	0	0	0	1256	//홀리스프릿부츠
441	-1	7	27	0	0	0	0	2	0	0	0	1256	//다크브리즌마스크
441	-1	9	27	0	0	0	0	2	0	0	0	1256	//다크브리즌바지
441	-1	11	27	0	0	0	0	2	0	0	0	1256	//다크브리즌부츠
441	-1	7	16	0	0	0	0	2	0	0	0	1256	//블랙드라곤투구
441	-1	11	16	0	0	0	0	2	0	0	0	1256	//블랙드라곤부츠
441	-1	7	94	0	0	0	0	2	0	0	0	1256	//히라트헬멧
441	-1	10	94	0	0	0	0	2	0	0	0	1256	//히라트장갑
441	-1	9	94	0	0	0	0	2	0	0	0	1256	//히라트바지
441	-1	11	94	0	0	0	0	2	0	0	0	1256	//히라트부츠
441	-1	7	95	0	0	0	0	2	0	0	0	1256	//세이트헬멧
441	-1	10	95	0	0	0	0	2	0	0	0	1256	//세이트장갑
441	-1	9	95	0	0	0	0	2	0	0	0	1256	//세이트바지
441	-1	11	95	0	0	0	0	2	0	0	0	1256	//세이트부츠
441	-1	7	61	0	0	0	0	2	0	0	0	1256	//피어싱그로브투구
441	-1	9	61	0	0	0	0	2	0	0	0	1256	//피어싱그로브바지
441	-1	11	61	0	0	0	0	2	0	0	0	1256	//피어싱그로브부츠
441	-1	8	16	0	0	0	0	2	0	0	0	1256	//블랙드라곤갑옷
441	-1	9	16	0	0	0	0	2	0	0	0	1256	//블랙드라곤바지
441	-1	10	24	0	0	0	0	2	0	0	0	1256	//레드스피릿장갑
441	-1	7	24	0	0	0	0	2	0	0	0	1256	//레드스피릿헬멧
441	-1	11	24	0	0	0	0	2	0	0	0	1256	//레드스피릿부츠
441	-1	7	17	0	0	0	0	2	0	0	0	1256	//다크피닉스투구
441	-1	10	17	0	0	0	0	2	0	0	0	1256	//다크피닉스장갑
441	-1	11	17	0	0	0	0	2	0	0	0	1256	//다크피닉스부츠
441	-1	10	22	0	0	0	0	2	0	0	0	1256	//블랙소울장갑
441	-1	11	22	0	0	0	0	2	0	0	0	1256	//블랙소울부츠
441	-1	10	20	0	0	0	0	2	0	0	0	1256	//선더호크장갑
441	-1	11	20	0	0	0	0	2	0	0	0	1256	//선더호크부츠
441	-1	10	28	0	0	0	0	2	0	0	0	1256	//다크마스터장갑
441	-1	11	28	0	0	0	0	2	0	0	0	1256	//다크마스터부츠
441	-1	10	37	0	0	0	0	2	0	0	0	1256	//발리언트장갑
441	-1	10	38	0	0	0	0	2	0	0	0	1256	//글로리어스장갑
441	-1	10	21	0	0	0	0	2	0	0	0	1256	//그레이트드라곤장갑
//사피우누스 엑설런트													
441	-1	4	32	0	0	0	0	2	0	1	0	2	//전투화살통
441	-1	1	8	0	0	0	0	2	0	1	0	2	//반월도끼
441	-1	2	4	0	0	0	0	2	0	1	0	2	//크리스탈모닝스타
441	-1	4	5	0	0	0	0	2	0	1	0	2	//실버보우
441	-1	4	13	0	0	0	0	2	0	1	0	2	//블루윙석궁
441	-1	0	12	0	0	0	0	2	0	1	0	2	//태양검
441	-1	0	14	0	0	0	0	2	0	1	0	2	//번개검
441	-1	3	9	0	0	0	0	2	0	1	0	2	//발록의낫
441	-1	3	8	0	0	0	0	2	0	1	0	2	//그레이트사이드
441	-1	3	14	0	0	0	0	2	0	1	0	2	//콘모시온랜스
441	-1	3	18	0	0	0	0	2	0	1	0	2	//알라크란랜스
441	-1	5	5	0	0	0	0	2	0	1	0	2	//전설의지팡이
441	-1	5	6	0	0	0	0	2	0	1	0	2	//부활의지팡이
441	-1	5	16	0	0	0	0	2	0	1	0	2	//레드윙스틱
441	-1	5	22	0	0	0	0	2	0	1	0	2	//닐의서
441	-1	5	23	0	0	0	0	2	0	1	0	2	//라글의서
441	-1	2	8	0	0	0	0	2	0	1	0	2	//배틀셉터
441	-1	6	12	0	0	0	0	2	0	1	0	2	//브론즈방패
441	-1	6	13	0	0	0	0	2	0	1	0	2	//드라곤방패
441	-1	6	16	0	0	0	0	2	0	1	0	2	//엘리멘탈방패
441	-1	6	21	0	0	0	0	2	0	1	0	2	//크로스실드
441	-1	6	30	0	0	0	0	2	0	1	0	2	//플루마실드
441	-1	8	92	0	0	0	0	2	0	1	0	2	//그루힐갑옷
441	-1	9	92	0	0	0	0	2	0	1	0	2	//그루힐바지
441	-1	8	25	0	0	0	0	2	0	1	0	2	//라운드갑옷
441	-1	8	3	0	0	0	0	2	0	1	0	2	//전설의갑옷
441	-1	9	3	0	0	0	0	2	0	1	0	2	//전설의바지
441	-1	8	40	0	0	0	0	2	0	1	0	2	//레드윙갑옷
441	-1	9	40	0	0	0	0	2	0	1	0	2	//레드윙바지
441	-1	7	59	0	0	0	0	2	0	1	0	2	//세크리드파이어투구
441	-1	8	59	0	0	0	0	2	0	1	0	2	//세크리드파이어갑옷
441	-1	9	59	0	0	0	0	2	0	1	0	2	//세크리드파이어바지
441	-1	7	14	0	0	0	0	2	0	1	0	2	//수호헬멧
441	-1	8	14	0	0	0	0	2	0	1	0	2	//수호갑옷
441	-1	9	14	0	0	0	0	2	0	1	0	2	//수호바지
441	-1	7	1	0	0	0	0	2	0	1	0	2	//드라곤투구
441	-1	8	1	0	0	0	0	2	0	1	0	2	//드라곤갑옷
441	-1	9	1	0	0	0	0	2	0	1	0	2	//드라곤바지
441	-1	11	1	0	0	0	0	2	0	1	0	2	//드라곤부츠
441	-1	7	26	0	0	0	0	2	0	1	0	2	//다크소울마스크
441	-1	10	26	0	0	0	0	2	0	1	0	2	//다크소울장갑
441	-1	9	26	0	0	0	0	2	0	1	0	2	//다크소울바지
441	-1	11	26	0	0	0	0	2	0	1	0	2	//다크소울부츠
441	-1	7	93	0	0	0	0	2	0	1	0	2	//프린시헬멧
441	-1	10	93	0	0	0	0	2	0	1	0	2	//프린시장갑
441	-1	11	93	0	0	0	0	2	0	1	0	2	//프린시부츠
441	-1	7	34	0	0	0	0	2	0	1	0	2	//애쉬크로우헬멧
441	-1	10	34	0	0	0	0	2	0	1	0	2	//애쉬크로우장갑
441	-1	9	34	0	0	0	0	2	0	1	0	2	//애쉬크로우바지
441	-1	11	34	0	0	0	0	2	0	1	0	2	//애쉬크로우부츠
441	-1	7	35	0	0	0	0	2	0	1	0	2	//이클립스헬멧
441	-1	10	35	0	0	0	0	2	0	1	0	2	//이클립스장갑
441	-1	9	35	0	0	0	0	2	0	1	0	2	//이클립스바지
441	-1	11	35	0	0	0	0	2	0	1	0	2	//이클립스부츠
441	-1	7	36	0	0	0	0	2	0	1	0	2	//아이리스헬멧
441	-1	10	36	0	0	0	0	2	0	1	0	2	//아이리스장갑
441	-1	9	36	0	0	0	0	2	0	1	0	2	//아이리스바지
441	-1	11	36	0	0	0	0	2	0	1	0	2	//아이리스부츠
441	-1	7	41	0	0	0	0	2	0	1	0	2	//에이션트헬멧
441	-1	10	41	0	0	0	0	2	0	1	0	2	//에이션트장갑
441	-1	11	41	0	0	0	0	2	0	1	0	2	//에이션트부츠
441	-1	7	60	0	0	0	0	2	0	1	0	2	//스톰자하드투구
441	-1	11	60	0	0	0	0	2	0	1	0	2	//스톰자하드부츠
441	-1	10	15	0	0	0	0	2	0	1	0	2	//아틀란스장갑
441	-1	10	18	0	0	0	0	2	0	1	0	2	//그랜드소울장갑
441	-1	10	42	0	0	0	0	2	0	1	0	2	//데모닉장갑
//사피두오 96													180
442	-1	2	7	0	0	0	2	2	0	0	0	1377	//엘리멘탈메이스
442	-1	4	16	0	0	0	2	2	0	0	0	1377	//세인트크로스석궁
442	-1	4	17	0	0	0	2	2	0	0	0	1377	//홀리사이트보우
442	-1	0	16	0	0	0	2	2	0	0	0	1377	//파괴의검
442	-1	0	33	0	0	0	2	2	0	0	0	1377	//홀리스톰클로
442	-1	3	15	0	0	0	2	2	0	0	0	1377	//플루마랜스
442	-1	3	16	0	0	0	2	2	0	0	0	1377	//비스랜스
442	-1	3	10	0	0	0	2	2	0	0	0	1377	//드라곤스피어
442	-1	5	8	0	0	0	2	2	0	0	0	1377	//파멸의지팡이
442	-1	5	17	0	0	0	2	2	0	0	0	1377	//에이션트스틱
442	-1	2	10	0	0	0	2	2	0	0	0	1377	//그레이트셉터
442	-1	8	26	0	0	0	0	2	0	0	0	1377	//다크소울갑옷
442	-1	8	93	0	0	0	0	2	0	0	0	1377	//프린시갑옷
442	-1	8	60	0	0	0	0	2	0	0	0	1377	//스톰자하드갑옷
442	-1	9	60	0	0	0	0	2	0	0	0	1377	//스톰자하드바지
442	-1	8	15	0	0	0	0	2	0	0	0	1377	//아틀란스갑옷
442	-1	7	18	0	0	0	0	2	0	0	0	1377	//그랜드소울헬멧
442	-1	8	18	0	0	0	0	2	0	0	0	1377	//그랜드소울갑옷
442	-1	9	18	0	0	0	0	2	0	0	0	1377	//그랜드소울바지
442	-1	7	42	0	0	0	0	2	0	0	0	1377	//데모닉헬멧
442	-1	8	42	0	0	0	0	2	0	0	0	1377	//데모닉갑옷
442	-1	9	42	0	0	0	0	2	0	0	0	1377	//데모닉바지
442	-1	7	19	0	0	0	0	2	0	0	0	1377	//홀리스프릿헬멧
442	-1	8	19	0	0	0	0	2	0	0	0	1377	//홀리스프릿갑옷
442	-1	9	19	0	0	0	0	2	0	0	0	1377	//홀리스프릿바지
442	-1	11	19	0	0	0	0	2	0	0	0	1377	//홀리스프릿부츠
442	-1	7	27	0	0	0	0	2	0	0	0	1377	//다크브리즌마스크
442	-1	8	27	0	0	0	0	2	0	0	0	1377	//다크브리즌갑옷
442	-1	9	27	0	0	0	0	2	0	0	0	1377	//다크브리즌바지
442	-1	11	27	0	0	0	0	2	0	0	0	1377	//다크브리즌부츠
442	-1	7	16	0	0	0	0	2	0	0	0	1377	//블랙드라곤투구
442	-1	8	16	0	0	0	0	2	0	0	0	1377	//블랙드라곤갑옷
442	-1	9	16	0	0	0	0	2	0	0	0	1377	//블랙드라곤바지
442	-1	11	16	0	0	0	0	2	0	0	0	1377	//블랙드라곤부츠
442	-1	7	94	0	0	0	0	2	0	0	0	1377	//히라트헬멧
442	-1	10	94	0	0	0	0	2	0	0	0	1377	//히라트장갑
442	-1	9	94	0	0	0	0	2	0	0	0	1377	//히라트바지
442	-1	11	94	0	0	0	0	2	0	0	0	1377	//히라트부츠
442	-1	7	95	0	0	0	0	2	0	0	0	1377	//세이트헬멧
442	-1	10	95	0	0	0	0	2	0	0	0	1377	//세이트장갑
442	-1	9	95	0	0	0	0	2	0	0	0	1377	//세이트바지
442	-1	11	95	0	0	0	0	2	0	0	0	1377	//세이트부츠
442	-1	7	61	0	0	0	0	2	0	0	0	1377	//피어싱그로브투구
442	-1	9	61	0	0	0	0	2	0	0	0	1377	//피어싱그로브바지
442	-1	11	61	0	0	0	0	2	0	0	0	1377	//피어싱그로브부츠
442	-1	7	24	0	0	0	0	2	0	0	0	1377	//레드스프릿헬멧
442	-1	10	24	0	0	0	0	2	0	0	0	1377	//레드스프릿장갑
442	-1	11	24	0	0	0	0	2	0	0	0	1377	//레드스프릿부츠
442	-1	7	17	0	0	0	0	2	0	0	0	1377	//다크피닉스투구
442	-1	10	17	0	0	0	0	2	0	0	0	1377	//다크피닉스장갑
442	-1	9	17	0	0	0	0	2	0	0	0	1377	//다크피닉스바지
442	-1	11	17	0	0	0	0	2	0	0	0	1377	//다크피닉스부츠
442	-1	10	22	0	0	0	0	2	0	0	0	1377	//블랙소울장갑
442	-1	11	22	0	0	0	0	2	0	0	0	1377	//블랙소울부츠
442	-1	10	20	0	0	0	0	2	0	0	0	1377	//선더호크장갑
442	-1	11	20	0	0	0	0	2	0	0	0	1377	//선더호크부츠
442	-1	10	28	0	0	0	0	2	0	0	0	1377	//다크마스터장갑
442	-1	11	28	0	0	0	0	2	0	0	0	1377	//다크마스터부츠
442	-1	10	37	0	0	0	0	2	0	0	0	1377	//발리언트장갑
442	-1	10	38	0	0	0	0	2	0	0	0	1377	//글로리어스장갑
442	-1	10	21	0	0	0	0	2	0	0	0	1377	//그레이트드라곤장갑
//사피두오 엑설런트													
442	-1	1	8	0	0	0	0	2	0	1	0	2	//반월도끼
442	-1	2	4	0	0	0	0	2	0	1	0	2	//크리스탈모닝스타
442	-1	4	5	0	0	0	0	2	0	1	0	2	//실버보우
442	-1	4	13	0	0	0	0	2	0	1	0	2	//블루윙석궁
442	-1	0	12	0	0	0	0	2	0	1	0	2	//태양검
442	-1	0	14	0	0	0	0	2	0	1	0	2	//번개검
442	-1	3	9	0	0	0	0	2	0	1	0	2	//발록의낫
442	-1	3	8	0	0	0	0	2	0	1	0	2	//그레이트사이드
442	-1	3	14	0	0	0	0	2	0	1	0	2	//콘모시온랜스
442	-1	3	18	0	0	0	0	2	0	1	0	2	//알라크란랜스
442	-1	5	5	0	0	0	0	2	0	1	0	2	//전설의지팡이
442	-1	5	6	0	0	0	0	2	0	1	0	2	//부활의지팡이
442	-1	5	16	0	0	0	0	2	0	1	0	2	//레드윙스틱
442	-1	5	22	0	0	0	0	2	0	1	0	2	//닐의서
442	-1	5	23	0	0	0	0	2	0	1	0	2	//라글의서
442	-1	2	8	0	0	0	0	2	0	1	0	2	//배틀셉터
442	-1	6	12	0	0	0	0	2	0	1	0	2	//브론즈방패
442	-1	6	13	0	0	0	0	2	0	1	0	2	//드라곤방패
442	-1	6	16	0	0	0	0	2	0	1	0	2	//엘리멘탈방패
442	-1	6	21	0	0	0	0	2	0	1	0	2	//크로스실드
442	-1	6	30	0	0	0	0	2	0	1	0	2	//플루마실드
442	-1	8	92	0	0	0	0	2	0	1	0	2	//그루힐갑옷
442	-1	9	92	0	0	0	0	2	0	1	0	2	//그루힐바지
442	-1	8	25	0	0	0	0	2	0	1	0	2	//라운드갑옷
442	-1	8	3	0	0	0	0	2	0	1	0	2	//전설의갑옷
442	-1	9	3	0	0	0	0	2	0	1	0	2	//전설의바지
442	-1	8	40	0	0	0	0	2	0	1	0	2	//레드윙갑옷
442	-1	9	40	0	0	0	0	2	0	1	0	2	//레드윙바지
442	-1	7	59	0	0	0	0	2	0	1	0	2	//세크리드파이어투구
442	-1	8	59	0	0	0	0	2	0	1	0	2	//세크리드파이어갑옷
442	-1	9	59	0	0	0	0	2	0	1	0	2	//세크리드파이어바지
442	-1	7	14	0	0	0	0	2	0	1	0	2	//수호헬멧
442	-1	8	14	0	0	0	0	2	0	1	0	2	//수호갑옷
442	-1	9	14	0	0	0	0	2	0	1	0	2	//수호바지
442	-1	7	1	0	0	0	0	2	0	1	0	2	//드라곤투구
442	-1	8	1	0	0	0	0	2	0	1	0	2	//드라곤갑옷
442	-1	9	1	0	0	0	0	2	0	1	0	2	//드라곤바지
442	-1	11	1	0	0	0	0	2	0	1	0	2	//드라곤부츠
442	-1	7	26	0	0	0	0	2	0	1	0	2	//다크소울마스크
442	-1	10	26	0	0	0	0	2	0	1	0	2	//다크소울장갑
442	-1	9	26	0	0	0	0	2	0	1	0	2	//다크소울바지
442	-1	11	26	0	0	0	0	2	0	1	0	2	//다크소울부츠
442	-1	7	93	0	0	0	0	2	0	1	0	2	//프린시헬멧
442	-1	10	93	0	0	0	0	2	0	1	0	2	//프린시장갑
442	-1	11	93	0	0	0	0	2	0	1	0	2	//프린시부츠
442	-1	7	34	0	0	0	0	2	0	1	0	2	//애쉬크로우헬멧
442	-1	10	34	0	0	0	0	2	0	1	0	2	//애쉬크로우장갑
442	-1	9	34	0	0	0	0	2	0	1	0	2	//애쉬크로우바지
442	-1	11	34	0	0	0	0	2	0	1	0	2	//애쉬크로우부츠
442	-1	7	35	0	0	0	0	2	0	1	0	2	//이클립스헬멧
442	-1	10	35	0	0	0	0	2	0	1	0	2	//이클립스장갑
442	-1	9	35	0	0	0	0	2	0	1	0	2	//이클립스바지
442	-1	11	35	0	0	0	0	2	0	1	0	2	//이클립스부츠
442	-1	7	36	0	0	0	0	2	0	1	0	2	//아이리스헬멧
442	-1	10	36	0	0	0	0	2	0	1	0	2	//아이리스장갑
442	-1	9	36	0	0	0	0	2	0	1	0	2	//아이리스바지
442	-1	11	36	0	0	0	0	2	0	1	0	2	//아이리스부츠
442	-1	7	41	0	0	0	0	2	0	1	0	2	//에이션트헬멧
442	-1	10	41	0	0	0	0	2	0	1	0	2	//에이션트장갑
442	-1	11	41	0	0	0	0	2	0	1	0	2	//에이션트부츠
442	-1	7	60	0	0	0	0	2	0	1	0	2	//스톰자하드투구
442	-1	11	60	0	0	0	0	2	0	1	0	2	//스톰자하드부츠
442	-1	10	15	0	0	0	0	2	0	1	0	2	//아틀란스장갑
442	-1	10	18	0	0	0	0	2	0	1	0	2	//그랜드소울장갑
442	-1	10	42	0	0	0	0	2	0	1	0	2	//데모닉장갑
//썬더네이핀 97													180
447	-1	2	7	0	0	0	2	2	0	0	0	1647	//엘리멘탈메이스
447	-1	4	16	0	0	0	2	2	0	0	0	1647	//세인트크로스석궁
447	-1	4	17	0	0	0	2	2	0	0	0	1647	//홀리사이트보우
447	-1	0	16	0	0	0	2	2	0	0	0	1647	//파괴의검
447	-1	0	33	0	0	0	2	2	0	0	0	1647	//홀리스톰클로
447	-1	3	15	0	0	0	2	2	0	0	0	1647	//플루마랜스
447	-1	3	16	0	0	0	2	2	0	0	0	1647	//비스랜스
447	-1	3	10	0	0	0	2	2	0	0	0	1647	//드라곤스피어
447	-1	5	8	0	0	0	2	2	0	0	0	1647	//파멸의지팡이
447	-1	2	10	0	0	0	2	2	0	0	0	1647	//그레이트셉터
447	-1	8	93	0	0	0	0	2	0	0	0	1647	//프린시갑옷
447	-1	8	60	0	0	0	0	2	0	0	0	1647	//스톰자하드갑옷
447	-1	8	15	0	0	0	0	2	0	0	0	1647	//아틀란스갑옷
447	-1	7	18	0	0	0	0	2	0	0	0	1647	//그랜드소울헬멧
447	-1	8	18	0	0	0	0	2	0	0	0	1647	//그랜드소울갑옷
447	-1	9	18	0	0	0	0	2	0	0	0	1647	//그랜드소울바지
447	-1	7	42	0	0	0	0	2	0	0	0	1647	//데모닉헬멧
447	-1	8	42	0	0	0	0	2	0	0	0	1647	//데모닉갑옷
447	-1	9	42	0	0	0	0	2	0	0	0	1647	//데모닉바지
447	-1	7	19	0	0	0	0	2	0	0	0	1647	//홀리스프릿헬멧
447	-1	8	19	0	0	0	0	2	0	0	0	1647	//홀리스프릿갑옷
447	-1	9	19	0	0	0	0	2	0	0	0	1647	//홀리스프릿바지
447	-1	11	19	0	0	0	0	2	0	0	0	1647	//홀리스프릿부츠
447	-1	7	27	0	0	0	0	2	0	0	0	1647	//다크브리즌마스크
447	-1	8	27	0	0	0	0	2	0	0	0	1647	//다크브리즌갑옷
447	-1	9	27	0	0	0	0	2	0	0	0	1647	//다크브리즌바지
447	-1	11	27	0	0	0	0	2	0	0	0	1647	//다크브리즌부츠
447	-1	7	16	0	0	0	0	2	0	0	0	1647	//블랙드라곤투구
447	-1	8	16	0	0	0	0	2	0	0	0	1647	//블랙드라곤갑옷
447	-1	9	16	0	0	0	0	2	0	0	0	1647	//블랙드라곤바지
447	-1	7	94	0	0	0	0	2	0	0	0	1647	//히라트헬멧
447	-1	10	94	0	0	0	0	2	0	0	0	1647	//히라트장갑
447	-1	9	94	0	0	0	0	2	0	0	0	1647	//히라트바지
447	-1	11	94	0	0	0	0	2	0	0	0	1647	//히라트부츠
447	-1	7	95	0	0	0	0	2	0	0	0	1647	//세이트헬멧
447	-1	10	95	0	0	0	0	2	0	0	0	1647	//세이트장갑
447	-1	9	95	0	0	0	0	2	0	0	0	1647	//세이트바지
447	-1	11	95	0	0	0	0	2	0	0	0	1647	//세이트부츠
447	-1	7	61	0	0	0	0	2	0	0	0	1647	//피어싱그로브투구
447	-1	9	61	0	0	0	0	2	0	0	0	1647	//피어싱그로브바지
447	-1	11	61	0	0	0	0	2	0	0	0	1647	//피어싱그로브부츠
447	-1	7	24	0	0	0	0	2	0	0	0	1647	//레드스프릿헬멧
447	-1	10	24	0	0	0	0	2	0	0	0	1647	//레드스프릿장갑
447	-1	11	24	0	0	0	0	2	0	0	0	1647	//레드스프릿부츠
447	-1	7	17	0	0	0	0	2	0	0	0	1647	//다크피닉스투구
447	-1	10	17	0	0	0	0	2	0	0	0	1647	//다크피닉스장갑
447	-1	9	17	0	0	0	0	2	0	0	0	1647	//다크피닉스바지
447	-1	11	17	0	0	0	0	2	0	0	0	1647	//다크피닉스부츠
447	-1	10	22	0	0	0	0	2	0	0	0	1647	//블랙소울장갑
447	-1	11	22	0	0	0	0	2	0	0	0	1647	//블랙소울부츠
447	-1	10	20	0	0	0	0	2	0	0	0	1647	//선더호크장갑
447	-1	11	20	0	0	0	0	2	0	0	0	1647	//선더호크부츠
447	-1	10	28	0	0	0	0	2	0	0	0	1647	//다크마스터장갑
447	-1	11	28	0	0	0	0	2	0	0	0	1647	//다크마스터부츠
447	-1	10	37	0	0	0	0	2	0	0	0	1647	//발리언트장갑
447	-1	7	38	0	0	0	0	2	0	0	0	1647	//글로리어스마스크
447	-1	10	38	0	0	0	0	2	0	0	0	1647	//글로리어스장갑
447	-1	10	21	0	0	0	0	2	0	0	0	1647	//그레이트드라곤장갑
//썬더네이핀 엑설런트													
447	-1	1	8	0	0	0	0	2	0	1	0	2	//반월도끼
447	-1	2	4	0	0	0	0	2	0	1	0	2	//크리스탈모닝스타
447	-1	4	5	0	0	0	0	2	0	1	0	2	//실버보우
447	-1	4	13	0	0	0	0	2	0	1	0	2	//블루윙석궁
447	-1	4	14	0	0	0	0	2	0	1	0	2	//아쿠아골드석궁
447	-1	0	12	0	0	0	0	2	0	1	0	2	//태양검
447	-1	0	14	0	0	0	0	2	0	1	0	2	//번개검
447	-1	2	5	0	0	0	0	2	0	1	0	2	//크리스탈검
447	-1	3	9	0	0	0	0	2	0	1	0	2	//발록의낫
447	-1	3	8	0	0	0	0	2	0	1	0	2	//그레이트사이드
447	-1	3	14	0	0	0	0	2	0	1	0	2	//콘모시온랜스
447	-1	3	18	0	0	0	0	2	0	1	0	2	//알라크란랜스
447	-1	5	5	0	0	0	0	2	0	1	0	2	//전설의지팡이
447	-1	5	6	0	0	0	0	2	0	1	0	2	//부활의지팡이
447	-1	5	16	0	0	0	0	2	0	1	0	2	//레드윙스틱
447	-1	5	22	0	0	0	0	2	0	1	0	2	//닐의서
447	-1	5	23	0	0	0	0	2	0	1	0	2	//라글의서
447	-1	2	8	0	0	0	0	2	0	1	0	2	//배틀셉터
447	-1	2	9	0	0	0	0	2	0	1	0	2	//마스터셉터
447	-1	6	12	0	0	0	0	2	0	1	0	2	//브론즈방패
447	-1	6	13	0	0	0	0	2	0	1	0	2	//드라곤방패
447	-1	6	16	0	0	0	0	2	0	1	0	2	//엘리멘탈방패
447	-1	6	21	0	0	0	0	2	0	1	0	2	//크로스실드
447	-1	6	30	0	0	0	0	2	0	1	0	2	//플루마실드
447	-1	8	92	0	0	0	0	2	0	1	0	2	//그루힐갑옷
447	-1	9	92	0	0	0	0	2	0	1	0	2	//그루힐바지
447	-1	8	25	0	0	0	0	2	0	1	0	2	//라운드갑옷
447	-1	8	3	0	0	0	0	2	0	1	0	2	//전설의갑옷
447	-1	8	40	0	0	0	0	2	0	1	0	2	//레드윙갑옷
447	-1	7	59	0	0	0	0	2	0	1	0	2	//세크리드파이어투구
447	-1	8	59	0	0	0	0	2	0	1	0	2	//세크리드파이어갑옷
447	-1	9	59	0	0	0	0	2	0	1	0	2	//세크리드파이어바지
447	-1	8	14	0	0	0	0	2	0	1	0	2	//수호갑옷
447	-1	9	14	0	0	0	0	2	0	1	0	2	//수호바지
447	-1	7	1	0	0	0	0	2	0	1	0	2	//드라곤투구
447	-1	8	1	0	0	0	0	2	0	1	0	2	//드라곤갑옷
447	-1	9	1	0	0	0	0	2	0	1	0	2	//드라곤바지
447	-1	11	1	0	0	0	0	2	0	1	0	2	//드라곤부츠
447	-1	7	26	0	0	0	0	2	0	1	0	2	//다크소울마스크
447	-1	10	26	0	0	0	0	2	0	1	0	2	//다크소울장갑
447	-1	9	26	0	0	0	0	2	0	1	0	2	//다크소울바지
447	-1	11	26	0	0	0	0	2	0	1	0	2	//다크소울부츠
447	-1	7	93	0	0	0	0	2	0	1	0	2	//프린시헬멧
447	-1	10	93	0	0	0	0	2	0	1	0	2	//프린시장갑
447	-1	11	93	0	0	0	0	2	0	1	0	2	//프린시부츠
447	-1	7	34	0	0	0	0	2	0	1	0	2	//애쉬크로우헬멧
447	-1	10	34	0	0	0	0	2	0	1	0	2	//애쉬크로우장갑
447	-1	9	34	0	0	0	0	2	0	1	0	2	//애쉬크로우바지
447	-1	11	34	0	0	0	0	2	0	1	0	2	//애쉬크로우부츠
447	-1	7	35	0	0	0	0	2	0	1	0	2	//이클립스헬멧
447	-1	10	35	0	0	0	0	2	0	1	0	2	//이클립스장갑
447	-1	9	35	0	0	0	0	2	0	1	0	2	//이클립스바지
447	-1	11	35	0	0	0	0	2	0	1	0	2	//이클립스부츠
447	-1	7	36	0	0	0	0	2	0	1	0	2	//아이리스헬멧
447	-1	10	36	0	0	0	0	2	0	1	0	2	//아이리스장갑
447	-1	9	36	0	0	0	0	2	0	1	0	2	//아이리스바지
447	-1	11	36	0	0	0	0	2	0	1	0	2	//아이리스부츠
447	-1	7	41	0	0	0	0	2	0	1	0	2	//에이션트헬멧
447	-1	10	41	0	0	0	0	2	0	1	0	2	//에이션트장갑
447	-1	9	41	0	0	0	0	2	0	1	0	2	//에이션트바지
447	-1	11	41	0	0	0	0	2	0	1	0	2	//에이션트부츠
447	-1	7	60	0	0	0	0	2	0	1	0	2	//스톰자하드투구
447	-1	11	60	0	0	0	0	2	0	1	0	2	//스톰자하드부츠
447	-1	10	15	0	0	0	0	2	0	1	0	2	//아틀란스장갑
447	-1	11	15	0	0	0	0	2	0	1	0	2	//아틀란스부츠
447	-1	10	18	0	0	0	0	2	0	1	0	2	//그랜드소울장갑
447	-1	10	42	0	0	0	0	2	0	1	0	2	//데모닉장갑
447	-1	10	19	0	0	0	0	2	0	1	0	2	//홀리스프릿장갑
//쉐도우폰 98													180
444	-1	4	16	0	0	0	2	2	0	0	0	1496	//세인트크로스석궁
444	-1	4	17	0	0	0	2	2	0	0	0	1496	//홀리사이트보우
444	-1	0	16	0	0	0	2	2	0	0	0	1496	//파괴의검
444	-1	0	33	0	0	0	2	2	0	0	0	1496	//홀리스톰클로
444	-1	3	15	0	0	0	2	2	0	0	0	1496	//플루마랜스
444	-1	3	16	0	0	0	2	2	0	0	0	1496	//비스랜스
444	-1	3	10	0	0	0	2	2	0	0	0	1496	//드라곤스피어
444	-1	5	8	0	0	0	2	2	0	0	0	1496	//파멸의지팡이
444	-1	2	10	0	0	0	2	2	0	0	0	1496	//그레이트셉터
444	-1	2	11	0	0	0	2	2	0	0	0	1496	//로드셉터
444	-1	2	7	0	0	0	2	2	0	0	0	1496	//엘리멘탈메이스
444	-1	8	93	0	0	0	0	2	0	0	0	1496	//프린시갑옷
444	-1	8	60	0	0	0	0	2	0	0	0	1496	//스톰자하드갑옷
444	-1	8	15	0	0	0	0	2	0	0	0	1496	//아틀란스갑옷
444	-1	7	18	0	0	0	0	2	0	0	0	1496	//그랜드소울헬멧
444	-1	8	18	0	0	0	0	2	0	0	0	1496	//그랜드소울갑옷
444	-1	9	18	0	0	0	0	2	0	0	0	1496	//그랜드소울바지
444	-1	7	42	0	0	0	0	2	0	0	0	1496	//데모닉헬멧
444	-1	8	42	0	0	0	0	2	0	0	0	1496	//데모닉갑옷
444	-1	9	42	0	0	0	0	2	0	0	0	1496	//데모닉바지
444	-1	7	19	0	0	0	0	2	0	0	0	1496	//홀리스프릿헬멧
444	-1	8	19	0	0	0	0	2	0	0	0	1496	//홀리스프릿갑옷
444	-1	9	19	0	0	0	0	2	0	0	0	1496	//홀리스프릿바지
444	-1	11	19	0	0	0	0	2	0	0	0	1496	//홀리스프릿부츠
444	-1	7	27	0	0	0	0	2	0	0	0	1496	//다크브리즌마스크
444	-1	8	27	0	0	0	0	2	0	0	0	1496	//다크브리즌갑옷
444	-1	9	27	0	0	0	0	2	0	0	0	1496	//다크브리즌바지
444	-1	11	27	0	0	0	0	2	0	0	0	1496	//다크브리즌부츠
444	-1	7	16	0	0	0	0	2	0	0	0	1496	//블랙드라곤투구
444	-1	7	94	0	0	0	0	2	0	0	0	1496	//히라트헬멧
444	-1	10	94	0	0	0	0	2	0	0	0	1496	//히라트장갑
444	-1	9	94	0	0	0	0	2	0	0	0	1496	//히라트바지
444	-1	11	94	0	0	0	0	2	0	0	0	1496	//히라트부츠
444	-1	7	95	0	0	0	0	2	0	0	0	1496	//세이트헬멧
444	-1	10	95	0	0	0	0	2	0	0	0	1496	//세이트장갑
444	-1	9	95	0	0	0	0	2	0	0	0	1496	//세이트바지
444	-1	11	95	0	0	0	0	2	0	0	0	1496	//세이트부츠
444	-1	7	61	0	0	0	0	2	0	0	0	1496	//피어싱그로브투구
444	-1	9	61	0	0	0	0	2	0	0	0	1496	//피어싱그로브바지
444	-1	11	61	0	0	0	0	2	0	0	0	1496	//피어싱그로브부츠
444	-1	8	16	0	0	0	0	2	0	0	0	1496	//블랙드라곤갑옷
444	-1	9	16	0	0	0	0	2	0	0	0	1496	//블랙드라곤바지
444	-1	10	24	0	0	0	0	2	0	0	0	1496	//레드스피릿장갑
444	-1	7	24	0	0	0	0	2	0	0	0	1496	//레드스피릿헬멧
444	-1	11	24	0	0	0	0	2	0	0	0	1496	//레드스피릿부츠
444	-1	7	17	0	0	0	0	2	0	0	0	1496	//다크피닉스투구
444	-1	10	17	0	0	0	0	2	0	0	0	1496	//다크피닉스장갑
444	-1	9	17	0	0	0	0	2	0	0	0	1496	//다크피닉스바지
444	-1	11	17	0	0	0	0	2	0	0	0	1496	//다크피닉스부츠
444	-1	10	22	0	0	0	0	2	0	0	0	1496	//블랙소울장갑
444	-1	11	22	0	0	0	0	2	0	0	0	1496	//블랙소울부츠
444	-1	10	20	0	0	0	0	2	0	0	0	1496	//선더호크장갑
444	-1	11	20	0	0	0	0	2	0	0	0	1496	//선더호크부츠
444	-1	10	28	0	0	0	0	2	0	0	0	1496	//다크마스터장갑
444	-1	11	28	0	0	0	0	2	0	0	0	1496	//다크마스터부츠
444	-1	10	37	0	0	0	0	2	0	0	0	1496	//발리언트장갑
444	-1	11	37	0	0	0	0	2	0	0	0	1496	//발리언트부츠
444	-1	7	38	0	0	0	0	2	0	0	0	1496	//글로리어스마스크
444	-1	10	38	0	0	0	0	2	0	0	0	1496	//글로리어스장갑
444	-1	11	38	0	0	0	0	2	0	0	0	1496	//글로리어스부츠
444	-1	10	21	0	0	0	0	2	0	0	0	1496	//그레이트드라곤장갑
444	-1	11	21	0	0	0	0	2	0	0	0	1496	//그레이트드라곤부츠
//쉐도우폰 엑설런트													
444	-1	2	4	0	0	0	0	2	0	1	0	2	//크리스탈모닝스타
444	-1	4	5	0	0	0	0	2	0	1	0	2	//실버보우
444	-1	4	13	0	0	0	0	2	0	1	0	2	//블루윙석궁
444	-1	4	14	0	0	0	0	2	0	1	0	2	//아쿠아골드석궁
444	-1	0	12	0	0	0	0	2	0	1	0	2	//태양검
444	-1	0	14	0	0	0	0	2	0	1	0	2	//번개검
444	-1	2	5	0	0	0	0	2	0	1	0	2	//크리스탈검
444	-1	3	9	0	0	0	0	2	0	1	0	2	//발록의낫
444	-1	3	14	0	0	0	0	2	0	1	0	2	//콘모시온랜스
444	-1	3	18	0	0	0	0	2	0	1	0	2	//알라크란랜스
444	-1	5	5	0	0	0	0	2	0	1	0	2	//전설의지팡이
444	-1	5	6	0	0	0	0	2	0	1	0	2	//부활의지팡이
444	-1	5	16	0	0	0	0	2	0	1	0	2	//레드윙스틱
444	-1	5	22	0	0	0	0	2	0	1	0	2	//닐의서
444	-1	5	23	0	0	0	0	2	0	1	0	2	//라글의서
444	-1	2	9	0	0	0	0	2	0	1	0	2	//마스터셉터
444	-1	6	13	0	0	0	0	2	0	1	0	2	//드라곤방패
444	-1	6	16	0	0	0	0	2	0	1	0	2	//엘리멘탈방패
444	-1	6	21	0	0	0	0	2	0	1	0	2	//크로스실드
444	-1	6	30	0	0	0	0	2	0	1	0	2	//플루마실드
444	-1	8	92	0	0	0	0	2	0	1	0	2	//그루힐갑옷
444	-1	8	25	0	0	0	0	2	0	1	0	2	//라운드갑옷
444	-1	8	3	0	0	0	0	2	0	1	0	2	//전설의갑옷
444	-1	8	40	0	0	0	0	2	0	1	0	2	//레드윙갑옷
444	-1	8	59	0	0	0	0	2	0	1	0	2	//세크리드파이어갑옷
444	-1	9	59	0	0	0	0	2	0	1	0	2	//세크리드파이어바지
444	-1	8	14	0	0	0	0	2	0	1	0	2	//수호갑옷
444	-1	7	1	0	0	0	0	2	0	1	0	2	//드라곤투구
444	-1	8	1	0	0	0	0	2	0	1	0	2	//드라곤갑옷
444	-1	9	1	0	0	0	0	2	0	1	0	2	//드라곤바지
444	-1	7	26	0	0	0	0	2	0	1	0	2	//다크소울마스크
444	-1	10	26	0	0	0	0	2	0	1	0	2	//다크소울장갑
444	-1	9	26	0	0	0	0	2	0	1	0	2	//다크소울바지
444	-1	11	26	0	0	0	0	2	0	1	0	2	//다크소울부츠
444	-1	7	93	0	0	0	0	2	0	1	0	2	//프린시헬멧
444	-1	10	93	0	0	0	0	2	0	1	0	2	//프린시장갑
444	-1	11	93	0	0	0	0	2	0	1	0	2	//프린시부츠
444	-1	7	34	0	0	0	0	2	0	1	0	2	//애쉬크로우헬멧
444	-1	10	34	0	0	0	0	2	0	1	0	2	//애쉬크로우장갑
444	-1	9	34	0	0	0	0	2	0	1	0	2	//애쉬크로우바지
444	-1	11	34	0	0	0	0	2	0	1	0	2	//애쉬크로우부츠
444	-1	7	35	0	0	0	0	2	0	1	0	2	//이클립스헬멧
444	-1	10	35	0	0	0	0	2	0	1	0	2	//이클립스장갑
444	-1	9	35	0	0	0	0	2	0	1	0	2	//이클립스바지
444	-1	11	35	0	0	0	0	2	0	1	0	2	//이클립스부츠
444	-1	7	36	0	0	0	0	2	0	1	0	2	//아이리스헬멧
444	-1	10	36	0	0	0	0	2	0	1	0	2	//아이리스장갑
444	-1	9	36	0	0	0	0	2	0	1	0	2	//아이리스바지
444	-1	11	36	0	0	0	0	2	0	1	0	2	//아이리스부츠
444	-1	7	41	0	0	0	0	2	0	1	0	2	//에이션트헬멧
444	-1	10	41	0	0	0	0	2	0	1	0	2	//에이션트장갑
444	-1	9	41	0	0	0	0	2	0	1	0	2	//에이션트바지
444	-1	11	41	0	0	0	0	2	0	1	0	2	//에이션트부츠
444	-1	7	60	0	0	0	0	2	0	1	0	2	//스톰자하드투구
444	-1	11	60	0	0	0	0	2	0	1	0	2	//스톰자하드부츠
444	-1	10	15	0	0	0	0	2	0	1	0	2	//아틀란스장갑
444	-1	11	15	0	0	0	0	2	0	1	0	2	//아틀란스부츠
444	-1	10	18	0	0	0	0	2	0	1	0	2	//그랜드소울장갑
444	-1	10	42	0	0	0	0	2	0	1	0	2	//데모닉장갑
444	-1	10	19	0	0	0	0	2	0	1	0	2	//홀리스프릿장갑
//쉐도우나이트 100													180
445	-1	2	7	0	0	0	2	2	0	0	0	1824	//엘리멘탈메이스
445	-1	4	16	0	0	0	2	2	0	0	0	1824	//세인트크로스석궁
445	-1	4	17	0	0	0	2	2	0	0	0	1824	//홀리사이트보우
445	-1	4	19	0	0	0	2	2	0	0	0	1824	//그레이트레인석궁
445	-1	0	16	0	0	0	2	2	0	0	0	1824	//파괴의검
445	-1	0	33	0	0	0	2	2	0	0	0	1824	//홀리스톰클로
445	-1	0	31	0	0	0	2	2	0	0	0	1824	//데스브로드
445	-1	3	15	0	0	0	2	2	0	0	0	1824	//플루마랜스
445	-1	3	16	0	0	0	2	2	0	0	0	1824	//비스랜스
445	-1	3	10	0	0	0	2	2	0	0	0	1824	//드라곤스피어
445	-1	5	8	0	0	0	2	2	0	0	0	1824	//파멸의지팡이
445	-1	5	9	0	0	0	2	2	0	0	0	1824	//드래곤소울지팡이
445	-1	5	18	0	0	0	2	2	0	0	0	1824	//데모닉스틱
445	-1	2	10	0	0	0	2	2	0	0	0	1824	//그레이트셉터
445	-1	2	11	0	0	0	2	2	0	0	0	1824	//로드셉터
445	-1	8	60	0	0	0	0	2	0	0	0	1824	//스톰자하드갑옷
445	-1	8	18	0	0	0	0	2	0	0	0	1824	//그랜드소울갑옷
445	-1	9	18	0	0	0	0	2	0	0	0	1824	//그랜드소울바지
445	-1	8	42	0	0	0	0	2	0	0	0	1824	//데모닉갑옷
445	-1	9	42	0	0	0	0	2	0	0	0	1824	//데모닉바지
445	-1	7	19	0	0	0	0	2	0	0	0	1824	//홀리스프릿헬멧
445	-1	8	19	0	0	0	0	2	0	0	0	1824	//홀리스프릿갑옷
445	-1	9	19	0	0	0	0	2	0	0	0	1824	//홀리스프릿바지
445	-1	7	27	0	0	0	0	2	0	0	0	1824	//다크브리즌마스크
445	-1	8	27	0	0	0	0	2	0	0	0	1824	//다크브리즌갑옷
445	-1	9	27	0	0	0	0	2	0	0	0	1824	//다크브리즌바지
445	-1	11	27	0	0	0	0	2	0	0	0	1824	//다크브리즌부츠
445	-1	7	16	0	0	0	0	2	0	0	0	1824	//블랙드라곤투구
445	-1	8	16	0	0	0	0	2	0	0	0	1824	//블랙드라곤갑옷
445	-1	9	16	0	0	0	0	2	0	0	0	1824	//블랙드라곤바지
445	-1	7	94	0	0	0	0	2	0	0	0	1824	//히라트헬멧
445	-1	9	94	0	0	0	0	2	0	0	0	1824	//히라트바지
445	-1	11	94	0	0	0	0	2	0	0	0	1824	//히라트부츠
445	-1	7	95	0	0	0	0	2	0	0	0	1824	//세이트헬멧
445	-1	9	95	0	0	0	0	2	0	0	0	1824	//세이트바지
445	-1	11	95	0	0	0	0	2	0	0	0	1824	//세이트부츠
445	-1	7	61	0	0	0	0	2	0	0	0	1824	//피어싱그로브투구
445	-1	9	61	0	0	0	0	2	0	0	0	1824	//피어싱그로브바지
445	-1	11	61	0	0	0	0	2	0	0	0	1824	//피어싱그로브부츠
445	-1	7	24	0	0	0	0	2	0	0	0	1824	//레드스프릿헬멧
445	-1	10	24	0	0	0	0	2	0	0	0	1824	//레드스프릿장갑
445	-1	9	24	0	0	0	0	2	0	0	0	1824	//레드스프릿바지
445	-1	11	24	0	0	0	0	2	0	0	0	1824	//레드스프릿부츠
445	-1	7	17	0	0	0	0	2	0	0	0	1824	//다크피닉스투구
445	-1	8	17	0	0	0	0	2	0	0	0	1824	//다크피닉스갑옷
445	-1	10	17	0	0	0	0	2	0	0	0	1824	//다크피닉스장갑
445	-1	9	17	0	0	0	0	2	0	0	0	1824	//다크피닉스바지
445	-1	11	17	0	0	0	0	2	0	0	0	1824	//다크피닉스부츠
445	-1	10	22	0	0	0	0	2	0	0	0	1824	//블랙소울장갑
445	-1	11	22	0	0	0	0	2	0	0	0	1824	//블랙소울부츠
445	-1	10	20	0	0	0	0	2	0	0	0	1824	//선더호크장갑
445	-1	9	20	0	0	0	0	2	0	0	0	1824	//선더호크바지
445	-1	11	20	0	0	0	0	2	0	0	0	1824	//선더호크부츠
445	-1	10	28	0	0	0	0	2	0	0	0	1824	//다크마스터장갑
445	-1	11	28	0	0	0	0	2	0	0	0	1824	//다크마스터부츠
445	-1	10	37	0	0	0	0	2	0	0	0	1824	//발리언트장갑
445	-1	11	37	0	0	0	0	2	0	0	0	1824	//발리언트부츠
445	-1	7	38	0	0	0	0	2	0	0	0	1824	//글로리어스마스크
445	-1	10	38	0	0	0	0	2	0	0	0	1824	//글로리어스장갑
445	-1	11	38	0	0	0	0	2	0	0	0	1824	//글로리어스부츠
445	-1	10	21	0	0	0	0	2	0	0	0	1824	//그레이트드라곤장갑
445	-1	11	21	0	0	0	0	2	0	0	0	1824	//그레이트드라곤부츠
//쉐도우나이트 엑설런트													
445	-1	2	4	0	0	0	0	2	0	1	0	2	//크리스탈모닝스타
445	-1	4	13	0	0	0	0	2	0	1	0	2	//블루윙석궁
445	-1	4	14	0	0	0	0	2	0	1	0	2	//아쿠아골드석궁
445	-1	0	14	0	0	0	0	2	0	1	0	2	//번개검
445	-1	2	5	0	0	0	0	2	0	1	0	2	//크리스탈검
445	-1	3	9	0	0	0	0	2	0	1	0	2	//발록의낫
445	-1	3	14	0	0	0	0	2	0	1	0	2	//콘모시온랜스
445	-1	3	18	0	0	0	0	2	0	1	0	2	//알라크란랜스
445	-1	5	5	0	0	0	0	2	0	1	0	2	//전설의지팡이
445	-1	5	6	0	0	0	0	2	0	1	0	2	//부활의지팡이
445	-1	5	16	0	0	0	0	2	0	1	0	2	//레드윙스틱
445	-1	5	22	0	0	0	0	2	0	1	0	2	//닐의서
445	-1	5	23	0	0	0	0	2	0	1	0	2	//라글의서
445	-1	2	9	0	0	0	0	2	0	1	0	2	//마스터셉터
445	-1	6	13	0	0	0	0	2	0	1	0	2	//드라곤방패
445	-1	6	16	0	0	0	0	2	0	1	0	2	//엘리멘탈방패
445	-1	6	21	0	0	0	0	2	0	1	0	2	//크로스실드
445	-1	6	30	0	0	0	0	2	0	1	0	2	//플루마실드
445	-1	6	15	0	0	0	0	2	0	1	0	2	//그랜드소울방패
445	-1	6	32	0	0	0	0	2	0	1	0	2	//비스실드
445	-1	8	92	0	0	0	0	2	0	1	0	2	//그루힐갑옷
445	-1	8	25	0	0	0	0	2	0	1	0	2	//라운드갑옷
445	-1	8	59	0	0	0	0	2	0	1	0	2	//세크리드파이어갑옷
445	-1	9	59	0	0	0	0	2	0	1	0	2	//세크리드파이어바지
445	-1	8	14	0	0	0	0	2	0	1	0	2	//수호갑옷
445	-1	7	1	0	0	0	0	2	0	1	0	2	//드라곤투구
445	-1	8	1	0	0	0	0	2	0	1	0	2	//드라곤갑옷
445	-1	7	26	0	0	0	0	2	0	1	0	2	//다크소울마스크
445	-1	10	26	0	0	0	0	2	0	1	0	2	//다크소울장갑
445	-1	9	26	0	0	0	0	2	0	1	0	2	//다크소울바지
445	-1	11	26	0	0	0	0	2	0	1	0	2	//다크소울부츠
445	-1	7	93	0	0	0	0	2	0	1	0	2	//프린시헬멧
445	-1	10	93	0	0	0	0	2	0	1	0	2	//프린시장갑
445	-1	9	93	0	0	0	0	2	0	1	0	2	//프린시바지
445	-1	11	93	0	0	0	0	2	0	1	0	2	//프린시부츠
445	-1	7	34	0	0	0	0	2	0	1	0	2	//애쉬크로우헬멧
445	-1	8	34	0	0	0	0	2	0	1	0	2	//애쉬크로우갑옷
445	-1	10	34	0	0	0	0	2	0	1	0	2	//애쉬크로우장갑
445	-1	9	34	0	0	0	0	2	0	1	0	2	//애쉬크로우바지
445	-1	11	34	0	0	0	0	2	0	1	0	2	//애쉬크로우부츠
445	-1	7	35	0	0	0	0	2	0	1	0	2	//이클립스헬멧
445	-1	8	35	0	0	0	0	2	0	1	0	2	//이클립스갑옷
445	-1	10	35	0	0	0	0	2	0	1	0	2	//이클립스장갑
445	-1	9	35	0	0	0	0	2	0	1	0	2	//이클립스바지
445	-1	11	35	0	0	0	0	2	0	1	0	2	//이클립스부츠
445	-1	7	36	0	0	0	0	2	0	1	0	2	//아이리스헬멧
445	-1	8	36	0	0	0	0	2	0	1	0	2	//아이리스갑옷
445	-1	10	36	0	0	0	0	2	0	1	0	2	//아이리스장갑
445	-1	9	36	0	0	0	0	2	0	1	0	2	//아이리스바지
445	-1	11	36	0	0	0	0	2	0	1	0	2	//아이리스부츠
445	-1	7	41	0	0	0	0	2	0	1	0	2	//에이션트헬멧
445	-1	8	41	0	0	0	0	2	0	1	0	2	//에이션트갑옷
445	-1	10	41	0	0	0	0	2	0	1	0	2	//에이션트장갑
445	-1	9	41	0	0	0	0	2	0	1	0	2	//에이션트바지
445	-1	11	41	0	0	0	0	2	0	1	0	2	//에이션트부츠
445	-1	7	60	0	0	0	0	2	0	1	0	2	//스톰자하드투구
445	-1	11	60	0	0	0	0	2	0	1	0	2	//스톰자하드부츠
445	-1	10	15	0	0	0	0	2	0	1	0	2	//아틀란스장갑
445	-1	9	15	0	0	0	0	2	0	1	0	2	//아틀란스바지
445	-1	11	15	0	0	0	0	2	0	1	0	2	//아틀란스부츠
445	-1	10	18	0	0	0	0	2	0	1	0	2	//그랜드소울장갑
445	-1	10	42	0	0	0	0	2	0	1	0	2	//데모닉장갑
445	-1	10	19	0	0	0	0	2	0	1	0	2	//홀리스프릿장갑
445	-1	10	27	0	0	0	0	2	0	1	0	2	//다크브리즌장갑
//사피트레스 102													180
443	-1	2	7	0	0	0	2	2	0	0	0	2034	//엘리멘탈메이스
443	-1	4	16	0	0	0	2	2	0	0	0	2034	//세인트크로스석궁
443	-1	4	17	0	0	0	2	2	0	0	0	2034	//홀리사이트보우
443	-1	4	19	0	0	0	2	2	0	0	0	2034	//그레이트레인석궁
443	-1	0	31	0	0	0	2	2	0	0	0	2034	//데스브로드
443	-1	3	15	0	0	0	2	2	0	0	0	2034	//플루마랜스
443	-1	3	16	0	0	0	2	2	0	0	0	2034	//비스랜스
443	-1	3	10	0	0	0	2	2	0	0	0	2034	//드라곤스피어
443	-1	5	8	0	0	0	2	2	0	0	0	2034	//파멸의지팡이
443	-1	5	9	0	0	0	2	2	0	0	0	2034	//드래곤소울지팡이
443	-1	5	18	0	0	0	2	2	0	0	0	2034	//데모닉스틱
443	-1	2	11	0	0	0	2	2	0	0	0	2034	//로드셉터
443	-1	8	18	0	0	0	0	2	0	0	0	2034	//그랜드소울갑옷
443	-1	9	18	0	0	0	0	2	0	0	0	2034	//그랜드소울바지
443	-1	8	42	0	0	0	0	2	0	0	0	2034	//데모닉갑옷
443	-1	9	42	0	0	0	0	2	0	0	0	2034	//데모닉바지
443	-1	7	19	0	0	0	0	2	0	0	0	2034	//홀리스프릿헬멧
443	-1	8	19	0	0	0	0	2	0	0	0	2034	//홀리스프릿갑옷
443	-1	9	19	0	0	0	0	2	0	0	0	2034	//홀리스프릿바지
443	-1	7	27	0	0	0	0	2	0	0	0	2034	//다크브리즌마스크
443	-1	8	27	0	0	0	0	2	0	0	0	2034	//다크브리즌갑옷
443	-1	9	27	0	0	0	0	2	0	0	0	2034	//다크브리즌바지
443	-1	8	16	0	0	0	0	2	0	0	0	2034	//블랙드라곤갑옷
443	-1	9	16	0	0	0	0	2	0	0	0	2034	//블랙드라곤바지
443	-1	7	94	0	0	0	0	2	0	0	0	2034	//히라트헬멧
443	-1	8	94	0	0	0	0	2	0	0	0	2034	//히라트갑옷
443	-1	9	94	0	0	0	0	2	0	0	0	2034	//히라트바지
443	-1	11	94	0	0	0	0	2	0	0	0	2034	//히라트부츠
443	-1	7	95	0	0	0	0	2	0	0	0	2034	//세이트헬멧
443	-1	8	95	0	0	0	0	2	0	0	0	2034	//세이트갑옷
443	-1	9	95	0	0	0	0	2	0	0	0	2034	//세이트바지
443	-1	11	95	0	0	0	0	2	0	0	0	2034	//세이트부츠
443	-1	7	61	0	0	0	0	2	0	0	0	2034	//피어싱그로브투구
443	-1	8	61	0	0	0	0	2	0	0	0	2034	//피어싱그로브갑옷
443	-1	9	61	0	0	0	0	2	0	0	0	2034	//피어싱그로브바지
443	-1	7	24	0	0	0	0	2	0	0	0	2034	//레드스프릿헬멧
443	-1	10	24	0	0	0	0	2	0	0	0	2034	//레드스프릿장갑
443	-1	9	24	0	0	0	0	2	0	0	0	2034	//레드스프릿바지
443	-1	11	24	0	0	0	0	2	0	0	0	2034	//레드스프릿부츠
443	-1	7	17	0	0	0	0	2	0	0	0	2034	//다크피닉스투구
443	-1	8	17	0	0	0	0	2	0	0	0	2034	//다크피닉스갑옷
443	-1	10	17	0	0	0	0	2	0	0	0	2034	//다크피닉스장갑
443	-1	9	17	0	0	0	0	2	0	0	0	2034	//다크피닉스바지
443	-1	11	17	0	0	0	0	2	0	0	0	2034	//다크피닉스부츠
443	-1	10	22	0	0	0	0	2	0	0	0	2034	//블랙소울장갑
443	-1	11	22	0	0	0	0	2	0	0	0	2034	//블랙소울부츠
443	-1	10	20	0	0	0	0	2	0	0	0	2034	//선더호크장갑
443	-1	9	20	0	0	0	0	2	0	0	0	2034	//선더호크바지
443	-1	11	20	0	0	0	0	2	0	0	0	2034	//선더호크부츠
443	-1	10	28	0	0	0	0	2	0	0	0	2034	//다크마스터장갑
443	-1	11	28	0	0	0	0	2	0	0	0	2034	//다크마스터부츠
443	-1	10	37	0	0	0	0	2	0	0	0	2034	//발리언트장갑
443	-1	9	37	0	0	0	0	2	0	0	0	2034	//발리언트바지
443	-1	11	37	0	0	0	0	2	0	0	0	2034	//발리언트부츠
443	-1	7	38	0	0	0	0	2	0	0	0	2034	//글로리어스마스크
443	-1	10	38	0	0	0	0	2	0	0	0	2034	//글로리어스장갑
443	-1	9	38	0	0	0	0	2	0	0	0	2034	//글로리어스바지
443	-1	11	38	0	0	0	0	2	0	0	0	2034	//글로리어스부츠
443	-1	10	21	0	0	0	0	2	0	0	0	2034	//그레이트드라곤장갑
443	-1	11	21	0	0	0	0	2	0	0	0	2034	//그레이트드라곤부츠
443	-1	10	23	0	0	0	0	2	0	0	0	2034	//아스릴장갑
//사피트레스 엑설런트													
443	-1	2	4	0	0	0	0	2	0	1	0	2	//크리스탈모닝스타
443	-1	4	13	0	0	0	0	2	0	1	0	2	//블루윙석궁
443	-1	4	14	0	0	0	0	2	0	1	0	2	//아쿠아골드석궁
443	-1	0	14	0	0	0	0	2	0	1	0	2	//번개검
443	-1	2	5	0	0	0	0	2	0	1	0	2	//크리스탈검
443	-1	3	9	0	0	0	0	2	0	1	0	2	//발록의낫
443	-1	3	14	0	0	0	0	2	0	1	0	2	//콘모시온랜스
443	-1	3	18	0	0	0	0	2	0	1	0	2	//알라크란랜스
443	-1	5	5	0	0	0	0	2	0	1	0	2	//전설의지팡이
443	-1	5	6	0	0	0	0	2	0	1	0	2	//부활의지팡이
443	-1	5	16	0	0	0	0	2	0	1	0	2	//레드윙스틱
443	-1	5	22	0	0	0	0	2	0	1	0	2	//닐의서
443	-1	5	23	0	0	0	0	2	0	1	0	2	//라글의서
443	-1	2	9	0	0	0	0	2	0	1	0	2	//마스터셉터
443	-1	6	13	0	0	0	0	2	0	1	0	2	//드라곤방패
443	-1	6	16	0	0	0	0	2	0	1	0	2	//엘리멘탈방패
443	-1	6	21	0	0	0	0	2	0	1	0	2	//크로스실드
443	-1	6	30	0	0	0	0	2	0	1	0	2	//플루마실드
443	-1	6	15	0	0	0	0	2	0	1	0	2	//그랜드소울방패
443	-1	6	32	0	0	0	0	2	0	1	0	2	//비스실드
443	-1	8	92	0	0	0	0	2	0	1	0	2	//그루힐갑옷
443	-1	8	25	0	0	0	0	2	0	1	0	2	//라운드갑옷
443	-1	8	59	0	0	0	0	2	0	1	0	2	//세크리드파이어갑옷
443	-1	9	59	0	0	0	0	2	0	1	0	2	//세크리드파이어바지
443	-1	8	1	0	0	0	0	2	0	1	0	2	//드라곤갑옷
443	-1	7	26	0	0	0	0	2	0	1	0	2	//다크소울마스크
443	-1	9	26	0	0	0	0	2	0	1	0	2	//다크소울바지
443	-1	11	26	0	0	0	0	2	0	1	0	2	//다크소울부츠
443	-1	7	93	0	0	0	0	2	0	1	0	2	//프린시헬멧
443	-1	10	93	0	0	0	0	2	0	1	0	2	//프린시장갑
443	-1	9	93	0	0	0	0	2	0	1	0	2	//프린시바지
443	-1	11	93	0	0	0	0	2	0	1	0	2	//프린시부츠
443	-1	7	34	0	0	0	0	2	0	1	0	2	//애쉬크로우헬멧
443	-1	8	34	0	0	0	0	2	0	1	0	2	//애쉬크로우갑옷
443	-1	10	34	0	0	0	0	2	0	1	0	2	//애쉬크로우장갑
443	-1	9	34	0	0	0	0	2	0	1	0	2	//애쉬크로우바지
443	-1	11	34	0	0	0	0	2	0	1	0	2	//애쉬크로우부츠
443	-1	7	35	0	0	0	0	2	0	1	0	2	//이클립스헬멧
443	-1	8	35	0	0	0	0	2	0	1	0	2	//이클립스갑옷
443	-1	10	35	0	0	0	0	2	0	1	0	2	//이클립스장갑
443	-1	9	35	0	0	0	0	2	0	1	0	2	//이클립스바지
443	-1	11	35	0	0	0	0	2	0	1	0	2	//이클립스부츠
443	-1	7	36	0	0	0	0	2	0	1	0	2	//아이리스헬멧
443	-1	8	36	0	0	0	0	2	0	1	0	2	//아이리스갑옷
443	-1	10	36	0	0	0	0	2	0	1	0	2	//아이리스장갑
443	-1	9	36	0	0	0	0	2	0	1	0	2	//아이리스바지
443	-1	11	36	0	0	0	0	2	0	1	0	2	//아이리스부츠
443	-1	7	41	0	0	0	0	2	0	1	0	2	//에이션트헬멧
443	-1	8	41	0	0	0	0	2	0	1	0	2	//에이션트갑옷
443	-1	10	41	0	0	0	0	2	0	1	0	2	//에이션트장갑
443	-1	9	41	0	0	0	0	2	0	1	0	2	//에이션트바지
443	-1	11	41	0	0	0	0	2	0	1	0	2	//에이션트부츠
443	-1	7	60	0	0	0	0	2	0	1	0	2	//스톰자하드투구
443	-1	11	60	0	0	0	0	2	0	1	0	2	//스톰자하드부츠
443	-1	10	15	0	0	0	0	2	0	1	0	2	//아틀란스장갑
443	-1	9	15	0	0	0	0	2	0	1	0	2	//아틀란스바지
443	-1	11	15	0	0	0	0	2	0	1	0	2	//아틀란스부츠
443	-1	10	18	0	0	0	0	2	0	1	0	2	//그랜드소울장갑
443	-1	11	18	0	0	0	0	2	0	1	0	2	//그랜드소울부츠
443	-1	10	42	0	0	0	0	2	0	1	0	2	//데모닉장갑
443	-1	11	42	0	0	0	0	2	0	1	0	2	//데모닉부츠
443	-1	10	19	0	0	0	0	2	0	1	0	2	//홀리스프릿장갑
443	-1	10	27	0	0	0	0	2	0	1	0	2	//다크브리즌장갑
443	-1	10	16	0	0	0	0	2	0	1	0	2	//블랙드라곤장갑
//쉐도우룩 104													180
446	-1	2	7	0	0	0	2	2	0	0	0	2517	//엘리멘탈메이스
446	-1	4	17	0	0	0	2	2	0	0	0	2517	//홀리사이트보우
446	-1	4	19	0	0	0	2	2	0	0	0	2517	//그레이트레인석궁
446	-1	0	31	0	0	0	2	2	0	0	0	2517	//데스브로드
446	-1	0	17	0	0	0	2	2	0	0	0	2517	//다크브레이커
446	-1	3	16	0	0	0	2	2	0	0	0	2517	//비스랜스
446	-1	3	10	0	0	0	2	2	0	0	0	2517	//드라곤스피어
446	-1	5	8	0	0	0	2	2	0	0	0	2517	//파멸의지팡이
446	-1	5	9	0	0	0	2	2	0	0	0	2517	//드래곤소울지팡이
446	-1	5	18	0	0	0	2	2	0	0	0	2517	//데모닉스틱
446	-1	2	11	0	0	0	2	2	0	0	0	2517	//로드셉터
446	-1	8	18	0	0	0	0	2	0	0	0	2517	//그랜드소울갑옷
446	-1	9	18	0	0	0	0	2	0	0	0	2517	//그랜드소울바지
446	-1	8	42	0	0	0	0	2	0	0	0	2517	//데모닉갑옷
446	-1	9	42	0	0	0	0	2	0	0	0	2517	//데모닉바지
446	-1	8	19	0	0	0	0	2	0	0	0	2517	//홀리스프릿갑옷
446	-1	9	19	0	0	0	0	2	0	0	0	2517	//홀리스프릿바지
446	-1	7	27	0	0	0	0	2	0	0	0	2517	//다크브리즌마스크
446	-1	8	27	0	0	0	0	2	0	0	0	2517	//다크브리즌갑옷
446	-1	9	27	0	0	0	0	2	0	0	0	2517	//다크브리즌바지
446	-1	8	16	0	0	0	0	2	0	0	0	2517	//블랙드라곤갑옷
446	-1	7	94	0	0	0	0	2	0	0	0	2517	//히라트헬멧
446	-1	8	94	0	0	0	0	2	0	0	0	2517	//히라트갑옷
446	-1	9	94	0	0	0	0	2	0	0	0	2517	//히라트바지
446	-1	7	95	0	0	0	0	2	0	0	0	2517	//세이트헬멧
446	-1	8	95	0	0	0	0	2	0	0	0	2517	//세이트갑옷
446	-1	9	95	0	0	0	0	2	0	0	0	2517	//세이트바지
446	-1	7	61	0	0	0	0	2	0	0	0	2517	//피어싱그로브투구
446	-1	8	61	0	0	0	0	2	0	0	0	2517	//피어싱그로브갑옷
446	-1	9	61	0	0	0	0	2	0	0	0	2517	//피어싱그로브바지
446	-1	7	24	0	0	0	0	2	0	0	0	2517	//레드스프릿헬멧
446	-1	9	24	0	0	0	0	2	0	0	0	2517	//레드스프릿바지
446	-1	11	24	0	0	0	0	2	0	0	0	2517	//레드스프릿부츠
446	-1	7	17	0	0	0	0	2	0	0	0	2517	//다크피닉스투구
446	-1	8	17	0	0	0	0	2	0	0	0	2517	//다크피닉스갑옷
446	-1	10	17	0	0	0	0	2	0	0	0	2517	//다크피닉스장갑
446	-1	9	17	0	0	0	0	2	0	0	0	2517	//다크피닉스바지
446	-1	11	17	0	0	0	0	2	0	0	0	2517	//다크피닉스부츠
446	-1	10	22	0	0	0	0	2	0	0	0	2517	//블랙소울장갑
446	-1	11	22	0	0	0	0	2	0	0	0	2517	//블랙소울부츠
446	-1	10	20	0	0	0	0	2	0	0	0	2517	//선더호크장갑
446	-1	9	20	0	0	0	0	2	0	0	0	2517	//선더호크바지
446	-1	11	20	0	0	0	0	2	0	0	0	2517	//선더호크부츠
446	-1	10	28	0	0	0	0	2	0	0	0	2517	//다크마스터장갑
446	-1	11	28	0	0	0	0	2	0	0	0	2517	//다크마스터부츠
446	-1	10	37	0	0	0	0	2	0	0	0	2517	//발리언트장갑
446	-1	9	37	0	0	0	0	2	0	0	0	2517	//발리언트바지
446	-1	11	37	0	0	0	0	2	0	0	0	2517	//발리언트부츠
446	-1	7	38	0	0	0	0	2	0	0	0	2517	//글로리어스마스크
446	-1	10	38	0	0	0	0	2	0	0	0	2517	//글로리어스장갑
446	-1	9	38	0	0	0	0	2	0	0	0	2517	//글로리어스바지
446	-1	11	38	0	0	0	0	2	0	0	0	2517	//글로리어스부츠
446	-1	7	21	0	0	0	0	2	0	0	0	2517	//그레이트드라곤투구
446	-1	10	21	0	0	0	0	2	0	0	0	2517	//그레이트드라곤장갑
446	-1	11	21	0	0	0	0	2	0	0	0	2517	//그레이트드라곤부츠
446	-1	10	23	0	0	0	0	2	0	0	0	2517	//아스릴장갑
//쉐도우룩 엑설런트													
446	-1	2	4	0	0	0	0	2	0	1	0	2	//크리스탈모닝스타
446	-1	4	13	0	0	0	0	2	0	1	0	2	//블루윙석궁
446	-1	4	14	0	0	0	0	2	0	1	0	2	//아쿠아골드석궁
446	-1	2	5	0	0	0	0	2	0	1	0	2	//크리스탈검
446	-1	3	9	0	0	0	0	2	0	1	0	2	//발록의낫
446	-1	3	14	0	0	0	0	2	0	1	0	2	//콘모시온랜스
446	-1	3	18	0	0	0	0	2	0	1	0	2	//알라크란랜스
446	-1	5	6	0	0	0	0	2	0	1	0	2	//부활의지팡이
446	-1	5	17	0	0	0	0	2	0	1	0	2	//에이션트스틱
446	-1	5	23	0	0	0	0	2	0	1	0	2	//라글의서
446	-1	2	9	0	0	0	0	2	0	1	0	2	//마스터셉터
446	-1	6	16	0	0	0	0	2	0	1	0	2	//엘리멘탈방패
446	-1	6	21	0	0	0	0	2	0	1	0	2	//크로스실드
446	-1	6	30	0	0	0	0	2	0	1	0	2	//플루마실드
446	-1	6	15	0	0	0	0	2	0	1	0	2	//그랜드소울방패
446	-1	6	32	0	0	0	0	2	0	1	0	2	//비스실드
446	-1	8	25	0	0	0	0	2	0	1	0	2	//라운드갑옷
446	-1	8	59	0	0	0	0	2	0	1	0	2	//세크리드파이어갑옷
446	-1	9	59	0	0	0	0	2	0	1	0	2	//세크리드파이어바지
446	-1	7	26	0	0	0	0	2	0	1	0	2	//다크소울마스크
446	-1	8	26	0	0	0	0	2	0	1	0	2	//다크소울갑옷
446	-1	9	26	0	0	0	0	2	0	1	0	2	//다크소울바지
446	-1	7	93	0	0	0	0	2	0	1	0	2	//프린시헬멧
446	-1	9	93	0	0	0	0	2	0	1	0	2	//프린시바지
446	-1	11	93	0	0	0	0	2	0	1	0	2	//프린시부츠
446	-1	7	34	0	0	0	0	2	0	1	0	2	//애쉬크로우헬멧
446	-1	8	34	0	0	0	0	2	0	1	0	2	//애쉬크로우갑옷
446	-1	10	34	0	0	0	0	2	0	1	0	2	//애쉬크로우장갑
446	-1	9	34	0	0	0	0	2	0	1	0	2	//애쉬크로우바지
446	-1	11	34	0	0	0	0	2	0	1	0	2	//애쉬크로우부츠
446	-1	7	35	0	0	0	0	2	0	1	0	2	//이클립스헬멧
446	-1	8	35	0	0	0	0	2	0	1	0	2	//이클립스갑옷
446	-1	10	35	0	0	0	0	2	0	1	0	2	//이클립스장갑
446	-1	9	35	0	0	0	0	2	0	1	0	2	//이클립스바지
446	-1	11	35	0	0	0	0	2	0	1	0	2	//이클립스부츠
446	-1	7	36	0	0	0	0	2	0	1	0	2	//아이리스헬멧
446	-1	8	36	0	0	0	0	2	0	1	0	2	//아이리스갑옷
446	-1	10	36	0	0	0	0	2	0	1	0	2	//아이리스장갑
446	-1	9	36	0	0	0	0	2	0	1	0	2	//아이리스바지
446	-1	11	36	0	0	0	0	2	0	1	0	2	//아이리스부츠
446	-1	7	41	0	0	0	0	2	0	1	0	2	//에이션트헬멧
446	-1	8	41	0	0	0	0	2	0	1	0	2	//에이션트갑옷
446	-1	10	41	0	0	0	0	2	0	1	0	2	//에이션트장갑
446	-1	9	41	0	0	0	0	2	0	1	0	2	//에이션트바지
446	-1	11	41	0	0	0	0	2	0	1	0	2	//에이션트부츠
446	-1	7	60	0	0	0	0	2	0	1	0	2	//스톰자하드투구
446	-1	9	60	0	0	0	0	2	0	1	0	2	//스톰자하드바지
446	-1	11	60	0	0	0	0	2	0	1	0	2	//스톰자하드부츠
446	-1	10	15	0	0	0	0	2	0	1	0	2	//아틀란스장갑
446	-1	9	15	0	0	0	0	2	0	1	0	2	//아틀란스바지
446	-1	11	15	0	0	0	0	2	0	1	0	2	//아틀란스부츠
446	-1	10	18	0	0	0	0	2	0	1	0	2	//그랜드소울장갑
446	-1	11	18	0	0	0	0	2	0	1	0	2	//그랜드소울부츠
446	-1	10	42	0	0	0	0	2	0	1	0	2	//데모닉장갑
446	-1	11	42	0	0	0	0	2	0	1	0	2	//데모닉부츠
446	-1	10	19	0	0	0	0	2	0	1	0	2	//홀리스프릿장갑
446	-1	10	27	0	0	0	0	2	0	1	0	2	//다크브리즌장갑
446	-1	10	16	0	0	0	0	2	0	1	0	2	//블랙드라곤장갑
446	-1	11	16	0	0	0	0	2	0	1	0	2	//블랙드라곤부츠
//고스트네이핀 106													180
448	-1	2	7	0	0	0	2	2	0	0	0	2433	//엘리멘탈메이스
448	-1	4	17	0	0	0	2	2	0	0	0	2433	//홀리사이트보우
448	-1	4	19	0	0	0	2	2	0	0	0	2433	//그레이트레인석궁
448	-1	0	31	0	0	0	2	2	0	0	0	2433	//데스브로드
448	-1	0	17	0	0	0	2	2	0	0	0	2433	//다크브레이커
448	-1	0	18	0	0	0	2	2	0	0	0	2433	//선더블레이드
448	-1	0	34	0	0	0	2	2	0	0	0	2433	//피어싱블레이드글러브
448	-1	3	10	0	0	0	2	2	0	0	0	2433	//드라곤스피어
448	-1	5	8	0	0	0	2	2	0	0	0	2433	//파멸의지팡이
448	-1	5	9	0	0	0	2	2	0	0	0	2433	//드래곤소울지팡이
448	-1	5	18	0	0	0	2	2	0	0	0	2433	//데모닉스틱
448	-1	2	11	0	0	0	2	2	0	0	0	2433	//로드셉터
448	-1	8	18	0	0	0	0	2	0	0	0	2433	//그랜드소울갑옷
448	-1	8	42	0	0	0	0	2	0	0	0	2433	//데모닉갑옷
448	-1	8	19	0	0	0	0	2	0	0	0	2433	//홀리스프릿갑옷
448	-1	9	19	0	0	0	0	2	0	0	0	2433	//홀리스프릿바지
448	-1	8	27	0	0	0	0	2	0	0	0	2433	//다크브리즌갑옷
448	-1	9	27	0	0	0	0	2	0	0	0	2433	//다크브리즌바지
448	-1	8	16	0	0	0	0	2	0	0	0	2433	//블랙드라곤갑옷
448	-1	8	94	0	0	0	0	2	0	0	0	2433	//히라트갑옷
448	-1	7	94	0	0	0	0	2	0	0	0	2433	//히라트헬멧
448	-1	9	94	0	0	0	0	2	0	0	0	2433	//히라트바지
448	-1	8	95	0	0	0	0	2	0	0	0	2433	//세이트갑옷
448	-1	7	95	0	0	0	0	2	0	0	0	2433	//세이트헬멧
448	-1	9	95	0	0	0	0	2	0	0	0	2433	//세이트바지
448	-1	8	61	0	0	0	0	2	0	0	0	2433	//피어싱그로브갑옷
448	-1	7	61	0	0	0	0	2	0	0	0	2433	//피어싱그로브투구
448	-1	9	61	0	0	0	0	2	0	0	0	2433	//피어싱그로브바지
448	-1	7	24	0	0	0	0	2	0	0	0	2433	//레드스프릿헬멧
448	-1	9	24	0	0	0	0	2	0	0	0	2433	//레드스프릿바지
448	-1	7	17	0	0	0	0	2	0	0	0	2433	//다크피닉스투구
448	-1	8	17	0	0	0	0	2	0	0	0	2433	//다크피닉스갑옷
448	-1	9	17	0	0	0	0	2	0	0	0	2433	//다크피닉스바지
448	-1	11	17	0	0	0	0	2	0	0	0	2433	//다크피닉스부츠
448	-1	11	22	0	0	0	0	2	0	0	0	2433	//블랙소울부츠
448	-1	10	20	0	0	0	0	2	0	0	0	2433	//선더호크장갑
448	-1	9	20	0	0	0	0	2	0	0	0	2433	//선더호크바지
448	-1	11	20	0	0	0	0	2	0	0	0	2433	//선더호크부츠
448	-1	7	28	0	0	0	0	2	0	0	0	2433	//다크마스터마스크
448	-1	10	28	0	0	0	0	2	0	0	0	2433	//다크마스터장갑
448	-1	11	28	0	0	0	0	2	0	0	0	2433	//다크마스터부츠
448	-1	8	37	0	0	0	0	2	0	0	0	2433	//발리언트갑옷
448	-1	10	37	0	0	0	0	2	0	0	0	2433	//발리언트장갑
448	-1	9	37	0	0	0	0	2	0	0	0	2433	//발리언트바지
448	-1	11	37	0	0	0	0	2	0	0	0	2433	//발리언트부츠
448	-1	7	38	0	0	0	0	2	0	0	0	2433	//글로리어스마스크
448	-1	8	38	0	0	0	0	2	0	0	0	2433	//글로리어스갑옷
448	-1	10	38	0	0	0	0	2	0	0	0	2433	//글로리어스장갑
448	-1	9	38	0	0	0	0	2	0	0	0	2433	//글로리어스바지
448	-1	11	38	0	0	0	0	2	0	0	0	2433	//글로리어스부츠
448	-1	7	21	0	0	0	0	2	0	0	0	2433	//그레이트드라곤투구
448	-1	10	21	0	0	0	0	2	0	0	0	2433	//그레이트드라곤장갑
448	-1	11	21	0	0	0	0	2	0	0	0	2433	//그레이트드라곤부츠
448	-1	10	23	0	0	0	0	2	0	0	0	2433	//아스릴장갑
//고스트네이핀 엑설런트													
448	-1	2	4	0	0	0	0	2	0	1	0	2	//크리스탈모닝스타
448	-1	4	13	0	0	0	0	2	0	1	0	2	//블루윙석궁
448	-1	4	14	0	0	0	0	2	0	1	0	2	//아쿠아골드석궁
448	-1	2	5	0	0	0	0	2	0	1	0	2	//크리스탈검
448	-1	3	9	0	0	0	0	2	0	1	0	2	//발록의낫
448	-1	3	14	0	0	0	0	2	0	1	0	2	//콘모시온랜스
448	-1	3	18	0	0	0	0	2	0	1	0	2	//알라크란랜스
448	-1	5	6	0	0	0	0	2	0	1	0	2	//부활의지팡이
448	-1	5	17	0	0	0	0	2	0	1	0	2	//에이션트스틱
448	-1	5	23	0	0	0	0	2	0	1	0	2	//라글의서
448	-1	2	9	0	0	0	0	2	0	1	0	2	//마스터셉터
448	-1	6	16	0	0	0	0	2	0	1	0	2	//엘리멘탈방패
448	-1	6	21	0	0	0	0	2	0	1	0	2	//크로스실드
448	-1	6	30	0	0	0	0	2	0	1	0	2	//플루마실드
448	-1	6	15	0	0	0	0	2	0	1	0	2	//그랜드소울방패
448	-1	6	32	0	0	0	0	2	0	1	0	2	//비스실드
448	-1	8	59	0	0	0	0	2	0	1	0	2	//세크리드파이어갑옷
448	-1	7	26	0	0	0	0	2	0	1	0	2	//다크소울마스크
448	-1	8	26	0	0	0	0	2	0	1	0	2	//다크소울갑옷
448	-1	9	26	0	0	0	0	2	0	1	0	2	//다크소울바지
448	-1	7	93	0	0	0	0	2	0	1	0	2	//프린시헬멧
448	-1	8	93	0	0	0	0	2	0	1	0	2	//프린시갑옷
448	-1	9	93	0	0	0	0	2	0	1	0	2	//프린시바지
448	-1	11	93	0	0	0	0	2	0	1	0	2	//프린시부츠
448	-1	7	34	0	0	0	0	2	0	1	0	2	//애쉬크로우헬멧
448	-1	8	34	0	0	0	0	2	0	1	0	2	//애쉬크로우갑옷
448	-1	9	34	0	0	0	0	2	0	1	0	2	//애쉬크로우바지
448	-1	11	34	0	0	0	0	2	0	1	0	2	//애쉬크로우부츠
448	-1	7	35	0	0	0	0	2	0	1	0	2	//이클립스헬멧
448	-1	8	35	0	0	0	0	2	0	1	0	2	//이클립스갑옷
448	-1	9	35	0	0	0	0	2	0	1	0	2	//이클립스바지
448	-1	11	35	0	0	0	0	2	0	1	0	2	//이클립스부츠
448	-1	7	36	0	0	0	0	2	0	1	0	2	//아이리스헬멧
448	-1	8	36	0	0	0	0	2	0	1	0	2	//아이리스갑옷
448	-1	9	36	0	0	0	0	2	0	1	0	2	//아이리스바지
448	-1	11	36	0	0	0	0	2	0	1	0	2	//아이리스부츠
448	-1	7	41	0	0	0	0	2	0	1	0	2	//에이션트헬멧
448	-1	8	41	0	0	0	0	2	0	1	0	2	//에이션트갑옷
448	-1	9	41	0	0	0	0	2	0	1	0	2	//에이션트바지
448	-1	11	41	0	0	0	0	2	0	1	0	2	//에이션트부츠
448	-1	7	60	0	0	0	0	2	0	1	0	2	//스톰자하드투구
448	-1	9	60	0	0	0	0	2	0	1	0	2	//스톰자하드바지
448	-1	8	15	0	0	0	0	2	0	1	0	2	//아틀란스갑옷
448	-1	10	15	0	0	0	0	2	0	1	0	2	//아틀란스장갑
448	-1	9	15	0	0	0	0	2	0	1	0	2	//아틀란스바지
448	-1	11	15	0	0	0	0	2	0	1	0	2	//아틀란스부츠
448	-1	7	18	0	0	0	0	2	0	1	0	2	//그랜드소울헬멧
448	-1	10	18	0	0	0	0	2	0	1	0	2	//그랜드소울장갑
448	-1	11	18	0	0	0	0	2	0	1	0	2	//그랜드소울부츠
448	-1	7	42	0	0	0	0	2	0	1	0	2	//데모닉헬멧
448	-1	10	42	0	0	0	0	2	0	1	0	2	//데모닉장갑
448	-1	11	42	0	0	0	0	2	0	1	0	2	//데모닉부츠
448	-1	10	19	0	0	0	0	2	0	1	0	2	//홀리스프릿장갑
448	-1	10	27	0	0	0	0	2	0	1	0	2	//다크브리즌장갑
448	-1	10	16	0	0	0	0	2	0	1	0	2	//블랙드라곤장갑
448	-1	11	16	0	0	0	0	2	0	1	0	2	//블랙드라곤부츠
448	-1	10	94	0	0	0	0	2	0	1	0	2	//히라트장갑
448	-1	10	95	0	0	0	0	2	0	1	0	2	//세이트장갑
//블레이즈네이핀 107													180
449	-1	2	7	0	0	0	2	2	0	0	0	2690	//엘리멘탈메이스
449	-1	4	17	0	0	0	2	2	0	0	0	2690	//홀리사이트보우
449	-1	4	19	0	0	0	2	2	0	0	0	2690	//그레이트레인석궁
449	-1	0	31	0	0	0	2	2	0	0	0	2690	//데스브로드
449	-1	0	17	0	0	0	2	2	0	0	0	2690	//다크브레이커
449	-1	0	18	0	0	0	2	2	0	0	0	2690	//선더블레이드
449	-1	0	34	0	0	0	2	2	0	0	0	2690	//피어싱블레이드글러브
449	-1	3	10	0	0	0	2	2	0	0	0	2690	//드라곤스피어
449	-1	5	8	0	0	0	2	2	0	0	0	2690	//파멸의지팡이
449	-1	5	9	0	0	0	2	2	0	0	0	2690	//드래곤소울지팡이
449	-1	5	18	0	0	0	2	2	0	0	0	2690	//데모닉스틱
449	-1	2	11	0	0	0	2	2	0	0	0	2690	//로드셉터
449	-1	8	18	0	0	0	0	2	0	0	0	2690	//그랜드소울갑옷
449	-1	8	42	0	0	0	0	2	0	0	0	2690	//데모닉갑옷
449	-1	8	19	0	0	0	0	2	0	0	0	2690	//홀리스프릿갑옷
449	-1	8	27	0	0	0	0	2	0	0	0	2690	//다크브리즌갑옷
449	-1	9	27	0	0	0	0	2	0	0	0	2690	//다크브리즌바지
449	-1	8	16	0	0	0	0	2	0	0	0	2690	//블랙드라곤갑옷
449	-1	8	94	0	0	0	0	2	0	0	0	2690	//히라트갑옷
449	-1	7	94	0	0	0	0	2	0	0	0	2690	//히라트헬멧
449	-1	9	94	0	0	0	0	2	0	0	0	2690	//히라트바지
449	-1	8	95	0	0	0	0	2	0	0	0	2690	//세이트갑옷
449	-1	7	95	0	0	0	0	2	0	0	0	2690	//세이트헬멧
449	-1	9	95	0	0	0	0	2	0	0	0	2690	//세이트바지
449	-1	8	61	0	0	0	0	2	0	0	0	2690	//피어싱그로브갑옷
449	-1	7	61	0	0	0	0	2	0	0	0	2690	//피어싱그로브투구
449	-1	9	61	0	0	0	0	2	0	0	0	2690	//피어싱그로브바지
449	-1	7	24	0	0	0	0	2	0	0	0	2690	//레드스프릿헬멧
449	-1	9	24	0	0	0	0	2	0	0	0	2690	//레드스프릿바지
449	-1	7	17	0	0	0	0	2	0	0	0	2690	//다크피닉스투구
449	-1	8	17	0	0	0	0	2	0	0	0	2690	//다크피닉스갑옷
449	-1	9	17	0	0	0	0	2	0	0	0	2690	//다크피닉스바지
449	-1	11	17	0	0	0	0	2	0	0	0	2690	//다크피닉스부츠
449	-1	11	22	0	0	0	0	2	0	0	0	2690	//블랙소울부츠
449	-1	8	20	0	0	0	0	2	0	0	0	2690	//선더호크갑옷
449	-1	9	20	0	0	0	0	2	0	0	0	2690	//선더호크바지
449	-1	11	20	0	0	0	0	2	0	0	0	2690	//선더호크부츠
449	-1	7	28	0	0	0	0	2	0	0	0	2690	//다크마스터마스크
449	-1	10	28	0	0	0	0	2	0	0	0	2690	//다크마스터장갑
449	-1	11	28	0	0	0	0	2	0	0	0	2690	//다크마스터부츠
449	-1	8	37	0	0	0	0	2	0	0	0	2690	//발리언트갑옷
449	-1	10	37	0	0	0	0	2	0	0	0	2690	//발리언트장갑
449	-1	9	37	0	0	0	0	2	0	0	0	2690	//발리언트바지
449	-1	11	37	0	0	0	0	2	0	0	0	2690	//발리언트부츠
449	-1	7	38	0	0	0	0	2	0	0	0	2690	//글로리어스마스크
449	-1	8	38	0	0	0	0	2	0	0	0	2690	//글로리어스갑옷
449	-1	10	38	0	0	0	0	2	0	0	0	2690	//글로리어스장갑
449	-1	9	38	0	0	0	0	2	0	0	0	2690	//글로리어스바지
449	-1	11	38	0	0	0	0	2	0	0	0	2690	//글로리어스부츠
449	-1	7	21	0	0	0	0	2	0	0	0	2690	//그레이트드라곤투구
449	-1	10	21	0	0	0	0	2	0	0	0	2690	//그레이트드라곤장갑
449	-1	11	21	0	0	0	0	2	0	0	0	2690	//그레이트드라곤부츠
449	-1	10	23	0	0	0	0	2	0	0	0	2690	//아스릴장갑
//블레이즈네이핀 엑설런트													
449	-1	2	4	0	0	0	0	2	0	1	0	2	//크리스탈모닝스타
449	-1	4	13	0	0	0	0	2	0	1	0	2	//블루윙석궁
449	-1	4	14	0	0	0	0	2	0	1	0	2	//아쿠아골드석궁
449	-1	2	5	0	0	0	0	2	0	1	0	2	//크리스탈검
449	-1	0	16	0	0	0	0	2	0	1	0	2	//파괴의검
449	-1	0	33	0	0	0	0	2	0	1	0	2	//홀리스톰클로
449	-1	3	14	0	0	0	0	2	0	1	0	2	//콘모시온랜스
449	-1	3	18	0	0	0	0	2	0	1	0	2	//알라크란랜스
449	-1	5	6	0	0	0	0	2	0	1	0	2	//부활의지팡이
449	-1	5	17	0	0	0	0	2	0	1	0	2	//에이션트스틱
449	-1	5	23	0	0	0	0	2	0	1	0	2	//라글의서
449	-1	2	9	0	0	0	0	2	0	1	0	2	//마스터셉터
449	-1	2	10	0	0	0	0	2	0	1	0	2	//그레이트셉터
449	-1	6	16	0	0	0	0	2	0	1	0	2	//엘리멘탈방패
449	-1	6	21	0	0	0	0	2	0	1	0	2	//크로스실드
449	-1	6	30	0	0	0	0	2	0	1	0	2	//플루마실드
449	-1	6	15	0	0	0	0	2	0	1	0	2	//그랜드소울방패
449	-1	6	32	0	0	0	0	2	0	1	0	2	//비스실드
449	-1	8	59	0	0	0	0	2	0	1	0	2	//세크리드파이어갑옷
449	-1	7	26	0	0	0	0	2	0	1	0	2	//다크소울마스크
449	-1	8	26	0	0	0	0	2	0	1	0	2	//다크소울갑옷
449	-1	9	26	0	0	0	0	2	0	1	0	2	//다크소울바지
449	-1	7	93	0	0	0	0	2	0	1	0	2	//프린시헬멧
449	-1	8	93	0	0	0	0	2	0	1	0	2	//프린시갑옷
449	-1	9	93	0	0	0	0	2	0	1	0	2	//프린시바지
449	-1	11	93	0	0	0	0	2	0	1	0	2	//프린시부츠
449	-1	7	34	0	0	0	0	2	0	1	0	2	//애쉬크로우헬멧
449	-1	8	34	0	0	0	0	2	0	1	0	2	//애쉬크로우갑옷
449	-1	9	34	0	0	0	0	2	0	1	0	2	//애쉬크로우바지
449	-1	11	34	0	0	0	0	2	0	1	0	2	//애쉬크로우부츠
449	-1	7	35	0	0	0	0	2	0	1	0	2	//이클립스헬멧
449	-1	8	35	0	0	0	0	2	0	1	0	2	//이클립스갑옷
449	-1	9	35	0	0	0	0	2	0	1	0	2	//이클립스바지
449	-1	11	35	0	0	0	0	2	0	1	0	2	//이클립스부츠
449	-1	7	36	0	0	0	0	2	0	1	0	2	//아이리스헬멧
449	-1	8	36	0	0	0	0	2	0	1	0	2	//아이리스갑옷
449	-1	9	36	0	0	0	0	2	0	1	0	2	//아이리스바지
449	-1	11	36	0	0	0	0	2	0	1	0	2	//아이리스부츠
449	-1	7	41	0	0	0	0	2	0	1	0	2	//에이션트헬멧
449	-1	8	41	0	0	0	0	2	0	1	0	2	//에이션트갑옷
449	-1	9	41	0	0	0	0	2	0	1	0	2	//에이션트바지
449	-1	11	41	0	0	0	0	2	0	1	0	2	//에이션트부츠
449	-1	7	60	0	0	0	0	2	0	1	0	2	//스톰자하드투구
449	-1	8	60	0	0	0	0	2	0	1	0	2	//스톰자하드갑옷
449	-1	9	60	0	0	0	0	2	0	1	0	2	//스톰자하드바지
449	-1	8	15	0	0	0	0	2	0	1	0	2	//아틀란스갑옷
449	-1	10	15	0	0	0	0	2	0	1	0	2	//아틀란스장갑
449	-1	9	15	0	0	0	0	2	0	1	0	2	//아틀란스바지
449	-1	11	15	0	0	0	0	2	0	1	0	2	//아틀란스부츠
449	-1	7	18	0	0	0	0	2	0	1	0	2	//그랜드소울헬멧
449	-1	10	18	0	0	0	0	2	0	1	0	2	//그랜드소울장갑
449	-1	11	18	0	0	0	0	2	0	1	0	2	//그랜드소울부츠
449	-1	7	42	0	0	0	0	2	0	1	0	2	//데모닉헬멧
449	-1	10	42	0	0	0	0	2	0	1	0	2	//데모닉장갑
449	-1	11	42	0	0	0	0	2	0	1	0	2	//데모닉부츠
449	-1	10	19	0	0	0	0	2	0	1	0	2	//홀리스프릿장갑
449	-1	10	27	0	0	0	0	2	0	1	0	2	//다크브리즌장갑
449	-1	7	16	0	0	0	0	2	0	1	0	2	//블랙드라곤투구
449	-1	10	16	0	0	0	0	2	0	1	0	2	//블랙드라곤장갑
449	-1	11	16	0	0	0	0	2	0	1	0	2	//블랙드라곤부츠
449	-1	10	94	0	0	0	0	2	0	1	0	2	//히라트장갑
449	-1	10	95	0	0	0	0	2	0	1	0	2	//세이트장갑
449	-1	11	61	0	0	0	0	2	0	1	0	2	//피어싱그로브부츠
//사피퀸 131													180
557	-1	0	24	0	0	0	2	2	0	0	0	23464	//데이브레이크
557	-1	0	25	0	0	0	2	2	0	0	0	23464	//소드댄서
557	-1	8	21	0	0	0	0	2	0	0	0	23464	//그레이트드라곤갑옷
557	-1	9	21	0	0	0	0	2	0	0	0	23464	//그레이트드라곤바지
557	-1	8	23	0	0	0	0	2	0	0	0	23464	//아스릴갑옷
557	-1	9	23	0	0	0	0	2	0	0	0	23464	//아스릴바지
557	-1	8	28	0	0	0	0	2	0	0	0	23464	//다크마스터갑옷
557	-1	8	22	0	0	0	0	2	0	0	0	23464	//블랙소울갑옷
557	-1	9	22	0	0	0	0	2	0	0	0	23464	//블랙소울바지
//사피퀸 엑설런트													
557	-1	2	7	0	0	0	0	2	0	1	0	2	//엘리멘탈메이스
557	-1	4	17	0	0	0	0	2	0	1	0	2	//홀리사이트보우
557	-1	4	19	0	0	0	0	2	0	1	0	2	//그레이트레인석궁
557	-1	0	31	0	0	0	0	2	0	1	0	2	//데스브로드
557	-1	0	17	0	0	0	0	2	0	1	0	2	//다크브레이커
557	-1	0	18	0	0	0	0	2	0	1	0	2	//선더블레이드
557	-1	0	34	0	0	0	0	2	0	1	0	2	//피어싱블레이드글러브
557	-1	3	10	0	0	0	0	2	0	1	0	2	//드라곤스피어
557	-1	5	8	0	0	0	0	2	0	1	0	2	//파멸의지팡이
557	-1	5	9	0	0	0	0	2	0	1	0	2	//드래곤소울지팡이
557	-1	5	18	0	0	0	0	2	0	1	0	2	//데모닉스틱
557	-1	2	11	0	0	0	0	2	0	1	0	2	//로드셉터
557	-1	8	18	0	0	0	0	2	0	1	0	2	//그랜드소울갑옷
557	-1	8	42	0	0	0	0	2	0	1	0	2	//데모닉갑옷
557	-1	8	19	0	0	0	0	2	0	1	0	2	//홀리스프릿갑옷
557	-1	9	19	0	0	0	0	2	0	1	0	2	//홀리스프릿바지
557	-1	8	27	0	0	0	0	2	0	1	0	2	//다크브리즌갑옷
557	-1	9	27	0	0	0	0	2	0	1	0	2	//다크브리즌바지
557	-1	8	16	0	0	0	0	2	0	1	0	2	//블랙드라곤갑옷
557	-1	7	94	0	0	0	0	2	0	1	0	2	//히라트헬멧
557	-1	8	94	0	0	0	0	2	0	1	0	2	//히라트갑옷
557	-1	9	94	0	0	0	0	2	0	1	0	2	//히라트바지
557	-1	7	95	0	0	0	0	2	0	1	0	2	//세이트헬멧
557	-1	8	95	0	0	0	0	2	0	1	0	2	//세이트갑옷
557	-1	9	95	0	0	0	0	2	0	1	0	2	//세이트바지
557	-1	7	61	0	0	0	0	2	0	1	0	2	//피어싱그로브투구
557	-1	8	61	0	0	0	0	2	0	1	0	2	//피어싱그로브갑옷
557	-1	9	61	0	0	0	0	2	0	1	0	2	//피어싱그로브바지
557	-1	7	17	0	0	0	0	2	0	1	0	2	//다크피닉스투구
557	-1	8	17	0	0	0	0	2	0	1	0	2	//다크피닉스갑옷
557	-1	9	17	0	0	0	0	2	0	1	0	2	//다크피닉스바지
557	-1	11	17	0	0	0	0	2	0	1	0	2	//다크피닉스부츠
557	-1	11	22	0	0	0	0	2	0	1	0	2	//블랙소울부츠
557	-1	10	20	0	0	0	0	2	0	1	0	2	//선더호크장갑
557	-1	9	20	0	0	0	0	2	0	1	0	2	//선더호크바지
557	-1	11	20	0	0	0	0	2	0	1	0	2	//선더호크부츠
557	-1	7	28	0	0	0	0	2	0	1	0	2	//다크마스터마스크
557	-1	10	28	0	0	0	0	2	0	1	0	2	//다크마스터장갑
557	-1	11	28	0	0	0	0	2	0	1	0	2	//다크마스터부츠
557	-1	8	37	0	0	0	0	2	0	1	0	2	//발리언트갑옷
557	-1	10	37	0	0	0	0	2	0	1	0	2	//발리언트장갑
557	-1	9	37	0	0	0	0	2	0	1	0	2	//발리언트바지
557	-1	11	37	0	0	0	0	2	0	1	0	2	//발리언트부츠
557	-1	7	38	0	0	0	0	2	0	1	0	2	//글로리어스마스크
557	-1	8	38	0	0	0	0	2	0	1	0	2	//글로리어스갑옷
557	-1	10	38	0	0	0	0	2	0	1	0	2	//글로리어스장갑
557	-1	9	38	0	0	0	0	2	0	1	0	2	//글로리어스바지
557	-1	11	38	0	0	0	0	2	0	1	0	2	//글로리어스부츠
557	-1	10	23	0	0	0	0	2	0	1	0	2	//아스릴장갑
557	-1	7	24	0	0	0	0	2	0	1	0	2	//레드스피릿헬멧
557	-1	9	24	0	0	0	0	2	0	1	0	2	//레드스피릿바지
557	-1	7	21	0	0	0	0	2	0	1	0	2	//그레이트드라곤투구
557	-1	11	21	0	0	0	0	2	0	1	0	2	//그레이트드라곤부츠
557	-1	10	21	0	0	0	0	2	0	1	0	2	//그레이트드라곤장갑
//아이스네이핀 135													180
558	-1	4	20	0	0	0	2	2	0	0	0	28727	//에로우바이퍼보우
558	-1	8	21	0	0	0	0	2	0	0	0	28727	//그레이트드라곤갑옷
558	-1	8	23	0	0	0	0	2	0	0	0	28727	//아스릴갑옷
558	-1	9	23	0	0	0	0	2	0	0	0	28727	//아스릴바지
558	-1	8	28	0	0	0	0	2	0	0	0	28727	//다크마스터갑옷
558	-1	8	22	0	0	0	0	2	0	0	0	28727	//블랙소울갑옷
558	-1	9	22	0	0	0	0	2	0	0	0	28727	//블랙소울바지
//아이스네이핀 엑설런트													
558	-1	4	17	0	0	0	0	2	0	1	0	2	//홀리사이트보우
558	-1	4	19	0	0	0	0	2	0	1	0	2	//그레이트레인석궁
558	-1	4	22	0	0	0	0	2	0	1	0	2	//알바트로스보우
558	-1	0	31	0	0	0	0	2	0	1	0	2	//데스브로드
558	-1	0	17	0	0	0	0	2	0	1	0	2	//다크브레이커
558	-1	0	18	0	0	0	0	2	0	1	0	2	//선더블레이드
558	-1	0	34	0	0	0	0	2	0	1	0	2	//피어싱블레이드글러브
558	-1	3	10	0	0	0	0	2	0	1	0	2	//드라곤스피어
558	-1	5	9	0	0	0	0	2	0	1	0	2	//드래곤소울지팡이
558	-1	5	13	0	0	0	0	2	0	1	0	2	//플라티나윙스태프
558	-1	5	18	0	0	0	0	2	0	1	0	2	//데모닉스틱
558	-1	2	11	0	0	0	0	2	0	1	0	2	//로드셉터
558	-1	2	15	0	0	0	0	2	0	1	0	2	//샤이닝셉터
558	-1	8	19	0	0	0	0	2	0	1	0	2	//홀리스프릿갑옷
558	-1	8	27	0	0	0	0	2	0	1	0	2	//다크브리즌갑옷
558	-1	9	27	0	0	0	0	2	0	1	0	2	//다크브리즌바지
558	-1	8	94	0	0	0	0	2	0	1	0	2	//히라트갑옷
558	-1	9	94	0	0	0	0	2	0	1	0	2	//히라트바지
558	-1	8	95	0	0	0	0	2	0	1	0	2	//세이트갑옷
558	-1	9	95	0	0	0	0	2	0	1	0	2	//세이트바지
558	-1	8	61	0	0	0	0	2	0	1	0	2	//피어싱그로브갑옷
558	-1	9	61	0	0	0	0	2	0	1	0	2	//피어싱그로브바지
558	-1	7	17	0	0	0	0	2	0	1	0	2	//다크피닉스투구
558	-1	8	17	0	0	0	0	2	0	1	0	2	//다크피닉스갑옷
558	-1	9	17	0	0	0	0	2	0	1	0	2	//다크피닉스바지
558	-1	11	17	0	0	0	0	2	0	1	0	2	//다크피닉스부츠
558	-1	7	22	0	0	0	0	2	0	1	0	2	//블랙소울헬멧
558	-1	11	22	0	0	0	0	2	0	1	0	2	//블랙소울부츠
558	-1	8	20	0	0	0	0	2	0	1	0	2	//선더호크갑옷
558	-1	9	20	0	0	0	0	2	0	1	0	2	//선더호크바지
558	-1	11	20	0	0	0	0	2	0	1	0	2	//선더호크부츠
558	-1	7	28	0	0	0	0	2	0	1	0	2	//다크마스터마스크
558	-1	9	28	0	0	0	0	2	0	1	0	2	//다크마스터바지
558	-1	11	28	0	0	0	0	2	0	1	0	2	//다크마스터부츠
558	-1	8	37	0	0	0	0	2	0	1	0	2	//발리언트갑옷
558	-1	9	37	0	0	0	0	2	0	1	0	2	//발리언트바지
558	-1	11	37	0	0	0	0	2	0	1	0	2	//발리언트부츠
558	-1	7	38	0	0	0	0	2	0	1	0	2	//글로리어스마스크
558	-1	8	38	0	0	0	0	2	0	1	0	2	//글로리어스갑옷
558	-1	9	38	0	0	0	0	2	0	1	0	2	//글로리어스바지
558	-1	11	38	0	0	0	0	2	0	1	0	2	//글로리어스부츠
558	-1	10	23	0	0	0	0	2	0	1	0	2	//아스릴장갑
558	-1	11	23	0	0	0	0	2	0	1	0	2	//아스릴부츠
558	-1	7	24	0	0	0	0	2	0	1	0	2	//레드스피릿헬멧
558	-1	8	24	0	0	0	0	2	0	1	0	2	//레드스피릿갑옷
558	-1	9	24	0	0	0	0	2	0	1	0	2	//레드스피릿바지
558	-1	7	21	0	0	0	0	2	0	1	0	2	//그레이트드라곤투구
//쉐도우마스터 137													180
559	-1	4	20	0	0	0	2	2	0	0	0	42699	//에로우바이퍼보우
559	-1	8	21	0	0	0	0	2	0	0	0	42699	//그레이트드라곤갑옷
559	-1	8	23	0	0	0	0	2	0	0	0	42699	//아스릴갑옷
559	-1	9	23	0	0	0	0	2	0	0	0	42699	//아스릴바지
559	-1	8	22	0	0	0	0	2	0	0	0	42699	//블랙소울갑옷
//쉐도우마스터 엑설런트													
559	-1	4	19	0	0	0	0	2	0	1	0	2	//그레이트레인석궁
559	-1	4	22	0	0	0	0	2	0	1	0	2	//알바트로스보우
559	-1	0	31	0	0	0	0	2	0	1	0	2	//데스브로드
559	-1	0	17	0	0	0	0	2	0	1	0	2	//다크브레이커
559	-1	0	18	0	0	0	0	2	0	1	0	2	//선더블레이드
559	-1	0	34	0	0	0	0	2	0	1	0	2	//피어싱블레이드글러브
559	-1	5	9	0	0	0	0	2	0	1	0	2	//드래곤소울지팡이
559	-1	5	13	0	0	0	0	2	0	1	0	2	//플라티나윙스태프
559	-1	5	18	0	0	0	0	2	0	1	0	2	//데모닉스틱
559	-1	2	11	0	0	0	0	2	0	1	0	2	//로드셉터
559	-1	2	15	0	0	0	0	2	0	1	0	2	//샤이닝셉터
559	-1	8	27	0	0	0	0	2	0	1	0	2	//다크브리즌갑옷
559	-1	8	94	0	0	0	0	2	0	1	0	2	//히라트갑옷
559	-1	9	94	0	0	0	0	2	0	1	0	2	//히라트바지
559	-1	8	95	0	0	0	0	2	0	1	0	2	//세이트갑옷
559	-1	9	95	0	0	0	0	2	0	1	0	2	//세이트바지
559	-1	8	61	0	0	0	0	2	0	1	0	2	//피어싱그로브갑옷
559	-1	9	61	0	0	0	0	2	0	1	0	2	//피어싱그로브바지
559	-1	8	17	0	0	0	0	2	0	1	0	2	//다크피닉스갑옷
559	-1	9	17	0	0	0	0	2	0	1	0	2	//다크피닉스바지
559	-1	7	22	0	0	0	0	2	0	1	0	2	//블랙소울헬멧
559	-1	11	22	0	0	0	0	2	0	1	0	2	//블랙소울부츠
559	-1	8	20	0	0	0	0	2	0	1	0	2	//선더호크갑옷
559	-1	9	20	0	0	0	0	2	0	1	0	2	//선더호크바지
559	-1	7	28	0	0	0	0	2	0	1	0	2	//다크마스터마스크
559	-1	9	28	0	0	0	0	2	0	1	0	2	//다크마스터바지
559	-1	11	28	0	0	0	0	2	0	1	0	2	//다크마스터부츠
559	-1	8	37	0	0	0	0	2	0	1	0	2	//발리언트갑옷
559	-1	9	37	0	0	0	0	2	0	1	0	2	//발리언트바지
559	-1	11	37	0	0	0	0	2	0	1	0	2	//발리언트부츠
559	-1	7	38	0	0	0	0	2	0	1	0	2	//글로리어스마스크
559	-1	8	38	0	0	0	0	2	0	1	0	2	//글로리어스갑옷
559	-1	9	38	0	0	0	0	2	0	1	0	2	//글로리어스바지
559	-1	11	38	0	0	0	0	2	0	1	0	2	//글로리어스부츠
559	-1	10	23	0	0	0	0	2	0	1	0	2	//아스릴장갑
559	-1	11	23	0	0	0	0	2	0	1	0	2	//아스릴부츠
559	-1	8	24	0	0	0	0	2	0	1	0	2	//레드스피릿갑옷
559	-1	9	24	0	0	0	0	2	0	1	0	2	//레드스피릿바지
559	-1	7	21	0	0	0	0	2	0	1	0	2	//그레이트드라곤투구
end													
