//////////////////////////////////////////////////////////////////////////////////////													
// [아이다]	EachMonsterBag33												
// [ Start  ] 	2015-03-20												
// [ Latest ]	2015-03-20 17:26												
// [ Author ]	박혜진												
// [ Version ]	0.0.0.1												
// [ Text ]													
// [ Desc ]	맵에 출현하는 몬스터 별로 드롭하는 아이템 리스트를 작성하는 스크립트												
//////////////////////////////////////////////////////////////////////////////////////													
													
//사냥 마리 수	32400												
													
//몬스터 인덱스	몬스터 속성	아이템 타입	아이템 인덱스	최소레벨	최대레벨	개수	스킬	행운	추가옵션	엑설런트 	속성 아이템	확률 (1/1000000)	아이템 명
//데스트리													180
308	-1	1	8	0	0	0	2	2	0	0	0	615	//반월도끼
308	-1	2	4	0	0	0	2	2	0	0	0	615	//크리스탈모닝스타
308	-1	4	5	0	0	0	2	2	0	0	0	615	//실버보우
308	-1	4	13	0	0	0	2	2	0	0	0	615	//블루윙석궁
308	-1	4	14	0	0	0	2	2	0	0	0	615	//아쿠아골드석궁
308	-1	0	12	0	0	0	2	2	0	0	0	615	//태양검
308	-1	0	14	0	0	0	2	2	0	0	0	615	//번개검
308	-1	2	5	0	0	0	2	2	0	0	0	615	//크리스탈검
308	-1	3	14	0	0	0	2	2	0	0	0	615	//콘모시온랜스
308	-1	3	18	0	0	0	2	2	0	0	0	615	//알라크란랜스
308	-1	3	8	0	0	0	2	2	0	0	0	615	//그레이트사이드
308	-1	3	9	0	0	0	2	2	0	0	0	615	//발록의낫
308	-1	5	5	0	0	0	2	2	0	0	0	615	//전설의지팡이
308	-1	5	6	0	0	0	2	2	0	0	0	615	//부활의지팡이
308	-1	5	16	0	0	0	2	2	0	0	0	615	//레드윙스틱
308	-1	5	22	0	0	0	2	2	0	0	0	615	//닐의서
308	-1	5	23	0	0	0	2	2	0	0	0	615	//라글의서
308	-1	2	8	0	0	0	2	2	0	0	0	615	//배틀셉터
308	-1	2	9	0	0	0	2	2	0	0	0	615	//마스터셉터
308	-1	6	12	0	0	0	2	2	0	0	0	615	//브론즈방패
308	-1	6	13	0	0	0	2	2	0	0	0	615	//드라곤방패
308	-1	6	16	0	0	0	2	2	0	0	0	615	//엘리멘탈방패
308	-1	6	21	0	0	0	2	2	0	0	0	615	//크로스실드
308	-1	6	30	0	0	0	2	2	0	0	0	615	//플루마실드
308	-1	8	92	0	0	0	0	2	0	0	0	615	//그루힐갑옷
308	-1	9	92	0	0	0	0	2	0	0	0	615	//그루힐바지
308	-1	8	25	0	0	0	0	2	0	0	0	615	//라운드갑옷
308	-1	8	3	0	0	0	0	2	0	0	0	615	//전설의갑옷
308	-1	8	40	0	0	0	0	2	0	0	0	615	//레드윙갑옷
308	-1	8	14	0	0	0	0	2	0	0	0	615	//수호갑옷
308	-1	9	14	0	0	0	0	2	0	0	0	615	//수호바지
308	-1	7	59	0	0	0	0	2	0	0	0	615	//세크리드파이어투구
308	-1	8	59	0	0	0	0	2	0	0	0	615	//세크리드파이어갑옷
308	-1	9	59	0	0	0	0	2	0	0	0	615	//세크리드파이어바지
308	-1	7	1	0	0	0	0	2	0	0	0	615	//드라곤투구
308	-1	8	1	0	0	0	0	2	0	0	0	615	//드라곤갑옷
308	-1	9	1	0	0	0	0	2	0	0	0	615	//드라곤바지
308	-1	11	1	0	0	0	0	2	0	0	0	615	//드라곤부츠
308	-1	7	26	0	0	0	0	2	0	0	0	615	//다크소울마스크
308	-1	10	26	0	0	0	0	2	0	0	0	615	//다크소울장갑
308	-1	9	26	0	0	0	0	2	0	0	0	615	//다크소울바지
308	-1	11	26	0	0	0	0	2	0	0	0	615	//다크소울부츠
308	-1	10	93	0	0	0	0	2	0	0	0	615	//프린시장갑
308	-1	11	93	0	0	0	0	2	0	0	0	615	//프린시부츠
308	-1	7	34	0	0	0	0	2	0	0	0	615	//애쉬크로우헬멧
308	-1	10	34	0	0	0	0	2	0	0	0	615	//애쉬크로우장갑
308	-1	9	34	0	0	0	0	2	0	0	0	615	//애쉬크로우바지
308	-1	11	34	0	0	0	0	2	0	0	0	615	//애쉬크로우부츠
308	-1	7	35	0	0	0	0	2	0	0	0	615	//이클립스헬멧
308	-1	10	35	0	0	0	0	2	0	0	0	615	//이클립스장갑
308	-1	9	35	0	0	0	0	2	0	0	0	615	//이클립스바지
308	-1	11	35	0	0	0	0	2	0	0	0	615	//이클립스부츠
308	-1	7	36	0	0	0	0	2	0	0	0	615	//아이리스헬멧
308	-1	10	36	0	0	0	0	2	0	0	0	615	//아이리스장갑
308	-1	9	36	0	0	0	0	2	0	0	0	615	//아이리스바지
308	-1	11	36	0	0	0	0	2	0	0	0	615	//아이리스부츠
308	-1	7	41	0	0	0	0	2	0	0	0	615	//에이션트헬멧
308	-1	10	41	0	0	0	0	2	0	0	0	615	//에이션트장갑
308	-1	9	41	0	0	0	0	2	0	0	0	615	//에이션트바지
308	-1	11	41	0	0	0	0	2	0	0	0	615	//에이션트부츠
308	-1	7	60	0	0	0	0	2	0	0	0	615	//스톰자하드투구
308	-1	11	60	0	0	0	0	2	0	0	0	615	//스톰자하드부츠
308	-1	7	93	0	0	0	0	2	0	0	0	615	//프린시헬멧
308	-1	10	15	0	0	0	0	2	0	0	0	615	//아틀란스장갑
308	-1	11	15	0	0	0	0	2	0	0	0	615	//아틀란스부츠
308	-1	10	18	0	0	0	0	2	0	0	0	615	//그랜드소울장갑
308	-1	10	42	0	0	0	0	2	0	0	0	615	//데모닉장갑
308	-1	10	19	0	0	0	0	2	0	0	0	615	//홀리스프릿장갑
308	-1	15	14	0	0	0	0	0	0	0	0	100	//텔레키네시스법서
308	-1	12	18	0	0	0	0	0	0	0	0	100	//아이스애로우구슬
308	-1	15	26	0	0	0	0	0	0	0	0	100	//위크니스양피지
308	-1	15	17	0	0	0	0	0	0	0	0	100	//서든아이스법서
308	-1	15	27	0	0	0	0	0	0	0	0	100	//이너베이션양피지
308	-1	12	277	0	0	0	0	0	0	0	0	100	//브래쉬스크롤
308	-1	14	40	0	0	0	0	0	0	0	0	320	//큰복합물약
//데스트리 엑설런트													
308	-1	1	5	0	0	0	0	2	0	1	0	2	//전투도끼
308	-1	1	6	0	0	0	0	2	0	1	0	2	//니케아도끼
308	-1	1	7	0	0	0	0	2	0	1	0	2	//라르칸도끼
308	-1	2	3	0	0	0	0	2	0	1	0	2	//그레이트해머
308	-1	4	11	0	0	0	0	2	0	1	0	2	//빛의석궁
308	-1	4	4	0	0	0	0	2	0	1	0	2	//타이거보우
308	-1	0	8	0	0	0	0	2	0	1	0	2	//서펜트볼그
308	-1	0	9	0	0	0	0	2	0	1	0	2	//샐러멘더검
308	-1	0	5	0	0	0	0	2	0	1	0	2	//블레이드
308	-1	0	10	0	0	0	0	2	0	1	0	2	//빛의검
308	-1	0	11	0	0	0	0	2	0	1	0	2	//전설의검
308	-1	3	3	0	0	0	0	2	0	1	0	2	//큰삼지창
308	-1	3	7	0	0	0	0	2	0	1	0	2	//버디슈
308	-1	3	0	0	0	0	0	2	0	1	0	2	//광선봉
308	-1	3	4	0	0	0	0	2	0	1	0	3	//서펜트스피어
308	-1	5	2	0	0	0	0	2	0	1	0	3	//독사지팡이
308	-1	5	3	0	0	0	0	2	0	1	0	3	//번개지팡이
308	-1	5	15	0	0	0	0	2	0	1	0	3	//바이올렌윈드스틱
308	-1	6	7	0	0	0	0	2	0	1	0	3	//스파이크방패
308	-1	6	5	0	0	0	0	2	0	1	0	3	//드래곤슬레이어방패
308	-1	6	8	0	0	0	0	2	0	1	0	3	//타워방패
308	-1	6	31	0	0	0	0	2	0	1	0	3	//알라크란실드
308	-1	6	11	0	0	0	0	2	0	1	0	3	//서펜트방패
308	-1	8	91	0	0	0	0	2	0	1	0	3	//로우버스트갑옷
308	-1	8	39	0	0	0	0	2	0	1	0	3	//바이올렌윈드갑옷
308	-1	9	39	0	0	0	0	2	0	1	0	3	//바이올렌윈드바지
308	-1	8	12	0	0	0	0	2	0	1	0	3	//바람의갑옷
308	-1	9	12	0	0	0	0	2	0	1	0	3	//바람의바지
308	-1	7	7	0	0	0	0	2	0	1	0	3	//스핑크스마스크
308	-1	8	7	0	0	0	0	2	0	1	0	3	//스핑크스갑옷
308	-1	9	7	0	0	0	0	2	0	1	0	3	//스핑크스바지
308	-1	11	7	0	0	0	0	2	0	1	0	3	//스핑크스부츠
308	-1	7	8	0	0	0	0	2	0	1	0	3	//황동헬멧
308	-1	8	8	0	0	0	0	2	0	1	0	3	//황동갑옷
308	-1	10	8	0	0	0	0	2	0	1	0	3	//황동장갑
308	-1	9	8	0	0	0	0	2	0	1	0	3	//황동바지
308	-1	11	8	0	0	0	0	2	0	1	0	3	//황동부츠
308	-1	7	13	0	0	0	0	2	0	1	0	3	//정령헬멧
308	-1	10	13	0	0	0	0	2	0	1	0	3	//정령장갑
308	-1	9	13	0	0	0	0	2	0	1	0	3	//정령바지
308	-1	11	13	0	0	0	0	2	0	1	0	3	//정령부츠
308	-1	10	92	0	0	0	0	2	0	1	0	3	//그루힐장갑
308	-1	7	9	0	0	0	0	2	0	1	0	3	//철판헬멧
308	-1	10	9	0	0	0	0	2	0	1	0	3	//철판장갑
308	-1	9	9	0	0	0	0	2	0	1	0	3	//철판바지
308	-1	11	9	0	0	0	0	2	0	1	0	3	//철판부츠
308	-1	7	25	0	0	0	0	2	0	1	0	3	//라운드마스크
308	-1	10	25	0	0	0	0	2	0	1	0	3	//라운드장갑
308	-1	11	25	0	0	0	0	2	0	1	0	3	//라운드부츠
308	-1	10	3	0	0	0	0	2	0	1	0	3	//전설의장갑
308	-1	11	3	0	0	0	0	2	0	1	0	3	//전설의부츠
308	-1	11	40	0	0	0	0	2	0	1	0	3	//레드윙부츠
//포레스트오크													180
307	-1	2	4	0	0	0	2	2	0	0	0	662	//크리스탈모닝스타
307	-1	4	5	0	0	0	2	2	0	0	0	662	//실버보우
307	-1	4	13	0	0	0	2	2	0	0	0	662	//블루윙석궁
307	-1	4	14	0	0	0	2	2	0	0	0	662	//아쿠아골드석궁
307	-1	0	12	0	0	0	2	2	0	0	0	662	//태양검
307	-1	0	14	0	0	0	2	2	0	0	0	662	//번개검
307	-1	2	5	0	0	0	2	2	0	0	0	662	//크리스탈검
307	-1	3	14	0	0	0	2	2	0	0	0	662	//콘모시온랜스
307	-1	3	18	0	0	0	2	2	0	0	0	662	//알라크란랜스
307	-1	3	9	0	0	0	2	2	0	0	0	662	//발록의낫
307	-1	5	5	0	0	0	2	2	0	0	0	662	//전설의지팡이
307	-1	5	6	0	0	0	2	2	0	0	0	662	//부활의지팡이
307	-1	5	16	0	0	0	2	2	0	0	0	662	//레드윙스틱
307	-1	5	22	0	0	0	2	2	0	0	0	662	//닐의서
307	-1	5	23	0	0	0	2	2	0	0	0	662	//라글의서
307	-1	2	9	0	0	0	2	2	0	0	0	662	//마스터셉터
307	-1	6	13	0	0	0	2	2	0	0	0	662	//드라곤방패
307	-1	6	16	0	0	0	2	2	0	0	0	662	//엘리멘탈방패
307	-1	6	21	0	0	0	2	2	0	0	0	662	//크로스실드
307	-1	6	30	0	0	0	2	2	0	0	0	662	//플루마실드
307	-1	6	15	0	0	0	2	2	0	0	0	662	//그랜드소울방패
307	-1	8	92	0	0	0	0	2	0	0	0	662	//그루힐갑옷
307	-1	8	25	0	0	0	0	2	0	0	0	662	//라운드갑옷
307	-1	8	3	0	0	0	0	2	0	0	0	662	//전설의갑옷
307	-1	8	40	0	0	0	0	2	0	0	0	662	//레드윙갑옷
307	-1	8	14	0	0	0	0	2	0	0	0	662	//수호갑옷
307	-1	8	59	0	0	0	0	2	0	0	0	662	//세크리드파이어갑옷
307	-1	9	59	0	0	0	0	2	0	0	0	662	//세크리드파이어바지
307	-1	7	1	0	0	0	0	2	0	0	0	662	//드라곤투구
307	-1	8	1	0	0	0	0	2	0	0	0	662	//드라곤갑옷
307	-1	7	26	0	0	0	0	2	0	0	0	662	//다크소울마스크
307	-1	10	26	0	0	0	0	2	0	0	0	662	//다크소울장갑
307	-1	9	26	0	0	0	0	2	0	0	0	662	//다크소울바지
307	-1	11	26	0	0	0	0	2	0	0	0	662	//다크소울부츠
307	-1	10	93	0	0	0	0	2	0	0	0	662	//프린시장갑
307	-1	9	93	0	0	0	0	2	0	0	0	662	//프린시바지
307	-1	11	93	0	0	0	0	2	0	0	0	662	//프린시부츠
307	-1	7	34	0	0	0	0	2	0	0	0	662	//애쉬크로우헬멧
307	-1	10	34	0	0	0	0	2	0	0	0	662	//애쉬크로우장갑
307	-1	9	34	0	0	0	0	2	0	0	0	662	//애쉬크로우바지
307	-1	11	34	0	0	0	0	2	0	0	0	662	//애쉬크로우부츠
307	-1	7	35	0	0	0	0	2	0	0	0	662	//이클립스헬멧
307	-1	10	35	0	0	0	0	2	0	0	0	662	//이클립스장갑
307	-1	9	35	0	0	0	0	2	0	0	0	662	//이클립스바지
307	-1	11	35	0	0	0	0	2	0	0	0	662	//이클립스부츠
307	-1	7	36	0	0	0	0	2	0	0	0	662	//아이리스헬멧
307	-1	10	36	0	0	0	0	2	0	0	0	662	//아이리스장갑
307	-1	9	36	0	0	0	0	2	0	0	0	662	//아이리스바지
307	-1	11	36	0	0	0	0	2	0	0	0	662	//아이리스부츠
307	-1	7	41	0	0	0	0	2	0	0	0	662	//에이션트헬멧
307	-1	10	41	0	0	0	0	2	0	0	0	662	//에이션트장갑
307	-1	9	41	0	0	0	0	2	0	0	0	662	//에이션트바지
307	-1	11	41	0	0	0	0	2	0	0	0	662	//에이션트부츠
307	-1	7	60	0	0	0	0	2	0	0	0	662	//스톰자하드투구
307	-1	11	60	0	0	0	0	2	0	0	0	662	//스톰자하드부츠
307	-1	7	93	0	0	0	0	2	0	0	0	662	//프린시헬멧
307	-1	10	15	0	0	0	0	2	0	0	0	662	//아틀란스장갑
307	-1	9	15	0	0	0	0	2	0	0	0	662	//아틀란스바지
307	-1	11	15	0	0	0	0	2	0	0	0	662	//아틀란스부츠
307	-1	10	18	0	0	0	0	2	0	0	0	662	//그랜드소울장갑
307	-1	10	42	0	0	0	0	2	0	0	0	662	//데모닉장갑
307	-1	10	19	0	0	0	0	2	0	0	0	662	//홀리스프릿장갑
307	-1	15	14	0	0	0	0	0	0	0	0	100	//텔레키네시스법서
307	-1	12	18	0	0	0	0	0	0	0	0	100	//아이스애로우구슬
307	-1	15	26	0	0	0	0	0	0	0	0	100	//위크니스양피지
307	-1	15	17	0	0	0	0	0	0	0	0	100	//서든아이스법서
307	-1	15	27	0	0	0	0	0	0	0	0	100	//이너베이션양피지
307	-1	12	277	0	0	0	0	0	0	0	0	100	//브래쉬스크롤
307	-1	14	40	0	0	0	0	0	0	0	0	320	//큰복합물약
//포레스트오크 엑설런트													
307	-1	1	6	0	0	0	0	2	0	1	0	3	//니케아도끼
307	-1	1	7	0	0	0	0	2	0	1	0	3	//라르칸도끼
307	-1	2	3	0	0	0	0	2	0	1	0	3	//그레이트해머
307	-1	4	11	0	0	0	0	2	0	1	0	3	//빛의석궁
307	-1	4	4	0	0	0	0	2	0	1	0	3	//타이거보우
307	-1	4	12	0	0	0	0	2	0	1	0	3	//서펜트석궁
307	-1	0	9	0	0	0	0	2	0	1	0	3	//샐러멘더검
307	-1	0	5	0	0	0	0	2	0	1	0	3	//블레이드
307	-1	0	10	0	0	0	0	2	0	1	0	3	//빛의검
307	-1	0	11	0	0	0	0	2	0	1	0	3	//전설의검
307	-1	0	13	0	0	0	0	2	0	1	0	3	//더블블레이드
307	-1	3	7	0	0	0	0	2	0	1	0	3	//버디슈
307	-1	3	0	0	0	0	0	2	0	1	0	3	//광선봉
307	-1	3	4	0	0	0	0	2	0	1	0	3	//서펜트스피어
307	-1	5	3	0	0	0	0	2	0	1	0	3	//번개지팡이
307	-1	5	15	0	0	0	0	2	0	1	0	3	//바이올렌윈드스틱
307	-1	6	5	0	0	0	0	2	0	1	0	3	//드래곤슬레이어방패
307	-1	6	8	0	0	0	0	2	0	1	0	3	//타워방패
307	-1	6	31	0	0	0	0	2	0	1	0	3	//알라크란실드
307	-1	6	11	0	0	0	0	2	0	1	0	3	//서펜트방패
307	-1	6	14	0	0	0	0	2	0	1	0	3	//전설의방패
307	-1	8	39	0	0	0	0	2	0	1	0	3	//바이올렌윈드갑옷
307	-1	8	12	0	0	0	0	2	0	1	0	3	//바람의갑옷
307	-1	7	7	0	0	0	0	2	0	1	0	3	//스핑크스마스크
307	-1	8	7	0	0	0	0	2	0	1	0	3	//스핑크스갑옷
307	-1	9	7	0	0	0	0	2	0	1	0	3	//스핑크스바지
307	-1	7	8	0	0	0	0	2	0	1	0	3	//황동헬멧
307	-1	8	8	0	0	0	0	2	0	1	0	3	//황동갑옷
307	-1	10	8	0	0	0	0	2	0	1	0	3	//황동장갑
307	-1	9	8	0	0	0	0	2	0	1	0	3	//황동바지
307	-1	11	8	0	0	0	0	2	0	1	0	3	//황동부츠
307	-1	7	13	0	0	0	0	2	0	1	0	3	//정령헬멧
307	-1	10	13	0	0	0	0	2	0	1	0	3	//정령장갑
307	-1	9	13	0	0	0	0	2	0	1	0	3	//정령바지
307	-1	11	13	0	0	0	0	2	0	1	0	3	//정령부츠
307	-1	10	92	0	0	0	0	2	0	1	0	3	//그루힐장갑
307	-1	7	9	0	0	0	0	2	0	1	0	3	//철판헬멧
307	-1	8	9	0	0	0	0	2	0	1	0	3	//철판갑옷
307	-1	10	9	0	0	0	0	2	0	1	0	3	//철판장갑
307	-1	9	9	0	0	0	0	2	0	1	0	3	//철판바지
307	-1	11	9	0	0	0	0	2	0	1	0	3	//철판부츠
307	-1	7	25	0	0	0	0	2	0	1	0	3	//라운드마스크
307	-1	10	25	0	0	0	0	2	0	1	0	3	//라운드장갑
307	-1	11	25	0	0	0	0	2	0	1	0	3	//라운드부츠
307	-1	11	3	0	0	0	0	2	0	1	0	3	//전설의부츠
307	-1	11	40	0	0	0	0	2	0	1	0	3	//레드윙부츠
//데스라이더													180
306	-1	2	4	0	0	0	2	2	0	0	0	642	//크리스탈모닝스타
306	-1	4	13	0	0	0	2	2	0	0	0	642	//블루윙석궁
306	-1	4	14	0	0	0	2	2	0	0	0	642	//아쿠아골드석궁
306	-1	2	5	0	0	0	2	2	0	0	0	642	//크리스탈검
306	-1	3	14	0	0	0	2	2	0	0	0	642	//콘모시온랜스
306	-1	3	18	0	0	0	2	2	0	0	0	642	//알라크란랜스
306	-1	3	9	0	0	0	2	2	0	0	0	642	//발록의낫
306	-1	5	6	0	0	0	2	2	0	0	0	642	//부활의지팡이
306	-1	5	17	0	0	0	2	2	0	0	0	642	//에이션트스틱
306	-1	5	23	0	0	0	2	2	0	0	0	642	//라글의서
306	-1	2	9	0	0	0	2	2	0	0	0	642	//마스터셉터
306	-1	6	13	0	0	0	2	2	0	0	0	642	//드라곤방패
306	-1	6	16	0	0	0	2	2	0	0	0	642	//엘리멘탈방패
306	-1	6	21	0	0	0	2	2	0	0	0	642	//크로스실드
306	-1	6	30	0	0	0	2	2	0	0	0	642	//플루마실드
306	-1	6	15	0	0	0	2	2	0	0	0	642	//그랜드소울방패
306	-1	6	32	0	0	0	2	2	0	0	0	642	//비스실드
306	-1	8	92	0	0	0	0	2	0	0	0	642	//그루힐갑옷
306	-1	8	25	0	0	0	0	2	0	0	0	642	//라운드갑옷
306	-1	8	59	0	0	0	0	2	0	0	0	642	//세크리드파이어갑옷
306	-1	9	59	0	0	0	0	2	0	0	0	642	//세크리드파이어바지
306	-1	7	26	0	0	0	0	2	0	0	0	642	//다크소울마스크
306	-1	8	26	0	0	0	0	2	0	0	0	642	//다크소울갑옷
306	-1	9	26	0	0	0	0	2	0	0	0	642	//다크소울바지
306	-1	11	26	0	0	0	0	2	0	0	0	642	//다크소울부츠
306	-1	10	93	0	0	0	0	2	0	0	0	642	//프린시장갑
306	-1	9	93	0	0	0	0	2	0	0	0	642	//프린시바지
306	-1	11	93	0	0	0	0	2	0	0	0	642	//프린시부츠
306	-1	7	34	0	0	0	0	2	0	0	0	642	//애쉬크로우헬멧
306	-1	8	34	0	0	0	0	2	0	0	0	642	//애쉬크로우갑옷
306	-1	10	34	0	0	0	0	2	0	0	0	642	//애쉬크로우장갑
306	-1	9	34	0	0	0	0	2	0	0	0	642	//애쉬크로우바지
306	-1	11	34	0	0	0	0	2	0	0	0	642	//애쉬크로우부츠
306	-1	7	35	0	0	0	0	2	0	0	0	642	//이클립스헬멧
306	-1	8	35	0	0	0	0	2	0	0	0	642	//이클립스갑옷
306	-1	10	35	0	0	0	0	2	0	0	0	642	//이클립스장갑
306	-1	9	35	0	0	0	0	2	0	0	0	642	//이클립스바지
306	-1	11	35	0	0	0	0	2	0	0	0	642	//이클립스부츠
306	-1	7	36	0	0	0	0	2	0	0	0	642	//아이리스헬멧
306	-1	8	36	0	0	0	0	2	0	0	0	642	//아이리스갑옷
306	-1	10	36	0	0	0	0	2	0	0	0	642	//아이리스장갑
306	-1	9	36	0	0	0	0	2	0	0	0	642	//아이리스바지
306	-1	11	36	0	0	0	0	2	0	0	0	642	//아이리스부츠
306	-1	7	41	0	0	0	0	2	0	0	0	642	//에이션트헬멧
306	-1	8	41	0	0	0	0	2	0	0	0	642	//에이션트갑옷
306	-1	10	41	0	0	0	0	2	0	0	0	642	//에이션트장갑
306	-1	9	41	0	0	0	0	2	0	0	0	642	//에이션트바지
306	-1	11	41	0	0	0	0	2	0	0	0	642	//에이션트부츠
306	-1	7	60	0	0	0	0	2	0	0	0	642	//스톰자하드투구
306	-1	9	60	0	0	0	0	2	0	0	0	642	//스톰자하드바지
306	-1	11	60	0	0	0	0	2	0	0	0	642	//스톰자하드부츠
306	-1	7	93	0	0	0	0	2	0	0	0	642	//프린시헬멧
306	-1	10	15	0	0	0	0	2	0	0	0	642	//아틀란스장갑
306	-1	9	15	0	0	0	0	2	0	0	0	642	//아틀란스바지
306	-1	11	15	0	0	0	0	2	0	0	0	642	//아틀란스부츠
306	-1	10	18	0	0	0	0	2	0	0	0	642	//그랜드소울장갑
306	-1	11	18	0	0	0	0	2	0	0	0	642	//그랜드소울부츠
306	-1	10	42	0	0	0	0	2	0	0	0	642	//데모닉장갑
306	-1	11	42	0	0	0	0	2	0	0	0	642	//데모닉부츠
306	-1	10	19	0	0	0	0	2	0	0	0	642	//홀리스프릿장갑
306	-1	10	27	0	0	0	0	2	0	0	0	642	//다크브리즌장갑
306	-1	10	16	0	0	0	0	2	0	0	0	642	//블랙드라곤장갑
306	-1	11	16	0	0	0	0	2	0	0	0	642	//블랙드라곤부츠
306	-1	15	14	0	0	0	0	0	0	0	0	100	//텔레키네시스법서
306	-1	12	18	0	0	0	0	0	0	0	0	100	//아이스애로우구슬
306	-1	15	26	0	0	0	0	0	0	0	0	100	//위크니스양피지
306	-1	15	17	0	0	0	0	0	0	0	0	100	//서든아이스법서
306	-1	15	27	0	0	0	0	0	0	0	0	100	//이너베이션양피지
306	-1	12	277	0	0	0	0	0	0	0	0	100	//브래쉬스크롤
306	-1	14	40	0	0	0	0	0	0	0	0	320	//큰복합물약
//데스라이더 엑설런트													
306	-1	4	32	0	0	0	0	2	0	1	0	3	//전투화살통
306	-1	1	7	0	0	0	0	2	0	1	0	3	//라르칸도끼
306	-1	2	3	0	0	0	0	2	0	1	0	3	//그레이트해머
306	-1	4	4	0	0	0	0	2	0	1	0	3	//타이거보우
306	-1	4	12	0	0	0	0	2	0	1	0	3	//서펜트석궁
306	-1	0	5	0	0	0	0	2	0	1	0	3	//블레이드
306	-1	0	10	0	0	0	0	2	0	1	0	3	//빛의검
306	-1	0	11	0	0	0	0	2	0	1	0	3	//전설의검
306	-1	0	13	0	0	0	0	2	0	1	0	3	//더블블레이드
306	-1	0	15	0	0	0	0	2	0	1	0	3	//거대한검
306	-1	0	32	0	0	0	0	2	0	1	0	3	//세크리드글러브
306	-1	3	7	0	0	0	0	2	0	1	0	3	//버디슈
306	-1	3	0	0	0	0	0	2	0	1	0	3	//광선봉
306	-1	3	4	0	0	0	0	2	0	1	0	3	//서펜트스피어
306	-1	5	3	0	0	0	0	2	0	1	0	3	//번개지팡이
306	-1	5	4	0	0	0	0	2	0	1	0	3	//고르곤지팡이
306	-1	5	15	0	0	0	0	2	0	1	0	3	//바이올렌윈드스틱
306	-1	5	21	0	0	0	0	2	0	1	0	3	//사아무트의서
306	-1	6	5	0	0	0	0	2	0	1	0	3	//드래곤슬레이어방패
306	-1	6	8	0	0	0	0	2	0	1	0	3	//타워방패
306	-1	6	31	0	0	0	0	2	0	1	0	3	//알라크란실드
306	-1	6	11	0	0	0	0	2	0	1	0	3	//서펜트방패
306	-1	6	14	0	0	0	0	2	0	1	0	3	//전설의방패
306	-1	8	7	0	0	0	0	2	0	1	0	3	//스핑크스갑옷
306	-1	7	8	0	0	0	0	2	0	1	0	3	//황동헬멧
306	-1	8	8	0	0	0	0	2	0	1	0	3	//황동갑옷
306	-1	9	8	0	0	0	0	2	0	1	0	3	//황동바지
306	-1	7	13	0	0	0	0	2	0	1	0	3	//정령헬멧
306	-1	10	13	0	0	0	0	2	0	1	0	3	//정령장갑
306	-1	9	13	0	0	0	0	2	0	1	0	3	//정령바지
306	-1	11	13	0	0	0	0	2	0	1	0	3	//정령부츠
306	-1	7	92	0	0	0	0	2	0	1	0	3	//그루힐헬멧
306	-1	10	92	0	0	0	0	2	0	1	0	3	//그루힐장갑
306	-1	7	9	0	0	0	0	2	0	1	0	3	//철판헬멧
306	-1	8	9	0	0	0	0	2	0	1	0	3	//철판갑옷
306	-1	10	9	0	0	0	0	2	0	1	0	3	//철판장갑
306	-1	9	9	0	0	0	0	2	0	1	0	3	//철판바지
306	-1	11	9	0	0	0	0	2	0	1	0	3	//철판부츠
306	-1	7	25	0	0	0	0	2	0	1	0	3	//라운드마스크
306	-1	10	25	0	0	0	0	2	0	1	0	3	//라운드장갑
306	-1	9	25	0	0	0	0	2	0	1	0	3	//라운드바지
306	-1	11	25	0	0	0	0	2	0	1	0	3	//라운드부츠
306	-1	7	3	0	0	0	0	2	0	1	0	3	//전설의헬멧
306	-1	9	3	0	0	0	0	2	0	1	0	3	//전설의바지
306	-1	11	3	0	0	0	0	2	0	1	0	3	//전설의부츠
306	-1	7	40	0	0	0	0	2	0	1	0	3	//레드윙헬멧
306	-1	9	40	0	0	0	0	2	0	1	0	3	//레드윙바지
306	-1	11	40	0	0	0	0	2	0	1	0	3	//레드윙부츠
306	-1	11	59	0	0	0	0	2	0	1	0	3	//세크리드파이어부츠
306	-1	7	14	0	0	0	0	2	0	1	0	3	//수호헬멧
306	-1	10	14	0	0	0	0	2	0	1	0	3	//수호장갑
306	-1	11	14	0	0	0	0	2	0	1	0	3	//수호부츠
306	-1	10	1	0	0	0	0	2	0	1	0	3	//드라곤장갑
//블루골렘													180
305	-1	2	4	0	0	0	2	2	0	0	0	625	//크리스탈모닝스타
305	-1	4	13	0	0	0	2	2	0	0	0	625	//블루윙석궁
305	-1	4	14	0	0	0	2	2	0	0	0	625	//아쿠아골드석궁
305	-1	4	16	0	0	0	2	2	0	0	0	625	//세인트크로스석궁
305	-1	2	5	0	0	0	2	2	0	0	0	625	//크리스탈검
305	-1	0	16	0	0	0	2	2	0	0	0	625	//파괴의검
305	-1	0	33	0	0	0	2	2	0	0	0	625	//홀리스톰클로
305	-1	3	18	0	0	0	2	2	0	0	0	625	//알라크란랜스
305	-1	5	6	0	0	0	2	2	0	0	0	625	//부활의지팡이
305	-1	5	17	0	0	0	2	2	0	0	0	625	//에이션트스틱
305	-1	2	9	0	0	0	2	2	0	0	0	625	//마스터셉터
305	-1	2	10	0	0	0	2	2	0	0	0	625	//그레이트셉터
305	-1	6	16	0	0	0	2	2	0	0	0	625	//엘리멘탈방패
305	-1	6	21	0	0	0	2	2	0	0	0	625	//크로스실드
305	-1	6	30	0	0	0	2	2	0	0	0	625	//플루마실드
305	-1	6	15	0	0	0	2	2	0	0	0	625	//그랜드소울방패
305	-1	6	32	0	0	0	2	2	0	0	0	625	//비스실드
305	-1	8	59	0	0	0	0	2	0	0	0	625	//세크리드파이어갑옷
305	-1	7	26	0	0	0	0	2	0	0	0	625	//다크소울마스크
305	-1	8	26	0	0	0	0	2	0	0	0	625	//다크소울갑옷
305	-1	9	26	0	0	0	0	2	0	0	0	625	//다크소울바지
305	-1	7	93	0	0	0	0	2	0	0	0	625	//프린시헬멧
305	-1	8	93	0	0	0	0	2	0	0	0	625	//프린시갑옷
305	-1	9	93	0	0	0	0	2	0	0	0	625	//프린시바지
305	-1	7	34	0	0	0	0	2	0	0	0	625	//애쉬크로우헬멧
305	-1	8	34	0	0	0	0	2	0	0	0	625	//애쉬크로우갑옷
305	-1	9	34	0	0	0	0	2	0	0	0	625	//애쉬크로우바지
305	-1	11	34	0	0	0	0	2	0	0	0	625	//애쉬크로우부츠
305	-1	7	35	0	0	0	0	2	0	0	0	625	//이클립스헬멧
305	-1	8	35	0	0	0	0	2	0	0	0	625	//이클립스갑옷
305	-1	9	35	0	0	0	0	2	0	0	0	625	//이클립스바지
305	-1	11	35	0	0	0	0	2	0	0	0	625	//이클립스부츠
305	-1	7	36	0	0	0	0	2	0	0	0	625	//아이리스헬멧
305	-1	8	36	0	0	0	0	2	0	0	0	625	//아이리스갑옷
305	-1	9	36	0	0	0	0	2	0	0	0	625	//아이리스바지
305	-1	11	36	0	0	0	0	2	0	0	0	625	//아이리스부츠
305	-1	7	41	0	0	0	0	2	0	0	0	625	//에이션트헬멧
305	-1	8	41	0	0	0	0	2	0	0	0	625	//에이션트갑옷
305	-1	9	41	0	0	0	0	2	0	0	0	625	//에이션트바지
305	-1	7	60	0	0	0	0	2	0	0	0	625	//스톰자하드투구
305	-1	8	60	0	0	0	0	2	0	0	0	625	//스톰자하드갑옷
305	-1	9	60	0	0	0	0	2	0	0	0	625	//스톰자하드바지
305	-1	8	15	0	0	0	0	2	0	0	0	625	//아틀란스갑옷
305	-1	10	15	0	0	0	0	2	0	0	0	625	//아틀란스장갑
305	-1	9	15	0	0	0	0	2	0	0	0	625	//아틀란스바지
305	-1	11	15	0	0	0	0	2	0	0	0	625	//아틀란스부츠
305	-1	7	18	0	0	0	0	2	0	0	0	625	//그랜드소울헬멧
305	-1	10	18	0	0	0	0	2	0	0	0	625	//그랜드소울장갑
305	-1	11	18	0	0	0	0	2	0	0	0	625	//그랜드소울부츠
305	-1	7	42	0	0	0	0	2	0	0	0	625	//데모닉헬멧
305	-1	10	42	0	0	0	0	2	0	0	0	625	//데모닉장갑
305	-1	11	42	0	0	0	0	2	0	0	0	625	//데모닉부츠
305	-1	10	19	0	0	0	0	2	0	0	0	625	//홀리스프릿장갑
305	-1	11	19	0	0	0	0	2	0	0	0	625	//홀리스프릿부츠
305	-1	10	27	0	0	0	0	2	0	0	0	625	//다크브리즌장갑
305	-1	11	27	0	0	0	0	2	0	0	0	625	//다크브리즌부츠
305	-1	7	16	0	0	0	0	2	0	0	0	625	//블랙드라곤투구
305	-1	10	16	0	0	0	0	2	0	0	0	625	//블랙드라곤장갑
305	-1	9	16	0	0	0	0	2	0	0	0	625	//블랙드라곤바지
305	-1	11	16	0	0	0	0	2	0	0	0	625	//블랙드라곤부츠
305	-1	10	94	0	0	0	0	2	0	0	0	625	//히라트장갑
305	-1	10	95	0	0	0	0	2	0	0	0	625	//세이트장갑
305	-1	11	61	0	0	0	0	2	0	0	0	625	//피어싱그로브부츠
305	-1	10	24	0	0	0	0	2	0	0	0	625	//레드스프릿장갑
305	-1	15	14	0	0	0	0	0	0	0	0	100	//텔레키네시스법서
305	-1	12	18	0	0	0	0	0	0	0	0	100	//아이스애로우구슬
305	-1	15	26	0	0	0	0	0	0	0	0	100	//위크니스양피지
305	-1	15	17	0	0	0	0	0	0	0	0	100	//서든아이스법서
305	-1	15	27	0	0	0	0	0	0	0	0	100	//이너베이션양피지
305	-1	12	277	0	0	0	0	0	0	0	0	100	//브래쉬스크롤
305	-1	14	177	0	0	0	0	0	0	0	0	2500	// 헬마이네의가죽
//블루골렘 엑설런트													
305	-1	4	32	0	0	0	0	2	0	1	0	2	//전투화살통
305	-1	1	7	0	0	0	0	2	0	1	0	2	//라르칸도끼
305	-1	1	8	0	0	0	0	2	0	1	0	2	//반월도끼
305	-1	4	12	0	0	0	0	2	0	1	0	2	//서펜트석궁
305	-1	4	5	0	0	0	0	2	0	1	0	2	//실버보우
305	-1	0	11	0	0	0	0	2	0	1	0	2	//전설의검
305	-1	0	13	0	0	0	0	2	0	1	0	2	//더블블레이드
305	-1	0	15	0	0	0	0	2	0	1	0	2	//거대한검
305	-1	0	32	0	0	0	0	2	0	1	0	2	//세크리드글러브
305	-1	0	12	0	0	0	0	2	0	1	0	2	//태양검
305	-1	3	0	0	0	0	0	2	0	1	0	2	//광선봉
305	-1	0	14	0	0	0	0	2	0	1	0	2	//번개검
305	-1	3	4	0	0	0	0	2	0	1	0	2	//서펜트스피어
305	-1	3	8	0	0	0	0	2	0	1	0	2	//그레이트사이드
305	-1	5	3	0	0	0	0	2	0	1	0	2	//번개지팡이
305	-1	5	4	0	0	0	0	2	0	1	0	2	//고르곤지팡이
305	-1	5	5	0	0	0	0	2	0	1	0	2	//전설의지팡이
305	-1	5	15	0	0	0	0	2	0	1	0	2	//바이올렌윈드스틱
305	-1	5	16	0	0	0	0	2	0	1	0	2	//레드윙스틱
305	-1	5	21	0	0	0	0	2	0	1	0	2	//사아무트의서
305	-1	5	22	0	0	0	0	2	0	1	0	2	//닐의서
305	-1	2	8	0	0	0	0	2	0	1	0	2	//배틀셉터
305	-1	6	11	0	0	0	0	2	0	1	0	2	//서펜트방패
305	-1	6	14	0	0	0	0	2	0	1	0	2	//전설의방패
305	-1	6	12	0	0	0	0	2	0	1	0	2	//브론즈방패
305	-1	9	13	0	0	0	0	2	0	1	0	3	//정령바지
305	-1	7	92	0	0	0	0	2	0	1	0	3	//그루힐헬멧
305	-1	9	92	0	0	0	0	2	0	1	0	3	//그루힐바지
305	-1	7	9	0	0	0	0	2	0	1	0	3	//철판헬멧
305	-1	8	9	0	0	0	0	2	0	1	0	3	//철판갑옷
305	-1	10	9	0	0	0	0	2	0	1	0	3	//철판장갑
305	-1	9	9	0	0	0	0	2	0	1	0	3	//철판바지
305	-1	11	9	0	0	0	0	2	0	1	0	3	//철판부츠
305	-1	7	25	0	0	0	0	2	0	1	0	3	//라운드마스크
305	-1	10	25	0	0	0	0	2	0	1	0	3	//라운드장갑
305	-1	9	25	0	0	0	0	2	0	1	0	3	//라운드바지
305	-1	11	25	0	0	0	0	2	0	1	0	3	//라운드부츠
305	-1	7	3	0	0	0	0	2	0	1	0	3	//전설의헬멧
305	-1	8	3	0	0	0	0	2	0	1	0	3	//전설의갑옷
305	-1	9	3	0	0	0	0	2	0	1	0	3	//전설의바지
305	-1	11	3	0	0	0	0	2	0	1	0	3	//전설의부츠
305	-1	7	40	0	0	0	0	2	0	1	0	3	//레드윙헬멧
305	-1	8	40	0	0	0	0	2	0	1	0	3	//레드윙갑옷
305	-1	9	40	0	0	0	0	2	0	1	0	3	//레드윙바지
305	-1	11	40	0	0	0	0	2	0	1	0	3	//레드윙부츠
305	-1	7	59	0	0	0	0	2	0	1	0	3	//세크리드파이어투구
305	-1	11	59	0	0	0	0	2	0	1	0	3	//세크리드파이어부츠
305	-1	7	14	0	0	0	0	2	0	1	0	3	//수호헬멧
305	-1	8	14	0	0	0	0	2	0	1	0	3	//수호갑옷
305	-1	10	14	0	0	0	0	2	0	1	0	3	//수호장갑
305	-1	9	14	0	0	0	0	2	0	1	0	3	//수호바지
305	-1	11	14	0	0	0	0	2	0	1	0	3	//수호부츠
305	-1	7	1	0	0	0	0	2	0	1	0	3	//드라곤투구
305	-1	8	1	0	0	0	0	2	0	1	0	3	//드라곤갑옷
305	-1	10	1	0	0	0	0	2	0	1	0	3	//드라곤장갑
305	-1	9	1	0	0	0	0	2	0	1	0	3	//드라곤바지
305	-1	11	1	0	0	0	0	2	0	1	0	3	//드라곤부츠
305	-1	10	26	0	0	0	0	2	0	1	0	3	//다크소울장갑
//위치퀸													160
304	-1	4	16	0	0	0	2	2	0	0	0	766	//세인트크로스석궁
304	-1	4	17	0	0	0	2	2	0	0	0	766	//홀리사이트보우
304	-1	0	16	0	0	0	2	2	0	0	0	766	//파괴의검
304	-1	0	33	0	0	0	2	2	0	0	0	766	//홀리스톰클로
304	-1	3	15	0	0	0	2	2	0	0	0	766	//플루마랜스
304	-1	3	16	0	0	0	2	2	0	0	0	766	//비스랜스
304	-1	3	10	0	0	0	2	2	0	0	0	766	//드라곤스피어
304	-1	5	8	0	0	0	2	2	0	0	0	766	//파멸의지팡이
304	-1	5	17	0	0	0	2	2	0	0	0	766	//에이션트스틱
304	-1	2	10	0	0	0	2	2	0	0	0	766	//그레이트셉터
304	-1	2	7	0	0	0	2	2	0	0	0	766	//엘리멘탈메이스
304	-1	8	26	0	0	0	0	2	0	0	0	766	//다크소울갑옷
304	-1	8	93	0	0	0	0	2	0	0	0	766	//프린시갑옷
304	-1	8	60	0	0	0	0	2	0	0	0	766	//스톰자하드갑옷
304	-1	9	60	0	0	0	0	2	0	0	0	766	//스톰자하드바지
304	-1	8	15	0	0	0	0	2	0	0	0	766	//아틀란스갑옷
304	-1	7	18	0	0	0	0	2	0	0	0	766	//그랜드소울헬멧
304	-1	8	18	0	0	0	0	2	0	0	0	766	//그랜드소울갑옷
304	-1	9	18	0	0	0	0	2	0	0	0	766	//그랜드소울바지
304	-1	11	18	0	0	0	0	2	0	0	0	766	//그랜드소울부츠
304	-1	7	42	0	0	0	0	2	0	0	0	766	//데모닉헬멧
304	-1	8	42	0	0	0	0	2	0	0	0	766	//데모닉갑옷
304	-1	9	42	0	0	0	0	2	0	0	0	766	//데모닉바지
304	-1	11	42	0	0	0	0	2	0	0	0	766	//데모닉부츠
304	-1	7	19	0	0	0	0	2	0	0	0	766	//홀리스프릿헬멧
304	-1	8	19	0	0	0	0	2	0	0	0	766	//홀리스프릿갑옷
304	-1	9	19	0	0	0	0	2	0	0	0	766	//홀리스프릿바지
304	-1	11	19	0	0	0	0	2	0	0	0	766	//홀리스프릿부츠
304	-1	7	27	0	0	0	0	2	0	0	0	766	//다크브리즌마스크
304	-1	9	27	0	0	0	0	2	0	0	0	766	//다크브리즌바지
304	-1	11	27	0	0	0	0	2	0	0	0	766	//다크브리즌부츠
304	-1	7	16	0	0	0	0	2	0	0	0	766	//블랙드라곤투구
304	-1	10	16	0	0	0	0	2	0	0	0	766	//블랙드라곤장갑
304	-1	11	16	0	0	0	0	2	0	0	0	766	//블랙드라곤부츠
304	-1	7	94	0	0	0	0	2	0	0	0	766	//히라트헬멧
304	-1	10	94	0	0	0	0	2	0	0	0	766	//히라트장갑
304	-1	11	94	0	0	0	0	2	0	0	0	766	//히라트부츠
304	-1	7	95	0	0	0	0	2	0	0	0	766	//세이트헬멧
304	-1	10	95	0	0	0	0	2	0	0	0	766	//세이트장갑
304	-1	11	95	0	0	0	0	2	0	0	0	766	//세이트부츠
304	-1	7	61	0	0	0	0	2	0	0	0	766	//피어싱그로브투구
304	-1	11	61	0	0	0	0	2	0	0	0	766	//피어싱그로브부츠
304	-1	8	16	0	0	0	0	2	0	0	0	766	//블랙드라곤갑옷
304	-1	9	16	0	0	0	0	2	0	0	0	766	//블랙드라곤바지
304	-1	10	24	0	0	0	0	2	0	0	0	766	//레드스피릿장갑
304	-1	7	24	0	0	0	0	2	0	0	0	766	//레드스피릿헬멧
304	-1	11	24	0	0	0	0	2	0	0	0	766	//레드스피릿부츠
304	-1	7	17	0	0	0	0	2	0	0	0	766	//다크피닉스투구
304	-1	10	17	0	0	0	0	2	0	0	0	766	//다크피닉스장갑
304	-1	11	17	0	0	0	0	2	0	0	0	766	//다크피닉스부츠
304	-1	10	22	0	0	0	0	2	0	0	0	766	//블랙소울장갑
304	-1	10	20	0	0	0	0	2	0	0	0	766	//선더호크장갑
304	-1	11	20	0	0	0	0	2	0	0	0	766	//선더호크부츠
304	-1	10	28	0	0	0	0	2	0	0	0	766	//다크마스터장갑
304	-1	10	37	0	0	0	0	2	0	0	0	766	//발리언트장갑
304	-1	10	38	0	0	0	0	2	0	0	0	766	//글로리어스장갑
304	-1	10	21	0	0	0	0	2	0	0	0	766	//그레이트드라곤장갑
304	-1	15	16	0	0	0	0	0	0	0	0	50	//데쓰포이즌법서
304	-1	15	18	0	0	0	0	0	0	0	0	50	//헬버스트법서
304	-1	15	29	0	0	0	0	0	0	0	0	50	//기간틱스톰법서
304	-1	15	28	0	0	0	0	0	0	0	0	50	//마력증대법서
304	-1	14	177	0	0	0	0	0	0	0	0	2500	// 헬마이네의가죽
//304	-1	12	71	0	0	0	0	0	0	0	0	3500	//스피어(디)
//위치퀸 엑설런트													
304	-1	4	32	0	0	0	0	2	0	1	0	2	//전투화살통
304	-1	1	8	0	0	0	0	2	0	1	0	2	//반월도끼
304	-1	2	4	0	0	0	0	2	0	1	0	2	//크리스탈모닝스타
304	-1	4	5	0	0	0	0	2	0	1	0	2	//실버보우
304	-1	4	13	0	0	0	0	2	0	1	0	2	//블루윙석궁
304	-1	0	15	0	0	0	0	2	0	1	0	2	//거대한검
304	-1	0	32	0	0	0	0	2	0	1	0	2	//세크리드글러브
304	-1	0	12	0	0	0	0	2	0	1	0	2	//태양검
304	-1	0	14	0	0	0	0	2	0	1	0	2	//번개검
304	-1	3	9	0	0	0	0	2	0	1	0	2	//발록의낫
304	-1	3	8	0	0	0	0	2	0	1	0	2	//그레이트사이드
304	-1	3	14	0	0	0	0	2	0	1	0	2	//콘모시온랜스
304	-1	3	18	0	0	0	0	2	0	1	0	2	//알라크란랜스
304	-1	5	4	0	0	0	0	2	0	1	0	2	//고르곤지팡이
304	-1	5	5	0	0	0	0	2	0	1	0	2	//전설의지팡이
304	-1	5	16	0	0	0	0	2	0	1	0	2	//레드윙스틱
304	-1	5	21	0	0	0	0	2	0	1	0	2	//사아무트의서
304	-1	5	22	0	0	0	0	2	0	1	0	2	//닐의서
304	-1	5	23	0	0	0	0	2	0	1	0	2	//라글의서
304	-1	2	8	0	0	0	0	2	0	1	0	2	//배틀셉터
304	-1	6	12	0	0	0	0	2	0	1	0	2	//브론즈방패
304	-1	6	13	0	0	0	0	2	0	1	0	2	//드라곤방패
304	-1	6	16	0	0	0	0	2	0	1	0	2	//엘리멘탈방패
304	-1	8	92	0	0	0	0	2	0	1	0	2	//그루힐갑옷
304	-1	9	92	0	0	0	0	2	0	1	0	2	//그루힐바지
304	-1	8	25	0	0	0	0	2	0	1	0	2	//라운드갑옷
304	-1	8	3	0	0	0	0	2	0	1	0	2	//전설의갑옷
304	-1	9	3	0	0	0	0	2	0	1	0	2	//전설의바지
304	-1	8	40	0	0	0	0	2	0	1	0	2	//레드윙갑옷
304	-1	9	40	0	0	0	0	2	0	1	0	2	//레드윙바지
304	-1	7	59	0	0	0	0	2	0	1	0	2	//세크리드파이어투구
304	-1	8	59	0	0	0	0	2	0	1	0	2	//세크리드파이어갑옷
304	-1	9	59	0	0	0	0	2	0	1	0	2	//세크리드파이어바지
304	-1	7	14	0	0	0	0	2	0	1	0	2	//수호헬멧
304	-1	8	14	0	0	0	0	2	0	1	0	2	//수호갑옷
304	-1	9	14	0	0	0	0	2	0	1	0	2	//수호바지
304	-1	11	14	0	0	0	0	2	0	1	0	2	//수호부츠
304	-1	7	1	0	0	0	0	2	0	1	0	2	//드라곤투구
304	-1	8	1	0	0	0	0	2	0	1	0	2	//드라곤갑옷
304	-1	10	1	0	0	0	0	2	0	1	0	2	//드라곤장갑
304	-1	9	1	0	0	0	0	2	0	1	0	2	//드라곤바지
304	-1	11	1	0	0	0	0	2	0	1	0	2	//드라곤부츠
304	-1	7	26	0	0	0	0	2	0	1	0	3	//다크소울마스크
304	-1	10	26	0	0	0	0	2	0	1	0	3	//다크소울장갑
304	-1	11	26	0	0	0	0	2	0	1	0	3	//다크소울부츠
304	-1	10	93	0	0	0	0	2	0	1	0	3	//프린시장갑
304	-1	11	93	0	0	0	0	2	0	1	0	3	//프린시부츠
304	-1	7	34	0	0	0	0	2	0	1	0	3	//애쉬크로우헬멧
304	-1	10	34	0	0	0	0	2	0	1	0	3	//애쉬크로우장갑
304	-1	9	34	0	0	0	0	2	0	1	0	3	//애쉬크로우바지
304	-1	11	34	0	0	0	0	2	0	1	0	3	//애쉬크로우부츠
304	-1	7	35	0	0	0	0	2	0	1	0	3	//이클립스헬멧
304	-1	10	35	0	0	0	0	2	0	1	0	3	//이클립스장갑
304	-1	9	35	0	0	0	0	2	0	1	0	3	//이클립스바지
304	-1	11	35	0	0	0	0	2	0	1	0	3	//이클립스부츠
304	-1	7	36	0	0	0	0	2	0	1	0	3	//아이리스헬멧
304	-1	10	36	0	0	0	0	2	0	1	0	3	//아이리스장갑
304	-1	9	36	0	0	0	0	2	0	1	0	3	//아이리스바지
304	-1	11	36	0	0	0	0	2	0	1	0	3	//아이리스부츠
304	-1	7	41	0	0	0	0	2	0	1	0	3	//에이션트헬멧
304	-1	10	41	0	0	0	0	2	0	1	0	3	//에이션트장갑
304	-1	11	41	0	0	0	0	2	0	1	0	3	//에이션트부츠
304	-1	11	60	0	0	0	0	2	0	1	0	3	//스톰자하드부츠
//헬마이네													150
309	-1	4	16	0	0	0	2	2	0	0	0	782	//세인트크로스석궁
309	-1	4	17	0	0	0	2	2	0	0	0	782	//홀리사이트보우
309	-1	0	16	0	0	0	2	2	0	0	0	782	//파괴의검
309	-1	0	33	0	0	0	2	2	0	0	0	782	//홀리스톰클로
309	-1	3	15	0	0	0	2	2	0	0	0	782	//플루마랜스
309	-1	3	16	0	0	0	2	2	0	0	0	782	//비스랜스
309	-1	3	10	0	0	0	2	2	0	0	0	782	//드라곤스피어
309	-1	5	8	0	0	0	2	2	0	0	0	782	//파멸의지팡이
309	-1	2	10	0	0	0	2	2	0	0	0	782	//그레이트셉터
309	-1	2	11	0	0	0	2	2	0	0	0	782	//로드셉터
309	-1	2	7	0	0	0	2	2	0	0	0	782	//엘리멘탈메이스
309	-1	8	93	0	0	0	0	2	0	0	0	782	//프린시갑옷
309	-1	8	60	0	0	0	0	2	0	0	0	782	//스톰자하드갑옷
309	-1	8	15	0	0	0	0	2	0	0	0	782	//아틀란스갑옷
309	-1	7	18	0	0	0	0	2	0	0	0	782	//그랜드소울헬멧
309	-1	8	18	0	0	0	0	2	0	0	0	782	//그랜드소울갑옷
309	-1	9	18	0	0	0	0	2	0	0	0	782	//그랜드소울바지
309	-1	7	42	0	0	0	0	2	0	0	0	782	//데모닉헬멧
309	-1	8	42	0	0	0	0	2	0	0	0	782	//데모닉갑옷
309	-1	9	42	0	0	0	0	2	0	0	0	782	//데모닉바지
309	-1	7	19	0	0	0	0	2	0	0	0	782	//홀리스프릿헬멧
309	-1	8	19	0	0	0	0	2	0	0	0	782	//홀리스프릿갑옷
309	-1	9	19	0	0	0	0	2	0	0	0	782	//홀리스프릿바지
309	-1	11	19	0	0	0	0	2	0	0	0	782	//홀리스프릿부츠
309	-1	7	27	0	0	0	0	2	0	0	0	782	//다크브리즌마스크
309	-1	8	27	0	0	0	0	2	0	0	0	782	//다크브리즌갑옷
309	-1	9	27	0	0	0	0	2	0	0	0	782	//다크브리즌바지
309	-1	11	27	0	0	0	0	2	0	0	0	782	//다크브리즌부츠
309	-1	7	16	0	0	0	0	2	0	0	0	782	//블랙드라곤투구
309	-1	7	94	0	0	0	0	2	0	0	0	782	//히라트헬멧
309	-1	10	94	0	0	0	0	2	0	0	0	782	//히라트장갑
309	-1	9	94	0	0	0	0	2	0	0	0	782	//히라트바지
309	-1	11	94	0	0	0	0	2	0	0	0	782	//히라트부츠
309	-1	7	95	0	0	0	0	2	0	0	0	782	//세이트헬멧
309	-1	10	95	0	0	0	0	2	0	0	0	782	//세이트장갑
309	-1	9	95	0	0	0	0	2	0	0	0	782	//세이트바지
309	-1	11	95	0	0	0	0	2	0	0	0	782	//세이트부츠
309	-1	7	61	0	0	0	0	2	0	0	0	782	//피어싱그로브투구
309	-1	9	61	0	0	0	0	2	0	0	0	782	//피어싱그로브바지
309	-1	11	61	0	0	0	0	2	0	0	0	782	//피어싱그로브부츠
309	-1	8	16	0	0	0	0	2	0	0	0	782	//블랙드라곤갑옷
309	-1	9	16	0	0	0	0	2	0	0	0	782	//블랙드라곤바지
309	-1	10	24	0	0	0	0	2	0	0	0	782	//레드스피릿장갑
309	-1	7	24	0	0	0	0	2	0	0	0	782	//레드스피릿헬멧
309	-1	11	24	0	0	0	0	2	0	0	0	782	//레드스피릿부츠
309	-1	7	17	0	0	0	0	2	0	0	0	782	//다크피닉스투구
309	-1	10	17	0	0	0	0	2	0	0	0	782	//다크피닉스장갑
309	-1	9	17	0	0	0	0	2	0	0	0	782	//다크피닉스바지
309	-1	11	17	0	0	0	0	2	0	0	0	782	//다크피닉스부츠
309	-1	10	22	0	0	0	0	2	0	0	0	782	//블랙소울장갑
309	-1	11	22	0	0	0	0	2	0	0	0	782	//블랙소울부츠
309	-1	10	20	0	0	0	0	2	0	0	0	782	//선더호크장갑
309	-1	11	20	0	0	0	0	2	0	0	0	782	//선더호크부츠
309	-1	10	28	0	0	0	0	2	0	0	0	782	//다크마스터장갑
309	-1	11	28	0	0	0	0	2	0	0	0	782	//다크마스터부츠
309	-1	10	37	0	0	0	0	2	0	0	0	782	//발리언트장갑
309	-1	11	37	0	0	0	0	2	0	0	0	782	//발리언트부츠
309	-1	7	38	0	0	0	0	2	0	0	0	782	//글로리어스마스크
309	-1	10	38	0	0	0	0	2	0	0	0	782	//글로리어스장갑
309	-1	11	38	0	0	0	0	2	0	0	0	782	//글로리어스부츠
309	-1	10	21	0	0	0	0	2	0	0	0	782	//그레이트드라곤장갑
309	-1	11	21	0	0	0	0	2	0	0	0	782	//그레이트드라곤부츠
309	-1	15	16	0	0	0	0	0	0	0	0	50	//데쓰포이즌법서
309	-1	15	18	0	0	0	0	0	0	0	0	50	//헬버스트법서
309	-1	15	29	0	0	0	0	0	0	0	0	50	//기간틱스톰법서
309	-1	15	28	0	0	0	0	0	0	0	0	50	//마력증대법서
309	-1	14	177	0	0	0	0	0	0	0	0	2500	// 헬마이네의가죽
//309	-1	12	71	0	0	0	0	0	0	0	0	3500	//스피어(디)
//헬마이네 엑설런트													
309	-1	2	4	0	0	0	0	2	0	1	0	2	//크리스탈모닝스타
309	-1	4	5	0	0	0	0	2	0	1	0	2	//실버보우
309	-1	4	13	0	0	0	0	2	0	1	0	2	//블루윙석궁
309	-1	4	14	0	0	0	0	2	0	1	0	2	//아쿠아골드석궁
309	-1	0	12	0	0	0	0	2	0	1	0	2	//태양검
309	-1	0	14	0	0	0	0	2	0	1	0	2	//번개검
309	-1	2	5	0	0	0	0	2	0	1	0	2	//크리스탈검
309	-1	3	9	0	0	0	0	2	0	1	0	2	//발록의낫
309	-1	3	14	0	0	0	0	2	0	1	0	2	//콘모시온랜스
309	-1	3	18	0	0	0	0	2	0	1	0	2	//알라크란랜스
309	-1	5	5	0	0	0	0	2	0	1	0	2	//전설의지팡이
309	-1	5	6	0	0	0	0	2	0	1	0	2	//부활의지팡이
309	-1	5	16	0	0	0	0	2	0	1	0	2	//레드윙스틱
309	-1	5	22	0	0	0	0	2	0	1	0	2	//닐의서
309	-1	5	23	0	0	0	0	2	0	1	0	2	//라글의서
309	-1	2	9	0	0	0	0	2	0	1	0	2	//마스터셉터
309	-1	6	13	0	0	0	0	2	0	1	0	2	//드라곤방패
309	-1	6	16	0	0	0	0	2	0	1	0	2	//엘리멘탈방패
309	-1	6	21	0	0	0	0	2	0	1	0	2	//크로스실드
309	-1	6	30	0	0	0	0	2	0	1	0	2	//플루마실드
309	-1	8	92	0	0	0	0	2	0	1	0	2	//그루힐갑옷
309	-1	8	25	0	0	0	0	2	0	1	0	2	//라운드갑옷
309	-1	8	3	0	0	0	0	2	0	1	0	2	//전설의갑옷
309	-1	8	40	0	0	0	0	2	0	1	0	2	//레드윙갑옷
309	-1	8	59	0	0	0	0	2	0	1	0	2	//세크리드파이어갑옷
309	-1	9	59	0	0	0	0	2	0	1	0	2	//세크리드파이어바지
309	-1	8	14	0	0	0	0	2	0	1	0	2	//수호갑옷
309	-1	7	1	0	0	0	0	2	0	1	0	2	//드라곤투구
309	-1	8	1	0	0	0	0	2	0	1	0	2	//드라곤갑옷
309	-1	9	1	0	0	0	0	2	0	1	0	2	//드라곤바지
309	-1	7	26	0	0	0	0	2	0	1	0	2	//다크소울마스크
309	-1	10	26	0	0	0	0	2	0	1	0	2	//다크소울장갑
309	-1	9	26	0	0	0	0	2	0	1	0	2	//다크소울바지
309	-1	11	26	0	0	0	0	2	0	1	0	2	//다크소울부츠
309	-1	7	93	0	0	0	0	2	0	1	0	3	//프린시헬멧
309	-1	10	93	0	0	0	0	2	0	1	0	3	//프린시장갑
309	-1	11	93	0	0	0	0	2	0	1	0	3	//프린시부츠
309	-1	7	34	0	0	0	0	2	0	1	0	3	//애쉬크로우헬멧
309	-1	10	34	0	0	0	0	2	0	1	0	3	//애쉬크로우장갑
309	-1	9	34	0	0	0	0	2	0	1	0	3	//애쉬크로우바지
309	-1	11	34	0	0	0	0	2	0	1	0	3	//애쉬크로우부츠
309	-1	7	35	0	0	0	0	2	0	1	0	3	//이클립스헬멧
309	-1	10	35	0	0	0	0	2	0	1	0	3	//이클립스장갑
309	-1	9	35	0	0	0	0	2	0	1	0	3	//이클립스바지
309	-1	11	35	0	0	0	0	2	0	1	0	3	//이클립스부츠
309	-1	7	36	0	0	0	0	2	0	1	0	3	//아이리스헬멧
309	-1	10	36	0	0	0	0	2	0	1	0	3	//아이리스장갑
309	-1	9	36	0	0	0	0	2	0	1	0	3	//아이리스바지
309	-1	11	36	0	0	0	0	2	0	1	0	3	//아이리스부츠
309	-1	7	41	0	0	0	0	2	0	1	0	3	//에이션트헬멧
309	-1	10	41	0	0	0	0	2	0	1	0	3	//에이션트장갑
309	-1	9	41	0	0	0	0	2	0	1	0	3	//에이션트바지
309	-1	11	41	0	0	0	0	2	0	1	0	3	//에이션트부츠
309	-1	7	60	0	0	0	0	2	0	1	0	3	//스톰자하드투구
309	-1	11	60	0	0	0	0	2	0	1	0	3	//스톰자하드부츠
309	-1	10	15	0	0	0	0	2	0	1	0	3	//아틀란스장갑
309	-1	11	15	0	0	0	0	2	0	1	0	3	//아틀란스부츠
309	-1	10	18	0	0	0	0	2	0	1	0	3	//그랜드소울장갑
309	-1	10	42	0	0	0	0	2	0	1	0	3	//데모닉장갑
309	-1	10	19	0	0	0	0	2	0	1	0	3	//홀리스프릿장갑
//블러디오크													120
549	-1	4	19	0	0	0	2	2	0	0	0	4644	//그레이트레인석궁
549	-1	4	22	0	0	0	2	2	0	0	0	4644	//알바트로스보우
549	-1	0	31	0	0	0	2	2	0	0	0	4644	//데스브로드
549	-1	0	17	0	0	0	2	2	0	0	0	4644	//다크브레이커
549	-1	0	18	0	0	0	2	2	0	0	0	4644	//선더블레이드
549	-1	0	34	0	0	0	2	2	0	0	0	4644	//피어싱블레이드글러브
549	-1	5	9	0	0	0	2	2	0	0	0	4644	//드래곤소울지팡이
549	-1	5	13	0	0	0	2	2	0	0	0	4644	//플라티나윙스태프
549	-1	5	18	0	0	0	2	2	0	0	0	4644	//데모닉스틱
549	-1	2	11	0	0	0	2	2	0	0	0	4644	//로드셉터
549	-1	2	15	0	0	0	2	2	0	0	0	4644	//샤이닝셉터
549	-1	8	27	0	0	0	0	2	0	0	0	4644	//다크브리즌갑옷
549	-1	8	17	0	0	0	0	2	0	0	0	4644	//다크피닉스갑옷
549	-1	9	17	0	0	0	0	2	0	0	0	4644	//다크피닉스바지
549	-1	7	38	0	0	0	0	2	0	0	0	4644	//글로리어스마스크
549	-1	8	38	0	0	0	0	2	0	0	0	4644	//글로리어스갑옷
549	-1	9	38	0	0	0	0	2	0	0	0	4644	//글로리어스바지
549	-1	11	38	0	0	0	0	2	0	0	0	4644	//글로리어스부츠
549	-1	7	21	0	0	0	0	2	0	0	0	4644	//그레이트드라곤투구
549	-1	9	21	0	0	0	0	2	0	0	0	4644	//그레이트드라곤바지
549	-1	11	21	0	0	0	0	2	0	0	0	4644	//그레이트드라곤부츠
549	-1	8	37	0	0	0	0	2	0	0	0	4644	//발리언트갑옷
549	-1	9	37	0	0	0	0	2	0	0	0	4644	//발리언트바지
549	-1	11	37	0	0	0	0	2	0	0	0	4644	//발리언트부츠
549	-1	8	20	0	0	0	0	2	0	0	0	4644	//선더호크갑옷
549	-1	9	20	0	0	0	0	2	0	0	0	4644	//선더호크바지
549	-1	8	24	0	0	0	0	2	0	0	0	4644	//레드스피릿갑옷
549	-1	9	24	0	0	0	0	2	0	0	0	4644	//레드스피릿바지
549	-1	8	61	0	0	0	0	2	0	0	0	4644	//피어싱그로브갑옷
549	-1	8	94	0	0	0	0	2	0	0	0	4644	//히라트갑옷
549	-1	8	95	0	0	0	0	2	0	0	0	4644	//세이트갑옷
549	-1	10	23	0	0	0	0	2	0	0	0	4644	//아스릴장갑
549	-1	11	23	0	0	0	0	2	0	0	0	4644	//아스릴부츠
549	-1	7	28	0	0	0	0	2	0	0	0	4644	//다크마스터마스크
549	-1	9	28	0	0	0	0	2	0	0	0	4644	//다크마스터바지
549	-1	7	22	0	0	0	0	2	0	0	0	4644	//블랙소울헬멧
549	-1	15	16	0	0	0	0	0	0	0	0	50	//데쓰포이즌법서
549	-1	15	18	0	0	0	0	0	0	0	0	50	//헬버스트법서
549	-1	15	29	0	0	0	0	0	0	0	0	50	//기간틱스톰법서
549	-1	15	28	0	0	0	0	0	0	0	0	50	//마력증대법서
//549	-1	12	71	0	0	0	0	0	0	0	0	3500	//스피어(디)
//블러디오크 엑설런트													
549	-1	4	14	0	0	0	0	2	0	1	0	2	//아쿠아골드석궁
549	-1	4	16	0	0	0	0	2	0	1	0	2	//세인트크로스석궁
549	-1	2	5	0	0	0	0	2	0	1	0	2	//크리스탈검
549	-1	0	16	0	0	0	0	2	0	1	0	2	//파괴의검
549	-1	0	33	0	0	0	0	2	0	1	0	2	//홀리스톰클로
549	-1	3	15	0	0	0	0	2	0	1	0	2	//플루마랜스
549	-1	3	16	0	0	0	0	2	0	1	0	2	//비스랜스
549	-1	5	17	0	0	0	0	2	0	1	0	2	//에이션트스틱
549	-1	2	9	0	0	0	0	2	0	1	0	2	//마스터셉터
549	-1	2	10	0	0	0	0	2	0	1	0	2	//그레이트셉터
549	-1	6	15	0	0	0	0	2	0	1	0	2	//그랜드소울방패
549	-1	6	32	0	0	0	0	2	0	1	0	2	//비스실드
549	-1	8	26	0	0	0	0	2	0	1	0	3	//다크소울갑옷
549	-1	8	93	0	0	0	0	2	0	1	0	3	//프린시갑옷
549	-1	9	93	0	0	0	0	2	0	1	0	3	//프린시바지
549	-1	8	34	0	0	0	0	2	0	1	0	3	//애쉬크로우갑옷
549	-1	8	35	0	0	0	0	2	0	1	0	3	//이클립스갑옷
549	-1	8	36	0	0	0	0	2	0	1	0	3	//아이리스갑옷
549	-1	8	41	0	0	0	0	2	0	1	0	3	//에이션트갑옷
549	-1	9	41	0	0	0	0	2	0	1	0	3	//에이션트바지
549	-1	8	60	0	0	0	0	2	0	1	0	3	//스톰자하드갑옷
549	-1	9	60	0	0	0	0	2	0	1	0	3	//스톰자하드바지
549	-1	8	15	0	0	0	0	2	0	1	0	3	//아틀란스갑옷
549	-1	9	15	0	0	0	0	2	0	1	0	3	//아틀란스바지
549	-1	11	15	0	0	0	0	2	0	1	0	3	//아틀란스부츠
549	-1	7	18	0	0	0	0	2	0	1	0	3	//그랜드소울헬멧
549	-1	9	18	0	0	0	0	2	0	1	0	3	//그랜드소울바지
549	-1	11	18	0	0	0	0	2	0	1	0	3	//그랜드소울부츠
549	-1	7	42	0	0	0	0	2	0	1	0	3	//데모닉헬멧
549	-1	9	42	0	0	0	0	2	0	1	0	3	//데모닉바지
549	-1	11	42	0	0	0	0	2	0	1	0	3	//데모닉부츠
549	-1	7	19	0	0	0	0	2	0	1	0	3	//홀리스프릿헬멧
549	-1	9	19	0	0	0	0	2	0	1	0	3	//홀리스프릿바지
549	-1	10	19	0	0	0	0	2	0	1	0	3	//홀리스프릿장갑
549	-1	7	27	0	0	0	0	2	0	1	0	3	//다크브리즌마스크
549	-1	10	27	0	0	0	0	2	0	1	0	3	//다크브리즌장갑
549	-1	11	27	0	0	0	0	2	0	1	0	3	//다크브리즌부츠
549	-1	7	16	0	0	0	0	2	0	1	0	3	//블랙드라곤투구
549	-1	10	16	0	0	0	0	2	0	1	0	3	//블랙드라곤장갑
549	-1	9	16	0	0	0	0	2	0	1	0	3	//블랙드라곤바지
549	-1	11	16	0	0	0	0	2	0	1	0	3	//블랙드라곤부츠
549	-1	10	94	0	0	0	0	2	0	1	0	3	//히라트장갑
549	-1	11	94	0	0	0	0	2	0	1	0	3	//히라트부츠
549	-1	10	95	0	0	0	0	2	0	1	0	3	//세이트장갑
549	-1	11	95	0	0	0	0	2	0	1	0	3	//세이트부츠
549	-1	11	61	0	0	0	0	2	0	1	0	3	//피어싱그로브부츠
549	-1	10	17	0	0	0	0	2	0	1	0	3	//다크피닉스장갑
549	-1	10	22	0	0	0	0	2	0	1	0	3	//블랙소울장갑
549	-1	10	20	0	0	0	0	2	0	1	0	3	//선더호크장갑
549	-1	10	28	0	0	0	0	2	0	1	0	3	//다크마스터장갑
549	-1	10	24	0	0	0	0	2	0	1	0	3	//레드스피릿장갑
549	-1	11	24	0	0	0	0	2	0	1	0	3	//레드스피릿부츠
//블러디데스라이더													120
550	-1	4	19	0	0	0	2	2	0	0	0	4091	//그레이트레인석궁
550	-1	4	22	0	0	0	2	2	0	0	0	4091	//알바트로스보우
550	-1	0	31	0	0	0	2	2	0	0	0	4091	//데스브로드
550	-1	0	17	0	0	0	2	2	0	0	0	4091	//다크브레이커
550	-1	0	18	0	0	0	2	2	0	0	0	4091	//선더블레이드
550	-1	0	24	0	0	0	2	2	0	0	0	4091	//데이브레이크
550	-1	0	25	0	0	0	2	2	0	0	0	4091	//소드댄서
550	-1	0	34	0	0	0	2	2	0	0	0	4091	//피어싱블레이드글러브
550	-1	5	9	0	0	0	2	2	0	0	0	4091	//드래곤소울지팡이
550	-1	5	13	0	0	0	2	2	0	0	0	4091	//플라티나윙스태프
550	-1	5	18	0	0	0	2	2	0	0	0	4091	//데모닉스틱
550	-1	2	11	0	0	0	2	2	0	0	0	4091	//로드셉터
550	-1	2	15	0	0	0	2	2	0	0	0	4091	//샤이닝셉터
550	-1	8	17	0	0	0	0	2	0	0	0	4091	//다크피닉스갑옷
550	-1	7	38	0	0	0	0	2	0	0	0	4091	//글로리어스마스크
550	-1	8	38	0	0	0	0	2	0	0	0	4091	//글로리어스갑옷
550	-1	9	38	0	0	0	0	2	0	0	0	4091	//글로리어스바지
550	-1	11	38	0	0	0	0	2	0	0	0	4091	//글로리어스부츠
550	-1	7	21	0	0	0	0	2	0	0	0	4091	//그레이트드라곤투구
550	-1	9	21	0	0	0	0	2	0	0	0	4091	//그레이트드라곤바지
550	-1	11	21	0	0	0	0	2	0	0	0	4091	//그레이트드라곤부츠
550	-1	8	37	0	0	0	0	2	0	0	0	4091	//발리언트갑옷
550	-1	9	37	0	0	0	0	2	0	0	0	4091	//발리언트바지
550	-1	11	37	0	0	0	0	2	0	0	0	4091	//발리언트부츠
550	-1	8	20	0	0	0	0	2	0	0	0	4091	//선더호크갑옷
550	-1	9	20	0	0	0	0	2	0	0	0	4091	//선더호크바지
550	-1	8	24	0	0	0	0	2	0	0	0	4091	//레드스피릿갑옷
550	-1	9	24	0	0	0	0	2	0	0	0	4091	//레드스피릿바지
550	-1	8	61	0	0	0	0	2	0	0	0	4091	//피어싱그로브갑옷
550	-1	8	94	0	0	0	0	2	0	0	0	4091	//히라트갑옷
550	-1	8	95	0	0	0	0	2	0	0	0	4091	//세이트갑옷
550	-1	10	23	0	0	0	0	2	0	0	0	4091	//아스릴장갑
550	-1	11	23	0	0	0	0	2	0	0	0	4091	//아스릴부츠
550	-1	7	28	0	0	0	0	2	0	0	0	4091	//다크마스터마스크
550	-1	9	28	0	0	0	0	2	0	0	0	4091	//다크마스터바지
550	-1	7	22	0	0	0	0	2	0	0	0	4091	//블랙소울헬멧
550	-1	15	16	0	0	0	0	0	0	0	0	50	//데쓰포이즌법서
550	-1	15	18	0	0	0	0	0	0	0	0	50	//헬버스트법서
550	-1	15	29	0	0	0	0	0	0	0	0	50	//기간틱스톰법서
550	-1	15	28	0	0	0	0	0	0	0	0	50	//마력증대법서
//550	-1	12	71	0	0	0	0	0	0	0	0	3500	//스피어(디)
//블러디데스라이더 엑설런트													
550	-1	2	7	0	0	0	0	2	0	1	0	2	//엘리멘탈메이스
550	-1	4	14	0	0	0	0	2	0	1	0	2	//아쿠아골드석궁
550	-1	4	16	0	0	0	0	2	0	1	0	2	//세인트크로스석궁
550	-1	2	5	0	0	0	0	2	0	1	0	2	//크리스탈검
550	-1	0	16	0	0	0	0	2	0	1	0	2	//파괴의검
550	-1	0	33	0	0	0	0	2	0	1	0	2	//홀리스톰클로
550	-1	3	15	0	0	0	0	2	0	1	0	2	//플루마랜스
550	-1	3	16	0	0	0	0	2	0	1	0	2	//비스랜스
550	-1	5	8	0	0	0	0	2	0	1	0	2	//파멸의지팡이
550	-1	5	17	0	0	0	0	2	0	1	0	2	//에이션트스틱
550	-1	2	9	0	0	0	0	2	0	1	0	2	//마스터셉터
550	-1	2	10	0	0	0	0	2	0	1	0	2	//그레이트셉터
550	-1	6	15	0	0	0	0	2	0	1	0	2	//그랜드소울방패
550	-1	6	32	0	0	0	0	2	0	1	0	2	//비스실드
550	-1	8	26	0	0	0	0	2	0	1	0	2	//다크소울갑옷
550	-1	8	93	0	0	0	0	2	0	1	0	2	//프린시갑옷
550	-1	9	93	0	0	0	0	2	0	1	0	2	//프린시바지
550	-1	8	34	0	0	0	0	2	0	1	0	2	//애쉬크로우갑옷
550	-1	8	35	0	0	0	0	2	0	1	0	2	//이클립스갑옷
550	-1	8	36	0	0	0	0	2	0	1	0	3	//아이리스갑옷
550	-1	8	41	0	0	0	0	2	0	1	0	3	//에이션트갑옷
550	-1	9	41	0	0	0	0	2	0	1	0	3	//에이션트바지
550	-1	8	60	0	0	0	0	2	0	1	0	3	//스톰자하드갑옷
550	-1	9	60	0	0	0	0	2	0	1	0	3	//스톰자하드바지
550	-1	8	15	0	0	0	0	2	0	1	0	3	//아틀란스갑옷
550	-1	9	15	0	0	0	0	2	0	1	0	3	//아틀란스바지
550	-1	11	15	0	0	0	0	2	0	1	0	3	//아틀란스부츠
550	-1	7	18	0	0	0	0	2	0	1	0	3	//그랜드소울헬멧
550	-1	9	18	0	0	0	0	2	0	1	0	3	//그랜드소울바지
550	-1	11	18	0	0	0	0	2	0	1	0	3	//그랜드소울부츠
550	-1	7	42	0	0	0	0	2	0	1	0	3	//데모닉헬멧
550	-1	9	42	0	0	0	0	2	0	1	0	3	//데모닉바지
550	-1	11	42	0	0	0	0	2	0	1	0	3	//데모닉부츠
550	-1	7	19	0	0	0	0	2	0	1	0	3	//홀리스프릿헬멧
550	-1	9	19	0	0	0	0	2	0	1	0	3	//홀리스프릿바지
550	-1	10	19	0	0	0	0	2	0	1	0	3	//홀리스프릿장갑
550	-1	7	27	0	0	0	0	2	0	1	0	3	//다크브리즌마스크
550	-1	10	27	0	0	0	0	2	0	1	0	3	//다크브리즌장갑
550	-1	11	27	0	0	0	0	2	0	1	0	3	//다크브리즌부츠
550	-1	7	16	0	0	0	0	2	0	1	0	3	//블랙드라곤투구
550	-1	8	16	0	0	0	0	2	0	1	0	3	//블랙드라곤갑옷
550	-1	10	16	0	0	0	0	2	0	1	0	3	//블랙드라곤장갑
550	-1	9	16	0	0	0	0	2	0	1	0	3	//블랙드라곤바지
550	-1	11	16	0	0	0	0	2	0	1	0	3	//블랙드라곤부츠
550	-1	10	94	0	0	0	0	2	0	1	0	3	//히라트장갑
550	-1	11	94	0	0	0	0	2	0	1	0	3	//히라트부츠
550	-1	10	95	0	0	0	0	2	0	1	0	3	//세이트장갑
550	-1	11	95	0	0	0	0	2	0	1	0	3	//세이트부츠
550	-1	7	61	0	0	0	0	2	0	1	0	3	//피어싱그로브투구
550	-1	11	61	0	0	0	0	2	0	1	0	3	//피어싱그로브부츠
550	-1	10	17	0	0	0	0	2	0	1	0	3	//다크피닉스장갑
550	-1	10	22	0	0	0	0	2	0	1	0	3	//블랙소울장갑
550	-1	10	20	0	0	0	0	2	0	1	0	3	//선더호크장갑
550	-1	10	28	0	0	0	0	2	0	1	0	3	//다크마스터장갑
550	-1	10	24	0	0	0	0	2	0	1	0	3	//레드스피릿장갑
550	-1	11	24	0	0	0	0	2	0	1	0	3	//레드스피릿부츠
//블러디골렘													110
551	-1	4	19	0	0	0	2	2	0	0	0	5181	//그레이트레인석궁
551	-1	4	22	0	0	0	2	2	0	0	0	5181	//알바트로스보우
551	-1	0	31	0	0	0	2	2	0	0	0	5181	//데스브로드
551	-1	0	17	0	0	0	2	2	0	0	0	5181	//다크브레이커
551	-1	0	18	0	0	0	2	2	0	0	0	5181	//선더블레이드
551	-1	0	24	0	0	0	2	2	0	0	0	5181	//데이브레이크
551	-1	0	25	0	0	0	2	2	0	0	0	5181	//소드댄서
551	-1	0	34	0	0	0	2	2	0	0	0	5181	//피어싱블레이드글러브
551	-1	5	9	0	0	0	2	2	0	0	0	5181	//드래곤소울지팡이
551	-1	5	13	0	0	0	2	2	0	0	0	5181	//플라티나윙스태프
551	-1	5	18	0	0	0	2	2	0	0	0	5181	//데모닉스틱
551	-1	2	15	0	0	0	2	2	0	0	0	5181	//샤이닝셉터
551	-1	8	17	0	0	0	0	2	0	0	0	5181	//다크피닉스갑옷
551	-1	8	38	0	0	0	0	2	0	0	0	5181	//글로리어스갑옷
551	-1	9	38	0	0	0	0	2	0	0	0	5181	//글로리어스바지
551	-1	7	21	0	0	0	0	2	0	0	0	5181	//그레이트드라곤투구
551	-1	9	21	0	0	0	0	2	0	0	0	5181	//그레이트드라곤바지
551	-1	8	37	0	0	0	0	2	0	0	0	5181	//발리언트갑옷
551	-1	9	37	0	0	0	0	2	0	0	0	5181	//발리언트바지
551	-1	8	20	0	0	0	0	2	0	0	0	5181	//선더호크갑옷
551	-1	9	20	0	0	0	0	2	0	0	0	5181	//선더호크바지
551	-1	8	24	0	0	0	0	2	0	0	0	5181	//레드스피릿갑옷
551	-1	9	24	0	0	0	0	2	0	0	0	5181	//레드스피릿바지
551	-1	8	61	0	0	0	0	2	0	0	0	5181	//피어싱그로브갑옷
551	-1	8	94	0	0	0	0	2	0	0	0	5181	//히라트갑옷
551	-1	8	95	0	0	0	0	2	0	0	0	5181	//세이트갑옷
551	-1	10	23	0	0	0	0	2	0	0	0	5181	//아스릴장갑
551	-1	11	23	0	0	0	0	2	0	0	0	5181	//아스릴부츠
551	-1	7	28	0	0	0	0	2	0	0	0	5181	//다크마스터마스크
551	-1	8	28	0	0	0	0	2	0	0	0	5181	//다크마스터갑옷
551	-1	9	28	0	0	0	0	2	0	0	0	5181	//다크마스터바지
551	-1	7	22	0	0	0	0	2	0	0	0	5181	//블랙소울헬멧
551	-1	9	22	0	0	0	0	2	0	0	0	5181	//블랙소울바지
551	-1	15	16	0	0	0	0	0	0	0	0	50	//데쓰포이즌법서
551	-1	15	18	0	0	0	0	0	0	0	0	50	//헬버스트법서
551	-1	15	29	0	0	0	0	0	0	0	0	50	//기간틱스톰법서
551	-1	15	28	0	0	0	0	0	0	0	0	50	//마력증대법서
//551	-1	12	71	0	0	0	0	0	0	0	0	3500	//스피어(디)
//블러디골렘 엑설런트													
551	-1	2	7	0	0	0	0	2	0	1	0	2	//엘리멘탈메이스
551	-1	4	16	0	0	0	0	2	0	1	0	2	//세인트크로스석궁
551	-1	4	17	0	0	0	0	2	0	1	0	2	//홀리사이트보우
551	-1	0	16	0	0	0	0	2	0	1	0	2	//파괴의검
551	-1	0	33	0	0	0	0	2	0	1	0	2	//홀리스톰클로
551	-1	3	15	0	0	0	0	2	0	1	0	2	//플루마랜스
551	-1	3	16	0	0	0	0	2	0	1	0	2	//비스랜스
551	-1	3	10	0	0	0	0	2	0	1	0	2	//드라곤스피어
551	-1	5	8	0	0	0	0	2	0	1	0	2	//파멸의지팡이
551	-1	5	17	0	0	0	0	2	0	1	0	2	//에이션트스틱
551	-1	2	10	0	0	0	0	2	0	1	0	2	//그레이트셉터
551	-1	6	15	0	0	0	0	2	0	1	0	2	//그랜드소울방패
551	-1	6	32	0	0	0	0	2	0	1	0	2	//비스실드
551	-1	8	26	0	0	0	0	2	0	1	0	2	//다크소울갑옷
551	-1	8	93	0	0	0	0	2	0	1	0	2	//프린시갑옷
551	-1	9	93	0	0	0	0	2	0	1	0	2	//프린시바지
551	-1	8	34	0	0	0	0	2	0	1	0	2	//애쉬크로우갑옷
551	-1	8	35	0	0	0	0	2	0	1	0	2	//이클립스갑옷
551	-1	8	36	0	0	0	0	2	0	1	0	2	//아이리스갑옷
551	-1	8	41	0	0	0	0	2	0	1	0	2	//에이션트갑옷
551	-1	8	60	0	0	0	0	2	0	1	0	2	//스톰자하드갑옷
551	-1	9	60	0	0	0	0	2	0	1	0	2	//스톰자하드바지
551	-1	8	15	0	0	0	0	2	0	1	0	2	//아틀란스갑옷
551	-1	9	15	0	0	0	0	2	0	1	0	2	//아틀란스바지
551	-1	7	18	0	0	0	0	2	0	1	0	2	//그랜드소울헬멧
551	-1	8	18	0	0	0	0	2	0	1	0	2	//그랜드소울갑옷
551	-1	9	18	0	0	0	0	2	0	1	0	2	//그랜드소울바지
551	-1	11	18	0	0	0	0	2	0	1	0	2	//그랜드소울부츠
551	-1	7	42	0	0	0	0	2	0	1	0	2	//데모닉헬멧
551	-1	8	42	0	0	0	0	2	0	1	0	2	//데모닉갑옷
551	-1	9	42	0	0	0	0	2	0	1	0	2	//데모닉바지
551	-1	11	42	0	0	0	0	2	0	1	0	2	//데모닉부츠
551	-1	7	19	0	0	0	0	2	0	1	0	2	//홀리스프릿헬멧
551	-1	8	19	0	0	0	0	2	0	1	0	2	//홀리스프릿갑옷
551	-1	9	19	0	0	0	0	2	0	1	0	2	//홀리스프릿바지
551	-1	7	27	0	0	0	0	2	0	1	0	3	//다크브리즌마스크
551	-1	10	27	0	0	0	0	2	0	1	0	3	//다크브리즌장갑
551	-1	9	27	0	0	0	0	2	0	1	0	3	//다크브리즌바지
551	-1	11	27	0	0	0	0	2	0	1	0	3	//다크브리즌부츠
551	-1	7	16	0	0	0	0	2	0	1	0	3	//블랙드라곤투구
551	-1	8	16	0	0	0	0	2	0	1	0	3	//블랙드라곤갑옷
551	-1	10	16	0	0	0	0	2	0	1	0	3	//블랙드라곤장갑
551	-1	9	16	0	0	0	0	2	0	1	0	3	//블랙드라곤바지
551	-1	11	16	0	0	0	0	2	0	1	0	3	//블랙드라곤부츠
551	-1	7	94	0	0	0	0	2	0	1	0	3	//히라트헬멧
551	-1	10	94	0	0	0	0	2	0	1	0	3	//히라트장갑
551	-1	11	94	0	0	0	0	2	0	1	0	3	//히라트부츠
551	-1	7	95	0	0	0	0	2	0	1	0	3	//세이트헬멧
551	-1	10	95	0	0	0	0	2	0	1	0	3	//세이트장갑
551	-1	11	95	0	0	0	0	2	0	1	0	3	//세이트부츠
551	-1	7	61	0	0	0	0	2	0	1	0	3	//피어싱그로브투구
551	-1	11	61	0	0	0	0	2	0	1	0	3	//피어싱그로브부츠
551	-1	7	17	0	0	0	0	2	0	1	0	3	//다크피닉스투구
551	-1	10	17	0	0	0	0	2	0	1	0	3	//다크피닉스장갑
551	-1	10	22	0	0	0	0	2	0	1	0	3	//블랙소울장갑
551	-1	10	20	0	0	0	0	2	0	1	0	3	//선더호크장갑
551	-1	11	20	0	0	0	0	2	0	1	0	3	//선더호크부츠
551	-1	10	28	0	0	0	0	2	0	1	0	3	//다크마스터장갑
551	-1	10	37	0	0	0	0	2	0	1	0	3	//발리언트장갑
551	-1	10	38	0	0	0	0	2	0	1	0	3	//글로리어스장갑
551	-1	10	24	0	0	0	0	2	0	1	0	3	//레드스피릿장갑
551	-1	11	24	0	0	0	0	2	0	1	0	3	//레드스피릿부츠
//블러디위치퀸													105
552	-1	4	22	0	0	0	2	2	0	0	0	10365	//알바트로스보우
552	-1	0	17	0	0	0	2	2	0	0	0	10365	//다크브레이커
552	-1	0	18	0	0	0	2	2	0	0	0	10365	//선더블레이드
552	-1	0	24	0	0	0	2	2	0	0	0	10365	//데이브레이크
552	-1	0	25	0	0	0	2	2	0	0	0	10365	//소드댄서
552	-1	0	34	0	0	0	2	2	0	0	0	10365	//피어싱블레이드글러브
552	-1	5	13	0	0	0	2	2	0	0	0	10365	//플라티나윙스태프
552	-1	2	15	0	0	0	2	2	0	0	0	10365	//샤이닝셉터
552	-1	8	38	0	0	0	0	2	0	0	0	10365	//글로리어스갑옷
552	-1	7	21	0	0	0	0	2	0	0	0	10365	//그레이트드라곤투구
552	-1	9	21	0	0	0	0	2	0	0	0	10365	//그레이트드라곤바지
552	-1	8	37	0	0	0	0	2	0	0	0	10365	//발리언트갑옷
552	-1	8	20	0	0	0	0	2	0	0	0	10365	//선더호크갑옷
552	-1	8	24	0	0	0	0	2	0	0	0	10365	//레드스피릿갑옷
552	-1	10	23	0	0	0	0	2	0	0	0	10365	//아스릴장갑
552	-1	11	23	0	0	0	0	2	0	0	0	10365	//아스릴부츠
552	-1	7	28	0	0	0	0	2	0	0	0	10365	//다크마스터마스크
552	-1	8	28	0	0	0	0	2	0	0	0	10365	//다크마스터갑옷
552	-1	9	28	0	0	0	0	2	0	0	0	10365	//다크마스터바지
552	-1	7	22	0	0	0	0	2	0	0	0	10365	//블랙소울헬멧
552	-1	9	22	0	0	0	0	2	0	0	0	10365	//블랙소울바지
552	-1	15	16	0	0	0	0	0	0	0	0	50	//데쓰포이즌법서
552	-1	15	18	0	0	0	0	0	0	0	0	50	//헬버스트법서
552	-1	15	29	0	0	0	0	0	0	0	0	50	//기간틱스톰법서
552	-1	15	28	0	0	0	0	0	0	0	0	50	//마력증대법서
//552	-1	12	71	0	0	0	0	0	0	0	0	3500	//스피어(디)
//블러디위치퀸 엑설런트													
552	-1	2	7	0	0	0	0	2	0	1	0	2	//엘리멘탈메이스
552	-1	4	16	0	0	0	0	2	0	1	0	2	//세인트크로스석궁
552	-1	4	17	0	0	0	0	2	0	1	0	2	//홀리사이트보우
552	-1	0	16	0	0	0	0	2	0	1	0	2	//파괴의검
552	-1	0	33	0	0	0	0	2	0	1	0	2	//홀리스톰클로
552	-1	3	15	0	0	0	0	2	0	1	0	2	//플루마랜스
552	-1	3	16	0	0	0	0	2	0	1	0	2	//비스랜스
552	-1	3	10	0	0	0	0	2	0	1	0	2	//드라곤스피어
552	-1	5	8	0	0	0	0	2	0	1	0	2	//파멸의지팡이
552	-1	5	17	0	0	0	0	2	0	1	0	2	//에이션트스틱
552	-1	2	10	0	0	0	0	2	0	1	0	2	//그레이트셉터
552	-1	8	26	0	0	0	0	2	0	1	0	2	//다크소울갑옷
552	-1	8	93	0	0	0	0	2	0	1	0	2	//프린시갑옷
552	-1	8	60	0	0	0	0	2	0	1	0	2	//스톰자하드갑옷
552	-1	9	60	0	0	0	0	2	0	1	0	2	//스톰자하드바지
552	-1	8	15	0	0	0	0	2	0	1	0	2	//아틀란스갑옷
552	-1	7	18	0	0	0	0	2	0	1	0	2	//그랜드소울헬멧
552	-1	8	18	0	0	0	0	2	0	1	0	2	//그랜드소울갑옷
552	-1	9	18	0	0	0	0	2	0	1	0	2	//그랜드소울바지
552	-1	7	42	0	0	0	0	2	0	1	0	2	//데모닉헬멧
552	-1	8	42	0	0	0	0	2	0	1	0	2	//데모닉갑옷
552	-1	9	42	0	0	0	0	2	0	1	0	2	//데모닉바지
552	-1	7	19	0	0	0	0	2	0	1	0	2	//홀리스프릿헬멧
552	-1	8	19	0	0	0	0	2	0	1	0	2	//홀리스프릿갑옷
552	-1	9	19	0	0	0	0	2	0	1	0	2	//홀리스프릿바지
552	-1	7	27	0	0	0	0	2	0	1	0	2	//다크브리즌마스크
552	-1	9	27	0	0	0	0	2	0	1	0	2	//다크브리즌바지
552	-1	11	27	0	0	0	0	2	0	1	0	2	//다크브리즌부츠
552	-1	7	16	0	0	0	0	2	0	1	0	2	//블랙드라곤투구
552	-1	8	16	0	0	0	0	2	0	1	0	2	//블랙드라곤갑옷
552	-1	9	16	0	0	0	0	2	0	1	0	2	//블랙드라곤바지
552	-1	11	16	0	0	0	0	2	0	1	0	2	//블랙드라곤부츠
552	-1	7	94	0	0	0	0	2	0	1	0	3	//히라트헬멧
552	-1	10	94	0	0	0	0	2	0	1	0	3	//히라트장갑
552	-1	9	94	0	0	0	0	2	0	1	0	3	//히라트바지
552	-1	11	94	0	0	0	0	2	0	1	0	3	//히라트부츠
552	-1	7	95	0	0	0	0	2	0	1	0	3	//세이트헬멧
552	-1	10	95	0	0	0	0	2	0	1	0	3	//세이트장갑
552	-1	9	95	0	0	0	0	2	0	1	0	3	//세이트바지
552	-1	11	95	0	0	0	0	2	0	1	0	3	//세이트부츠
552	-1	7	61	0	0	0	0	2	0	1	0	3	//피어싱그로브투구
552	-1	9	61	0	0	0	0	2	0	1	0	3	//피어싱그로브바지
552	-1	11	61	0	0	0	0	2	0	1	0	3	//피어싱그로브부츠
552	-1	7	17	0	0	0	0	2	0	1	0	3	//다크피닉스투구
552	-1	10	17	0	0	0	0	2	0	1	0	3	//다크피닉스장갑
552	-1	11	17	0	0	0	0	2	0	1	0	3	//다크피닉스부츠
552	-1	10	22	0	0	0	0	2	0	1	0	3	//블랙소울장갑
552	-1	11	22	0	0	0	0	2	0	1	0	3	//블랙소울부츠
552	-1	10	20	0	0	0	0	2	0	1	0	3	//선더호크장갑
552	-1	11	20	0	0	0	0	2	0	1	0	3	//선더호크부츠
552	-1	10	28	0	0	0	0	2	0	1	0	3	//다크마스터장갑
552	-1	11	28	0	0	0	0	2	0	1	0	3	//다크마스터부츠
552	-1	10	37	0	0	0	0	2	0	1	0	3	//발리언트장갑
552	-1	10	38	0	0	0	0	2	0	1	0	3	//글로리어스장갑
552	-1	7	24	0	0	0	0	2	0	1	0	3	//레드스피릿헬멧
552	-1	10	24	0	0	0	0	2	0	1	0	3	//레드스피릿장갑
552	-1	11	24	0	0	0	0	2	0	1	0	3	//레드스피릿부츠
552	-1	10	21	0	0	0	0	2	0	1	0	3	//그레이트드라곤장갑
end													
