//////////////////////////////////////////////////////////////////////////////////////													
// [로스트타워]	EachMonsterBag4												
// [ Start  ] 	2015-03-20												
// [ Latest ]	2015-03-20 17:26												
// [ Author ]	박혜진												
// [ Version ]	0.0.0.1												
// [ Text ]													
// [ Desc ]	맵에 출현하는 몬스터 별로 드롭하는 아이템 리스트를 작성하는 스크립트												
//////////////////////////////////////////////////////////////////////////////////////													
													
//사냥 마리 수	32400												
													
//몬스터 인덱스	몬스터 속성	아이템 타입	아이템 인덱스	최소레벨	최대레벨	개수	스킬	행운	추가옵션	엑설런트 	속성 아이템	확률 (1/1000000)	아이템 명
//쉐도우													
36	-1	1	5	0	0	0	2	2	0	0	0	3839	//전투도끼
36	-1	1	6	0	0	0	2	2	0	0	0	3839	//니케아도끼
36	-1	1	7	0	0	0	2	2	0	0	0	3839	//라르칸도끼
36	-1	2	3	0	0	0	2	2	0	0	0	3839	//그레이트해머
36	-1	4	11	0	0	0	2	2	0	0	0	3839	//빛의석궁
36	-1	4	4	0	0	0	2	2	0	0	0	3839	//타이거보우
36	-1	0	8	0	0	0	2	2	0	0	0	3839	//서펜트볼그
36	-1	0	9	0	0	0	2	2	0	0	0	3839	//셀러멘더검
36	-1	0	5	0	0	0	2	2	0	0	0	3839	//블레이드
36	-1	0	10	0	0	0	2	2	0	0	0	3839	//빛의검
36	-1	0	11	0	0	0	2	2	0	0	0	3839	//전설의검
36	-1	3	3	0	0	0	2	2	0	0	0	3839	//큰삼지창
36	-1	3	7	0	0	0	2	2	0	0	0	3839	//버디슈
36	-1	3	0	0	0	0	2	2	0	0	0	3839	//광선봉
36	-1	3	4	0	0	0	2	2	0	0	0	3839	//서펜트스피어
36	-1	5	2	0	0	0	2	2	0	0	0	3839	//독사지팡이
36	-1	5	3	0	0	0	2	2	0	0	0	3839	//번개지팡이
36	-1	5	15	0	0	0	2	2	0	0	0	3839	//바이올렌윈드스틱
36	-1	6	7	0	0	0	2	2	0	0	0	3839	//스파이크방패
36	-1	6	5	0	0	0	2	2	0	0	0	3839	//드래곤슬레이어방패
36	-1	6	8	0	0	0	2	2	0	0	0	3839	//타워방패
36	-1	6	11	0	0	0	2	2	0	0	0	3839	//서펜트방패
36	-1	6	31	0	0	0	2	2	0	0	0	3839	//알라크란실드
36	-1	8	91	0	0	0	0	2	0	0	0	3839	//로우버스트갑옷
36	-1	8	39	0	0	0	0	2	0	0	0	3839	//바이올렌윈드갑옷
36	-1	9	39	0	0	0	0	2	0	0	0	3839	//바이올렌윈드바지
36	-1	8	12	0	0	0	0	2	0	0	0	3839	//바람의갑옷
36	-1	9	12	0	0	0	0	2	0	0	0	3839	//바람의바지
36	-1	7	7	0	0	0	0	2	0	0	0	3839	//스핑크스마스크
36	-1	8	7	0	0	0	0	2	0	0	0	3839	//스핑크스갑옷
36	-1	9	7	0	0	0	0	2	0	0	0	3839	//스핑크스바지
36	-1	11	7	0	0	0	0	2	0	0	0	3839	//스핑크스부츠
36	-1	7	8	0	0	0	0	2	0	0	0	3839	//황동헬멧
36	-1	8	8	0	0	0	0	2	0	0	0	3839	//황동갑옷
36	-1	10	8	0	0	0	0	2	0	0	0	3839	//황동장갑
36	-1	9	8	0	0	0	0	2	0	0	0	3839	//황동바지
36	-1	11	8	0	0	0	0	2	0	0	0	3839	//황동부츠
36	-1	7	13	0	0	0	0	2	0	0	0	3839	//정령헬멧
36	-1	8	13	0	0	0	0	2	0	0	0	3839	//정령갑옷
36	-1	10	13	0	0	0	0	2	0	0	0	3839	//정령장갑
36	-1	9	13	0	0	0	0	2	0	0	0	3839	//정령바지
36	-1	11	13	0	0	0	0	2	0	0	0	3839	//정령부츠
36	-1	10	92	0	0	0	0	2	0	0	0	3839	//그루힐장갑
36	-1	11	92	0	0	0	0	2	0	0	0	3839	//그루힐부츠
36	-1	7	9	0	0	0	0	2	0	0	0	3839	//철판헬멧
36	-1	10	9	0	0	0	0	2	0	0	0	3839	//철판장갑
36	-1	9	9	0	0	0	0	2	0	0	0	3839	//철판바지
36	-1	11	9	0	0	0	0	2	0	0	0	3839	//철판부츠
36	-1	7	25	0	0	0	0	2	0	0	0	3839	//라운드마스크
36	-1	10	25	0	0	0	0	2	0	0	0	3839	//라운드장갑
36	-1	11	25	0	0	0	0	2	0	0	0	3839	//라운드부츠
36	-1	10	3	0	0	0	0	2	0	0	0	3839	//전설의장갑
36	-1	11	3	0	0	0	0	2	0	0	0	3839	//전설의부츠
36	-1	10	40	0	0	0	0	2	0	0	0	3839	//레드윙장갑
36	-1	11	40	0	0	0	0	2	0	0	0	3839	//레드윙부츠
36	-1	13	21	0	0	0	0	0	2	0	0	3839	//불의반지
36	-1	13	25	0	0	0	0	0	2	0	0	3839	//얼음의목걸이
36	-1	13	22	0	0	0	0	0	2	0	0	3839	//땅의반지
36	-1	13	26	0	0	0	0	0	2	0	0	3839	//바람의목걸이
36	-1	13	23	0	0	0	0	0	2	0	0	3839	//바람의반지
36	-1	13	27	0	0	0	0	0	2	0	0	3839	//물의목걸이
36	-1	13	24	0	0	0	0	0	2	0	0	3839	//마법의반지
36	-1	15	13	0	0	0	0	0	0	0	0	2000	//인페르노법서
36	-1	15	23	0	0	0	0	0	0	0	0	2000	//버서커양피지
36	-1	12	14	0	0	0	0	0	0	0	0	2000	//스웰라이프구슬
36	-1	12	17	0	0	0	0	0	0	0	0	2000	//관통구슬
36	-1	15	21	0	0	0	0	0	0	0	0	2000	//라이트닝쇼크양피지
36	-1	15	30	0	0	0	0	0	0	0	0	2000	//체인드라이브양피지
36	-1	15	32	0	0	0	0	0	0	0	0	2000	//드래곤로어양피지
36	-1	12	19	0	0	0	0	0	0	0	0	2000	//블로우구슬
36	-1	12	12	0	0	0	0	0	0	0	0	2000	//분노의일격구슬
36	-1	15	34	0	0	0	0	0	0	0	0	2000	//적방어력무시양피지
36	-1	15	31	0	0	0	0	0	0	0	0	2000	//다크사이드양피지
36	-1	15	33	0	0	0	0	0	0	0	0	2000	//드래곤슬레셔양피지
36	-1	14	3	0	0	0	0	0	0	0	0	20000	//큰치료물약
36	-1	14	6	0	0	0	0	0	0	0	0	20000	//큰마나물약
36	-1	14	39	0	0	0	0	0	0	0	0	20000	//중간복합물약
36	-1	14	9	0	0	0	0	0	0	0	0	20000	//술
36	-1	13	1	0	0	0	0	0	0	0	0	20000	//사탄
36	-1	13	0	0	0	0	0	0	0	0	0	20000	//수호천사
//엑설런트													
36	-1	1	1	0	0	0	0	2	0	1	0	2	//손도끼
36	-1	1	2	0	0	0	0	2	0	1	0	2	//양날도끼
36	-1	1	3	0	0	0	0	2	0	1	0	2	//토마호크
36	-1	2	0	0	0	0	0	2	0	1	0	2	//전곤
36	-1	2	1	0	0	0	0	2	0	1	0	2	//모닝스타
36	-1	2	2	0	0	0	0	2	0	1	0	2	//철퇴
36	-1	4	8	0	0	0	0	2	0	1	0	2	//석궁
36	-1	4	1	0	0	0	0	2	0	1	0	2	//활
36	-1	4	9	0	0	0	0	2	0	1	0	2	//황금석궁
36	-1	4	2	0	0	0	0	2	0	1	0	2	//요정활
36	-1	4	10	0	0	0	0	2	0	1	0	2	//아큐버스
36	-1	0	0	0	0	0	0	2	0	1	0	2	//크리스
36	-1	0	4	0	0	0	0	2	0	1	0	2	//자객검
36	-1	0	3	0	0	0	0	2	0	1	0	2	//카타치
36	-1	0	6	0	0	0	0	2	0	1	0	2	//그라디우스
36	-1	0	2	0	0	0	0	2	0	1	0	2	//레이피어
36	-1	3	5	0	0	0	0	2	0	1	0	2	//양날도끼창
36	-1	3	6	0	0	0	0	2	0	1	0	2	//도끼창
36	-1	3	2	0	0	0	0	2	0	1	0	2	//드래건랜스
36	-1	3	13	0	0	0	0	2	0	1	0	2	//라피드랜스
36	-1	3	17	0	0	0	0	2	0	1	0	2	//프릭클랜스
36	-1	5	0	0	0	0	0	2	0	1	0	2	//해골지팡이
36	-1	5	1	0	0	0	0	2	0	1	0	2	//천사지팡이
36	-1	6	4	0	0	0	0	2	0	1	0	2	//버클러
36	-1	6	1	0	0	0	0	2	0	1	0	2	//뿔방패
36	-1	6	2	0	0	0	0	2	0	1	0	2	//카이트방패
36	-1	6	29	0	0	0	0	2	0	1	0	2	//라피드실드
36	-1	6	6	0	0	0	0	2	0	1	0	2	//해골방패
36	-1	6	10	0	0	0	0	2	0	1	0	2	//큰원형방패
36	-1	6	3	0	0	0	0	2	0	1	0	2	//요정방패
36	-1	7	2	0	0	0	0	2	0	1	0	2	//패드투구
36	-1	8	2	0	0	0	0	2	0	1	0	2	//패드갑옷
36	-1	9	2	0	0	0	0	2	0	1	0	2	//패드바지
36	-1	11	2	0	0	0	0	2	0	1	0	2	//패드부츠
36	-1	7	5	0	0	0	0	2	0	1	0	2	//가죽헬멧
36	-1	8	5	0	0	0	0	2	0	1	0	2	//가죽갑옷
36	-1	10	5	0	0	0	0	2	0	1	0	2	//가죽장갑
36	-1	9	5	0	0	0	0	2	0	1	0	2	//가죽바지
36	-1	11	5	0	0	0	0	2	0	1	0	2	//가죽부츠
36	-1	7	10	0	0	0	0	2	0	1	0	2	//넝쿨헬멧
36	-1	8	10	0	0	0	0	2	0	1	0	2	//넝쿨갑옷
36	-1	10	10	0	0	0	0	2	0	1	0	2	//넝쿨장갑
36	-1	9	10	0	0	0	0	2	0	1	0	2	//넝쿨바지
36	-1	11	10	0	0	0	0	2	0	1	0	2	//넝쿨부츠
36	-1	7	91	0	0	0	0	2	0	1	0	2	//로우버스트헬멧
36	-1	11	91	0	0	0	0	2	0	1	0	2	//로우버스트부츠
36	-1	10	91	0	0	0	0	2	0	1	0	2	//로우버스트장갑
36	-1	7	0	0	0	0	0	2	0	1	0	2	//청동투구
36	-1	10	0	0	0	0	0	2	0	1	0	2	//청동장갑
36	-1	9	0	0	0	0	0	2	0	1	0	2	//청동바지
36	-1	11	0	0	0	0	0	2	0	1	0	2	//청동부츠
36	-1	7	4	0	0	0	0	2	0	1	0	2	//뼈헬멧
36	-1	8	4	0	0	0	0	2	0	1	0	2	//뼈갑옷
36	-1	10	4	0	0	0	0	2	0	1	0	2	//뼈장갑
36	-1	9	4	0	0	0	0	2	0	1	0	2	//뼈바지
36	-1	11	4	0	0	0	0	2	0	1	0	2	//뼈부츠
36	-1	7	11	0	0	0	0	2	0	1	0	2	//실크헬멧
36	-1	8	11	0	0	0	0	2	0	1	0	2	//실크갑옷
36	-1	9	11	0	0	0	0	2	0	1	0	2	//실크바지
36	-1	10	11	0	0	0	0	2	0	1	0	2	//실크장갑
36	-1	11	11	0	0	0	0	2	0	1	0	2	//실크부츠
36	-1	8	0	0	0	0	0	2	0	1	0	2	//청동갑옷
36	-1	10	6	0	0	0	0	2	0	1	0	2	//비늘장갑
36	-1	11	6	0	0	0	0	2	0	1	0	2	//비늘부츠
//포이즌쉐도우													
39	-1	1	6	0	0	0	2	2	0	0	0	3823	//니케아도끼
39	-1	1	7	0	0	0	2	2	0	0	0	3823	//라르칸도끼
39	-1	2	3	0	0	0	2	2	0	0	0	3823	//그레이트해머
39	-1	4	11	0	0	0	2	2	0	0	0	3823	//빛의석궁
39	-1	4	4	0	0	0	2	2	0	0	0	3823	//타이거보우
39	-1	4	12	0	0	0	2	2	0	0	0	3823	//서펜트석궁
39	-1	0	9	0	0	0	2	2	0	0	0	3823	//셀러멘더검
39	-1	0	5	0	0	0	2	2	0	0	0	3823	//블레이드
39	-1	0	10	0	0	0	2	2	0	0	0	3823	//빛의검
39	-1	0	11	0	0	0	2	2	0	0	0	3823	//전설의검
39	-1	0	13	0	0	0	2	2	0	0	0	3823	//더블블레이드
39	-1	3	7	0	0	0	2	2	0	0	0	3823	//버디슈
39	-1	3	0	0	0	0	2	2	0	0	0	3823	//광선봉
39	-1	3	4	0	0	0	2	2	0	0	0	3823	//서펜트스피어
39	-1	5	3	0	0	0	2	2	0	0	0	3823	//번개지팡이
39	-1	5	15	0	0	0	2	2	0	0	0	3823	//바이올렌윈드스틱
39	-1	6	5	0	0	0	2	2	0	0	0	3823	//드래곤슬레이어방패
39	-1	6	8	0	0	0	2	2	0	0	0	3823	//타워방패
39	-1	6	11	0	0	0	2	2	0	0	0	3823	//서펜트방패
39	-1	6	31	0	0	0	2	2	0	0	0	3823	//알라크란실드
39	-1	6	14	0	0	0	2	2	0	0	0	3823	//전설의방패
39	-1	8	39	0	0	0	0	2	0	0	0	3823	//바이올렌윈드갑옷
39	-1	8	12	0	0	0	0	2	0	0	0	3823	//바람의갑옷
39	-1	7	7	0	0	0	0	2	0	0	0	3823	//스핑크스마스크
39	-1	8	7	0	0	0	0	2	0	0	0	3823	//스핑크스갑옷
39	-1	9	7	0	0	0	0	2	0	0	0	3823	//스핑크스바지
39	-1	7	8	0	0	0	0	2	0	0	0	3823	//황동헬멧
39	-1	8	8	0	0	0	0	2	0	0	0	3823	//황동갑옷
39	-1	10	8	0	0	0	0	2	0	0	0	3823	//황동장갑
39	-1	9	8	0	0	0	0	2	0	0	0	3823	//황동바지
39	-1	11	8	0	0	0	0	2	0	0	0	3823	//황동부츠
39	-1	7	13	0	0	0	0	2	0	0	0	3823	//정령헬멧
39	-1	8	13	0	0	0	0	2	0	0	0	3823	//정령갑옷
39	-1	10	13	0	0	0	0	2	0	0	0	3823	//정령장갑
39	-1	9	13	0	0	0	0	2	0	0	0	3823	//정령바지
39	-1	11	13	0	0	0	0	2	0	0	0	3823	//정령부츠
39	-1	7	92	0	0	0	0	2	0	0	0	3823	//그루힐헬멧
39	-1	10	92	0	0	0	0	2	0	0	0	3823	//그루힐장갑
39	-1	11	92	0	0	0	0	2	0	0	0	3823	//그루힐부츠
39	-1	7	9	0	0	0	0	2	0	0	0	3823	//철판헬멧
39	-1	8	9	0	0	0	0	2	0	0	0	3823	//철판갑옷
39	-1	10	9	0	0	0	0	2	0	0	0	3823	//철판장갑
39	-1	9	9	0	0	0	0	2	0	0	0	3823	//철판바지
39	-1	11	9	0	0	0	0	2	0	0	0	3823	//철판부츠
39	-1	7	25	0	0	0	0	2	0	0	0	3823	//라운드마스크
39	-1	10	25	0	0	0	0	2	0	0	0	3823	//라운드장갑
39	-1	9	25	0	0	0	0	2	0	0	0	3823	//라운드바지
39	-1	11	25	0	0	0	0	2	0	0	0	3823	//라운드부츠
39	-1	7	3	0	0	0	0	2	0	0	0	3823	//전설의헬멧
39	-1	10	3	0	0	0	0	2	0	0	0	3823	//전설의장갑
39	-1	11	3	0	0	0	0	2	0	0	0	3823	//전설의부츠
39	-1	7	40	0	0	0	0	2	0	0	0	3823	//레드윙헬멧
39	-1	10	40	0	0	0	0	2	0	0	0	3823	//레드윙장갑
39	-1	11	40	0	0	0	0	2	0	0	0	3823	//레드윙부츠
39	-1	10	14	0	0	0	0	2	0	0	0	3823	//수호장갑
39	-1	11	59	0	0	0	0	2	0	0	0	3823	//세크리드파이어부츠
39	-1	13	25	0	0	0	0	0	2	0	0	3823	//얼음의목걸이
39	-1	13	22	0	0	0	0	0	2	0	0	3823	//땅의반지
39	-1	13	26	0	0	0	0	0	2	0	0	3823	//바람의목걸이
39	-1	13	23	0	0	0	0	0	2	0	0	3823	//바람의반지
39	-1	13	27	0	0	0	0	0	2	0	0	3823	//물의목걸이
39	-1	13	28	0	0	0	0	0	2	0	0	3823	//기술의목걸이
39	-1	13	24	0	0	0	0	0	2	0	0	3823	//마법의반지
39	-1	15	13	0	0	0	0	0	0	0	0	2000	//인페르노법서
39	-1	15	23	0	0	0	0	0	0	0	0	2000	//버서커양피지
39	-1	12	14	0	0	0	0	0	0	0	0	2000	//스웰라이프구슬
39	-1	12	17	0	0	0	0	0	0	0	0	2000	//관통구슬
39	-1	15	21	0	0	0	0	0	0	0	0	2000	//라이트닝쇼크양피지
39	-1	15	30	0	0	0	0	0	0	0	0	2000	//체인드라이브양피지
39	-1	15	32	0	0	0	0	0	0	0	0	2000	//드래곤로어양피지
39	-1	12	19	0	0	0	0	0	0	0	0	2000	//블로우구슬
39	-1	12	12	0	0	0	0	0	0	0	0	2000	//분노의일격구슬
39	-1	15	34	0	0	0	0	0	0	0	0	2000	//적방어력무시양피지
39	-1	15	31	0	0	0	0	0	0	0	0	2000	//다크사이드양피지
39	-1	15	33	0	0	0	0	0	0	0	0	2000	//드래곤슬레셔양피지
39	-1	14	39	0	0	0	0	0	0	0	0	20000	//중간복합물약
39	-1	13	0	0	0	0	0	0	0	0	0	20000	//수호천사
39	-1	13	1	0	0	0	0	0	0	0	0	20000	//사탄
//엑설런트													
39	-1	1	2	0	0	0	0	2	0	1	0	2	//양날도끼
39	-1	1	3	0	0	0	0	2	0	1	0	2	//토마호크
39	-1	2	0	0	0	0	0	2	0	1	0	2	//전곤
39	-1	2	1	0	0	0	0	2	0	1	0	2	//모닝스타
39	-1	2	2	0	0	0	0	2	0	1	0	2	//철퇴
39	-1	4	1	0	0	0	0	2	0	1	0	2	//활
39	-1	4	9	0	0	0	0	2	0	1	0	2	//황금석궁
39	-1	4	2	0	0	0	0	2	0	1	0	2	//요정활
39	-1	4	10	0	0	0	0	2	0	1	0	2	//아큐버스
39	-1	0	4	0	0	0	0	2	0	1	0	2	//자객검
39	-1	0	3	0	0	0	0	2	0	1	0	2	//카타치
39	-1	0	6	0	0	0	0	2	0	1	0	2	//그라디우스
39	-1	0	7	0	0	0	0	2	0	1	0	2	//펄션
39	-1	0	2	0	0	0	0	2	0	1	0	2	//레이피어
39	-1	3	5	0	0	0	0	2	0	1	0	2	//양날도끼창
39	-1	3	6	0	0	0	0	2	0	1	0	2	//도끼창
39	-1	3	1	0	0	0	0	2	0	1	0	2	//창
39	-1	3	2	0	0	0	0	2	0	1	0	2	//드래건랜스
39	-1	3	13	0	0	0	0	2	0	1	0	2	//라피드랜스
39	-1	3	17	0	0	0	0	2	0	1	0	2	//프릭클랜스
39	-1	5	1	0	0	0	0	2	0	1	0	2	//천사지팡이
39	-1	6	1	0	0	0	0	2	0	1	0	2	//뿔방패
39	-1	6	2	0	0	0	0	2	0	1	0	2	//카이트방패
39	-1	6	29	0	0	0	0	2	0	1	0	2	//라피드실드
39	-1	6	6	0	0	0	0	2	0	1	0	2	//해골방패
39	-1	6	10	0	0	0	0	2	0	1	0	2	//큰원형방패
39	-1	6	3	0	0	0	0	2	0	1	0	2	//요정방패
39	-1	6	9	0	0	0	0	2	0	1	0	2	//철판방패
39	-1	8	2	0	0	0	0	2	0	1	0	2	//패드갑옷
39	-1	9	2	0	0	0	0	2	0	1	0	2	//패드바지
39	-1	8	5	0	0	0	0	2	0	1	0	2	//가죽갑옷
39	-1	9	5	0	0	0	0	2	0	1	0	2	//가죽바지
39	-1	8	10	0	0	0	0	2	0	1	0	2	//넝쿨갑옷
39	-1	9	10	0	0	0	0	2	0	1	0	2	//넝쿨바지
39	-1	7	91	0	0	0	0	2	0	1	0	2	//로우버스트헬멧
39	-1	11	91	0	0	0	0	2	0	1	0	2	//로우버스트부츠
39	-1	9	91	0	0	0	0	2	0	1	0	2	//로우버스트바지
39	-1	10	91	0	0	0	0	2	0	1	0	2	//로우버스트장갑
39	-1	8	0	0	0	0	0	2	0	1	0	2	//청동갑옷
39	-1	10	0	0	0	0	0	2	0	1	0	2	//청동장갑
39	-1	9	0	0	0	0	0	2	0	1	0	2	//청동바지
39	-1	11	0	0	0	0	0	2	0	1	0	2	//청동부츠
39	-1	7	4	0	0	0	0	2	0	1	0	2	//뼈헬멧
39	-1	8	4	0	0	0	0	2	0	1	0	2	//뼈갑옷
39	-1	10	4	0	0	0	0	2	0	1	0	2	//뼈장갑
39	-1	9	4	0	0	0	0	2	0	1	0	2	//뼈바지
39	-1	11	4	0	0	0	0	2	0	1	0	2	//뼈부츠
39	-1	7	11	0	0	0	0	2	0	1	0	2	//실크헬멧
39	-1	8	11	0	0	0	0	2	0	1	0	2	//실크갑옷
39	-1	9	11	0	0	0	0	2	0	1	0	2	//실크바지
39	-1	10	11	0	0	0	0	2	0	1	0	2	//실크장갑
39	-1	11	11	0	0	0	0	2	0	1	0	2	//실크부츠
39	-1	7	0	0	0	0	0	2	0	1	0	2	//청동투구
39	-1	8	0	0	0	0	0	2	0	1	0	2	//청동갑옷
39	-1	10	6	0	0	0	0	2	0	1	0	2	//비늘장갑
39	-1	9	6	0	0	0	0	2	0	1	0	2	//비늘바지
39	-1	11	6	0	0	0	0	2	0	1	0	2	//비늘부츠
39	-1	10	39	0	0	0	0	2	0	1	0	2	//바이올렌윈드장갑
//저주받은법사													
34	-1	1	7	0	0	0	2	2	0	0	0	592	//라르칸도끼
34	-1	1	8	0	0	0	2	2	0	0	0	592	//반월도끼
34	-1	2	3	0	0	0	2	2	0	0	0	592	//그레이트해머
34	-1	0	5	0	0	0	2	2	0	0	0	592	//블레이드
34	-1	0	10	0	0	0	2	2	0	0	0	592	//빛의검
34	-1	0	11	0	0	0	2	2	0	0	0	592	//전설의검
34	-1	0	13	0	0	0	2	2	0	0	0	592	//더블블레이드
34	-1	0	15	0	0	0	2	2	0	0	0	592	//거대한검
34	-1	0	32	0	0	0	2	2	0	0	0	592	//세크리드글러브
34	-1	4	4	0	0	0	2	2	0	0	0	592	//타이거보우
34	-1	4	12	0	0	0	2	2	0	0	0	592	//서펜트석궁
34	-1	3	7	0	0	0	2	2	0	0	0	592	//버디슈
34	-1	3	0	0	0	0	2	2	0	0	0	592	//광선봉
34	-1	3	4	0	0	0	2	2	0	0	0	592	//서펜트스피어
34	-1	3	8	0	0	0	2	2	0	0	0	592	//그레이트사이드
34	-1	5	3	0	0	0	2	2	0	0	0	592	//번개지팡이
34	-1	5	4	0	0	0	2	2	0	0	0	592	//고르곤지팡이
34	-1	5	15	0	0	0	2	2	0	0	0	592	//바이올렌윈드스틱
34	-1	5	21	0	0	0	2	2	0	0	0	592	//사아무트의서
34	-1	2	8	0	0	0	2	2	0	0	0	592	//배틀샙터
34	-1	6	8	0	0	0	2	2	0	0	0	592	//타워방패
34	-1	6	31	0	0	0	2	2	0	0	0	592	//알라크란실드
34	-1	6	11	0	0	0	2	2	0	0	0	592	//서펜트방패
34	-1	6	14	0	0	0	2	2	0	0	0	592	//전설의방패
34	-1	6	12	0	0	0	2	2	0	0	0	592	//브론즈방패
34	-1	8	7	0	0	0	0	2	0	0	0	592	//스핑크스갑옷
34	-1	7	8	0	0	0	0	2	0	0	0	592	//황동헬멧
34	-1	8	8	0	0	0	0	2	0	0	0	592	//황동갑옷
34	-1	7	13	0	0	0	0	2	0	0	0	592	//정령헬멧
34	-1	8	13	0	0	0	0	2	0	0	0	592	//정령갑옷
34	-1	10	13	0	0	0	0	2	0	0	0	592	//정령장갑
34	-1	9	13	0	0	0	0	2	0	0	0	592	//정령바지
34	-1	11	13	0	0	0	0	2	0	0	0	592	//정령부츠
34	-1	7	92	0	0	0	0	2	0	0	0	592	//그루힐헬멧
34	-1	10	92	0	0	0	0	2	0	0	0	592	//그루힐장갑
34	-1	9	92	0	0	0	0	2	0	0	0	592	//그루힐바지
34	-1	11	92	0	0	0	0	2	0	0	0	592	//그루힐부츠
34	-1	7	9	0	0	0	0	2	0	0	0	592	//철판헬멧
34	-1	8	9	0	0	0	0	2	0	0	0	592	//철판갑옷
34	-1	10	9	0	0	0	0	2	0	0	0	592	//철판장갑
34	-1	9	9	0	0	0	0	2	0	0	0	592	//철판바지
34	-1	11	9	0	0	0	0	2	0	0	0	592	//철판부츠
34	-1	7	25	0	0	0	0	2	0	0	0	592	//라운드마스크
34	-1	10	25	0	0	0	0	2	0	0	0	592	//라운드장갑
34	-1	9	25	0	0	0	0	2	0	0	0	592	//라운드바지
34	-1	11	25	0	0	0	0	2	0	0	0	592	//라운드부츠
34	-1	7	3	0	0	0	0	2	0	0	0	592	//전설의헬멧
34	-1	10	3	0	0	0	0	2	0	0	0	592	//전설의장갑
34	-1	9	3	0	0	0	0	2	0	0	0	592	//전설의바지
34	-1	11	3	0	0	0	0	2	0	0	0	592	//전설의부츠
34	-1	7	40	0	0	0	0	2	0	0	0	592	//레드윙헬멧
34	-1	10	40	0	0	0	0	2	0	0	0	592	//레드윙장갑
34	-1	9	40	0	0	0	0	2	0	0	0	592	//레드윙바지
34	-1	11	40	0	0	0	0	2	0	0	0	592	//레드윙부츠
34	-1	7	14	0	0	0	0	2	0	0	0	592	//수호헬멧
34	-1	10	14	0	0	0	0	2	0	0	0	592	//수호장갑
34	-1	9	14	0	0	0	0	2	0	0	0	592	//수호바지
34	-1	11	14	0	0	0	0	2	0	0	0	592	//수호부츠
34	-1	7	59	0	0	0	0	2	0	0	0	592	//세크리드파이어투구
34	-1	11	59	0	0	0	0	2	0	0	0	592	//세크리드파이어부츠
34	-1	10	1	0	0	0	0	2	0	0	0	592	//드라곤장갑
34	-1	11	1	0	0	0	0	2	0	0	0	592	//드라곤부츠
34	-1	13	22	0	0	0	0	0	2	0	0	592	//땅의반지
34	-1	13	26	0	0	0	0	0	2	0	0	592	//바람의목걸이
34	-1	13	23	0	0	0	0	0	2	0	0	592	//바람의반지
34	-1	13	27	0	0	0	0	0	2	0	0	592	//물의목걸이
34	-1	13	24	0	0	0	0	0	2	0	0	592	//마법의반지
34	-1	13	28	0	0	0	0	0	2	0	0	592	//기술의목걸이
34	-1	15	13	0	0	0	0	0	0	0	0	2000	//인페르노법서
34	-1	15	23	0	0	0	0	0	0	0	0	2000	//버서커양피지
34	-1	12	14	0	0	0	0	0	0	0	0	2000	//스웰라이프구슬
34	-1	12	17	0	0	0	0	0	0	0	0	2000	//관통구슬
34	-1	15	21	0	0	0	0	0	0	0	0	2000	//라이트닝쇼크양피지
34	-1	15	30	0	0	0	0	0	0	0	0	2000	//체인드라이브양피지
34	-1	15	32	0	0	0	0	0	0	0	0	2000	//드래곤로어양피지
34	-1	12	19	0	0	0	0	0	0	0	0	2000	//블로우구슬
34	-1	12	12	0	0	0	0	0	0	0	0	2000	//분노의일격구슬
34	-1	15	34	0	0	0	0	0	0	0	0	2000	//적방어력무시양피지
34	-1	15	31	0	0	0	0	0	0	0	0	2000	//다크사이드양피지
34	-1	15	33	0	0	0	0	0	0	0	0	2000	//드래곤슬레셔양피지
34	-1	14	39	0	0	0	0	0	0	0	0	20000	//중간복합물약
34	-1	14	9	0	0	0	0	0	0	0	0	20000	//술
//저주받은법사 엑설런트													
34	-1	1	2	0	0	0	0	2	0	1	0	2	//양날도끼
34	-1	1	3	0	0	0	0	2	0	1	0	2	//토마호크
34	-1	1	4	0	0	0	0	2	0	1	0	2	//요정도끼
34	-1	2	1	0	0	0	0	2	0	1	0	2	//모닝스타
34	-1	2	2	0	0	0	0	2	0	1	0	2	//철퇴
34	-1	4	9	0	0	0	0	2	0	1	0	2	//황금석궁
34	-1	4	2	0	0	0	0	2	0	1	0	2	//요정활
34	-1	4	10	0	0	0	0	2	0	1	0	2	//아큐버스
34	-1	4	3	0	0	0	0	2	0	1	0	2	//전투활
34	-1	0	4	0	0	0	0	2	0	1	0	2	//자객검
34	-1	0	3	0	0	0	0	2	0	1	0	2	//카타치
34	-1	0	6	0	0	0	0	2	0	1	0	2	//그라디우스
34	-1	0	7	0	0	0	0	2	0	1	0	2	//펄션
34	-1	3	5	0	0	0	0	2	0	1	0	2	//양날도끼창
34	-1	3	6	0	0	0	0	2	0	1	0	2	//도끼창
34	-1	3	1	0	0	0	0	2	0	1	0	2	//창
34	-1	3	3	0	0	0	0	2	0	1	0	2	//큰삼지창
34	-1	3	2	0	0	0	0	2	0	1	0	2	//드래건랜스
34	-1	3	13	0	0	0	0	2	0	1	0	2	//라피드랜스
34	-1	3	17	0	0	0	0	2	0	1	0	2	//프릭클랜스
34	-1	5	1	0	0	0	0	2	0	1	0	2	//천사지팡이
34	-1	5	5	0	0	0	0	2	0	1	0	10	//전설의지팡이
34	-1	5	14	0	0	0	0	2	0	1	0	2	//미스터리스틱
34	-1	6	2	0	0	0	0	2	0	1	0	2	//카이트방패
34	-1	6	29	0	0	0	0	2	0	1	0	2	//라피드실드
34	-1	6	6	0	0	0	0	2	0	1	0	2	//해골방패
34	-1	6	10	0	0	0	0	2	0	1	0	2	//큰원형방패
34	-1	6	3	0	0	0	0	2	0	1	0	2	//요정방패
34	-1	6	9	0	0	0	0	2	0	1	0	2	//철판방패
34	-1	6	14	0	0	0	0	2	0	1	0	10	//전설의방패
34	-1	7	91	0	0	0	0	2	0	1	0	2	//로우버스트헬멧
34	-1	11	91	0	0	0	0	2	0	1	0	2	//로우버스트부츠
34	-1	9	91	0	0	0	0	2	0	1	0	2	//로우버스트바지
34	-1	10	0	0	0	0	0	2	0	1	0	2	//청동장갑
34	-1	9	0	0	0	0	0	2	0	1	0	2	//청동바지
34	-1	11	0	0	0	0	0	2	0	1	0	2	//청동부츠
34	-1	7	4	0	0	0	0	2	0	1	0	2	//뼈헬멧
34	-1	8	4	0	0	0	0	2	0	1	0	2	//뼈갑옷
34	-1	10	4	0	0	0	0	2	0	1	0	2	//뼈장갑
34	-1	9	4	0	0	0	0	2	0	1	0	2	//뼈바지
34	-1	11	4	0	0	0	0	2	0	1	0	2	//뼈부츠
34	-1	7	11	0	0	0	0	2	0	1	0	2	//실크헬멧
34	-1	8	11	0	0	0	0	2	0	1	0	2	//실크갑옷
34	-1	9	11	0	0	0	0	2	0	1	0	2	//실크바지
34	-1	10	11	0	0	0	0	2	0	1	0	2	//실크장갑
34	-1	11	11	0	0	0	0	2	0	1	0	2	//실크부츠
34	-1	7	0	0	0	0	0	2	0	1	0	2	//청동투구
34	-1	8	0	0	0	0	0	2	0	1	0	2	//청동갑옷
34	-1	7	6	0	0	0	0	2	0	1	0	2	//비늘헬멧
34	-1	8	6	0	0	0	0	2	0	1	0	2	//비늘갑옷
34	-1	10	6	0	0	0	0	2	0	1	0	2	//비늘장갑
34	-1	9	6	0	0	0	0	2	0	1	0	2	//비늘바지
34	-1	11	6	0	0	0	0	2	0	1	0	2	//비늘부츠
34	-1	7	39	0	0	0	0	2	0	1	0	2	//바이올렌윈드헬멧
34	-1	10	39	0	0	0	0	2	0	1	0	2	//바이올렌윈드장갑
34	-1	11	39	0	0	0	0	2	0	1	0	2	//바이올렌윈드부츠
34	-1	7	12	0	0	0	0	2	0	1	0	2	//바람의헬멧
34	-1	10	12	0	0	0	0	2	0	1	0	2	//바람의장갑
34	-1	11	12	0	0	0	0	2	0	1	0	2	//바람의부츠
34	-1	10	7	0	0	0	0	2	0	1	0	2	//스핑크스장갑
34	-1	7	3	0	0	0	0	2	0	1	0	10	//전설의헬멧
34	-1	8	3	0	0	0	0	2	0	1	0	10	//전설의갑옷
34	-1	10	3	0	0	0	0	2	0	1	0	10	//전설의장갑
34	-1	9	3	0	0	0	0	2	0	1	0	10	//전설의바지
34	-1	11	3	0	0	0	0	2	0	1	0	10	//전설의부츠
//데쓰카우													
41	-1	1	7	0	0	0	2	2	0	0	0	569	//라르칸도끼
41	-1	1	8	0	0	0	2	2	0	0	0	569	//반월도끼
41	-1	4	4	0	0	0	2	2	0	0	0	569	//타이거보우
41	-1	4	12	0	0	0	2	2	0	0	0	569	//서펜트석궁
41	-1	4	5	0	0	0	2	2	0	0	0	569	//실버보우
41	-1	0	10	0	0	0	2	2	0	0	0	569	//빛의검
41	-1	0	11	0	0	0	2	2	0	0	0	569	//전설의검
41	-1	0	13	0	0	0	2	2	0	0	0	569	//더블블레이드
41	-1	0	15	0	0	0	2	2	0	0	0	569	//거대한검
41	-1	0	32	0	0	0	2	2	0	0	0	569	//세크리드글러브
41	-1	0	12	0	0	0	2	2	0	0	0	569	//태양검
41	-1	3	0	0	0	0	2	2	0	0	0	569	//광선봉
41	-1	3	4	0	0	0	2	2	0	0	0	569	//서펜트스피어
41	-1	3	8	0	0	0	2	2	0	0	0	569	//그레이트사이드
41	-1	5	3	0	0	0	2	2	0	0	0	569	//번개지팡이
41	-1	5	4	0	0	0	2	2	0	0	0	569	//고르곤지팡이
41	-1	5	15	0	0	0	2	2	0	0	0	569	//바이올렌윈드스틱
41	-1	5	21	0	0	0	2	2	0	0	0	569	//사아무트의서
41	-1	2	8	0	0	0	2	2	0	0	0	569	//배틀셉터
41	-1	6	8	0	0	0	2	2	0	0	0	569	//타워방패
41	-1	6	11	0	0	0	2	2	0	0	0	569	//서펜트방패
41	-1	6	31	0	0	0	2	2	0	0	0	569	//알라크란실드
41	-1	6	14	0	0	0	2	2	0	0	0	569	//전설의방패
41	-1	6	12	0	0	0	2	2	0	0	0	569	//브론즈방패
41	-1	7	13	0	0	0	0	2	0	0	0	569	//정령헬멧
41	-1	8	13	0	0	0	0	2	0	0	0	569	//정령갑옷
41	-1	9	13	0	0	0	0	2	0	0	0	569	//정령바지
41	-1	11	13	0	0	0	0	2	0	0	0	569	//정령부츠
41	-1	7	92	0	0	0	0	2	0	0	0	569	//그루힐헬멧
41	-1	10	92	0	0	0	0	2	0	0	0	569	//그루힐장갑
41	-1	9	92	0	0	0	0	2	0	0	0	569	//그루힐바지
41	-1	11	92	0	0	0	0	2	0	0	0	569	//그루힐부츠
41	-1	7	9	0	0	0	0	2	0	0	0	569	//철판헬멧
41	-1	8	9	0	0	0	0	2	0	0	0	569	//철판갑옷
41	-1	10	9	0	0	0	0	2	0	0	0	569	//철판장갑
41	-1	9	9	0	0	0	0	2	0	0	0	569	//철판바지
41	-1	11	9	0	0	0	0	2	0	0	0	569	//철판부츠
41	-1	7	25	0	0	0	0	2	0	0	0	569	//라운드마스크
41	-1	10	25	0	0	0	0	2	0	0	0	569	//라운드장갑
41	-1	9	25	0	0	0	0	2	0	0	0	569	//라운드바지
41	-1	11	25	0	0	0	0	2	0	0	0	569	//라운드부츠
41	-1	7	3	0	0	0	0	2	0	0	0	569	//전설의헬멧
41	-1	8	3	0	0	0	0	2	0	0	0	569	//전설의갑옷
41	-1	10	3	0	0	0	0	2	0	0	0	569	//전설의장갑
41	-1	9	3	0	0	0	0	2	0	0	0	569	//전설의바지
41	-1	11	3	0	0	0	0	2	0	0	0	569	//전설의부츠
41	-1	7	40	0	0	0	0	2	0	0	0	569	//레드윙헬멧
41	-1	8	40	0	0	0	0	2	0	0	0	569	//레드윙갑옷
41	-1	10	40	0	0	0	0	2	0	0	0	569	//레드윙장갑
41	-1	9	40	0	0	0	0	2	0	0	0	569	//레드윙바지
41	-1	11	40	0	0	0	0	2	0	0	0	569	//레드윙부츠
41	-1	7	14	0	0	0	0	2	0	0	0	569	//수호헬멧
41	-1	8	14	0	0	0	0	2	0	0	0	569	//수호갑옷
41	-1	10	14	0	0	0	0	2	0	0	0	569	//수호장갑
41	-1	9	14	0	0	0	0	2	0	0	0	569	//수호바지
41	-1	11	14	0	0	0	0	2	0	0	0	569	//수호부츠
41	-1	7	59	0	0	0	0	2	0	0	0	569	//세크리드파이어투구
41	-1	11	59	0	0	0	0	2	0	0	0	569	//세크리드파이어부츠
41	-1	7	1	0	0	0	0	2	0	0	0	569	//드라곤투구
41	-1	10	1	0	0	0	0	2	0	0	0	569	//드라곤장갑
41	-1	9	1	0	0	0	0	2	0	0	0	569	//드라곤바지
41	-1	11	1	0	0	0	0	2	0	0	0	569	//드라곤부츠
41	-1	10	26	0	0	0	0	2	0	0	0	569	//다크소울장갑
41	-1	13	26	0	0	0	0	0	2	0	0	569	//바람의목걸이
41	-1	13	23	0	0	0	0	0	2	0	0	569	//바람의반지
41	-1	13	27	0	0	0	0	0	2	0	0	569	//물의목걸이
41	-1	13	24	0	0	0	0	0	2	0	0	569	//마법의반지
41	-1	13	28	0	0	0	0	0	2	0	0	569	//기술의목걸이
41	-1	15	13	0	0	0	0	0	0	0	0	2000	//인페르노법서
41	-1	15	23	0	0	0	0	0	0	0	0	2000	//버서커양피지
41	-1	12	14	0	0	0	0	0	0	0	0	2000	//스웰라이프구슬
41	-1	12	17	0	0	0	0	0	0	0	0	2000	//관통구슬
41	-1	15	21	0	0	0	0	0	0	0	0	2000	//라이트닝쇼크양피지
41	-1	15	30	0	0	0	0	0	0	0	0	2000	//체인드라이브양피지
41	-1	15	32	0	0	0	0	0	0	0	0	2000	//드래곤로어양피지
41	-1	12	19	0	0	0	0	0	0	0	0	2000	//블로우구슬
41	-1	12	12	0	0	0	0	0	0	0	0	2000	//분노의일격구슬
41	-1	15	34	0	0	0	0	0	0	0	0	2000	//적방어력무시양피지
41	-1	15	31	0	0	0	0	0	0	0	0	2000	//다크사이드양피지
41	-1	15	33	0	0	0	0	0	0	0	0	2000	//드래곤슬레셔양피지
41	-1	14	39	0	0	0	0	0	0	0	0	20000	//중간복합물약
41	-1	14	9	0	0	0	0	0	0	0	0	20000	//술
//데쓰카우 엑설런트													
41	-1	1	2	0	0	0	0	2	0	1	0	2	//양날도끼
41	-1	1	3	0	0	0	0	2	0	1	0	2	//토마호크
41	-1	1	4	0	0	0	0	2	0	1	0	2	//요정도끼
41	-1	1	5	0	0	0	0	2	0	1	0	2	//전투도끼
41	-1	2	3	0	0	0	0	2	0	1	0	10	//그레이트해머
41	-1	2	2	0	0	0	0	2	0	1	0	2	//철퇴
41	-1	4	2	0	0	0	0	2	0	1	0	2	//요정활
41	-1	4	10	0	0	0	0	2	0	1	0	2	//아큐버스
41	-1	4	3	0	0	0	0	2	0	1	0	2	//전투활
41	-1	4	11	0	0	0	0	2	0	1	0	2	//빛의석궁
41	-1	0	3	0	0	0	0	2	0	1	0	2	//카타치
41	-1	0	6	0	0	0	0	2	0	1	0	2	//그라디우스
41	-1	0	7	0	0	0	0	2	0	1	0	2	//펄션
41	-1	0	8	0	0	0	0	2	0	1	0	2	//서펜트볼그
41	-1	0	9	0	0	0	0	2	0	1	0	2	//샐러멘더검
41	-1	3	6	0	0	0	0	2	0	1	0	2	//도끼창
41	-1	3	1	0	0	0	0	2	0	1	0	2	//창
41	-1	3	3	0	0	0	0	2	0	1	0	2	//큰삼지창
41	-1	3	2	0	0	0	0	2	0	1	0	2	//드래건랜스
41	-1	3	13	0	0	0	0	2	0	1	0	2	//라피드랜스
41	-1	3	17	0	0	0	0	2	0	1	0	2	//프릭클랜스
41	-1	5	1	0	0	0	0	2	0	1	0	2	//천사지팡이
41	-1	5	2	0	0	0	0	2	0	1	0	2	//독사지팡이
41	-1	5	14	0	0	0	0	2	0	1	0	2	//미스터리스틱
41	-1	6	6	0	0	0	0	2	0	1	0	2	//해골방패
41	-1	6	10	0	0	0	0	2	0	1	0	2	//큰원형방패
41	-1	6	3	0	0	0	0	2	0	1	0	2	//요정방패
41	-1	6	9	0	0	0	0	2	0	1	0	2	//철판방패
41	-1	6	7	0	0	0	0	2	0	1	0	2	//스파이크방패
41	-1	7	91	0	0	0	0	2	0	1	0	2	//로우버스트헬멧
41	-1	8	91	0	0	0	0	2	0	1	0	2	//로우버스트갑옷
41	-1	11	91	0	0	0	0	2	0	1	0	2	//로우버스트부츠
41	-1	9	91	0	0	0	0	2	0	1	0	2	//로우버스트바지
41	-1	7	0	0	0	0	0	2	0	1	0	2	//청동투구
41	-1	9	0	0	0	0	0	2	0	1	0	2	//청동바지
41	-1	7	4	0	0	0	0	2	0	1	0	2	//뼈헬멧
41	-1	8	4	0	0	0	0	2	0	1	0	2	//뼈갑옷
41	-1	10	4	0	0	0	0	2	0	1	0	2	//뼈장갑
41	-1	9	4	0	0	0	0	2	0	1	0	2	//뼈바지
41	-1	11	4	0	0	0	0	2	0	1	0	2	//뼈부츠
41	-1	7	11	0	0	0	0	2	0	1	0	2	//실크헬멧
41	-1	8	11	0	0	0	0	2	0	1	0	2	//실크갑옷
41	-1	9	11	0	0	0	0	2	0	1	0	2	//실크바지
41	-1	10	11	0	0	0	0	2	0	1	0	2	//실크장갑
41	-1	11	11	0	0	0	0	2	0	1	0	2	//실크부츠
41	-1	8	0	0	0	0	0	2	0	1	0	2	//청동갑옷
41	-1	7	6	0	0	0	0	2	0	1	0	2	//비늘헬멧
41	-1	8	6	0	0	0	0	2	0	1	0	2	//비늘갑옷
41	-1	10	6	0	0	0	0	2	0	1	0	2	//비늘장갑
41	-1	9	6	0	0	0	0	2	0	1	0	2	//비늘바지
41	-1	11	6	0	0	0	0	2	0	1	0	2	//비늘부츠
41	-1	7	39	0	0	0	0	2	0	1	0	2	//바이올렌윈드헬멧
41	-1	10	39	0	0	0	0	2	0	1	0	2	//바이올렌윈드장갑
41	-1	9	39	0	0	0	0	2	0	1	0	2	//바이올렌윈드바지
41	-1	11	39	0	0	0	0	2	0	1	0	2	//바이올렌윈드부츠
41	-1	7	12	0	0	0	0	2	0	1	0	2	//바람의헬멧
41	-1	8	12	0	0	0	0	2	0	1	0	2	//바람의갑옷
41	-1	10	12	0	0	0	0	2	0	1	0	2	//바람의장갑
41	-1	9	12	0	0	0	0	2	0	1	0	2	//바람의바지
41	-1	11	12	0	0	0	0	2	0	1	0	2	//바람의부츠
41	-1	7	7	0	0	0	0	2	0	1	0	2	//스핑크스마스크
41	-1	10	7	0	0	0	0	2	0	1	0	2	//스핑크스장갑
41	-1	11	7	0	0	0	0	2	0	1	0	2	//스핑크스부츠
41	-1	10	8	0	0	0	0	2	0	1	0	2	//황동장갑
41	-1	11	8	0	0	0	0	2	0	1	0	2	//황동부츠
//데빌													
37	-1	1	7	0	0	0	2	2	0	0	0	528	//라르칸도끼
37	-1	1	8	0	0	0	2	2	0	0	0	528	//반월도끼
37	-1	4	12	0	0	0	2	2	0	0	0	528	//서펜트석궁
37	-1	4	5	0	0	0	2	2	0	0	0	528	//실버보우
37	-1	0	11	0	0	0	2	2	0	0	0	528	//전설의검
37	-1	0	13	0	0	0	2	2	0	0	0	528	//더블블레이드
37	-1	0	15	0	0	0	2	2	0	0	0	528	//거대한검
37	-1	0	32	0	0	0	2	2	0	0	0	528	//세크리드글러브
37	-1	0	12	0	0	0	2	2	0	0	0	528	//태양검
37	-1	0	14	0	0	0	2	2	0	0	0	528	//번개검
37	-1	3	0	0	0	0	2	2	0	0	0	528	//광선봉
37	-1	3	4	0	0	0	2	2	0	0	0	528	//서펜트스피어
37	-1	3	8	0	0	0	2	2	0	0	0	528	//그레이트사이드
37	-1	5	3	0	0	0	2	2	0	0	0	528	//번개지팡이
37	-1	5	4	0	0	0	2	2	0	0	0	528	//고르곤지팡이
37	-1	5	5	0	0	0	2	2	0	0	0	528	//전설의지팡이
37	-1	5	15	0	0	0	2	2	0	0	0	528	//바이올렌윈드스틱
37	-1	5	16	0	0	0	2	2	0	0	0	528	//레드윙스틱
37	-1	5	21	0	0	0	2	2	0	0	0	528	//사아무트의서
37	-1	5	22	0	0	0	2	2	0	0	0	528	//닐의서
37	-1	2	8	0	0	0	2	2	0	0	0	528	//배틀셉터
37	-1	6	11	0	0	0	2	2	0	0	0	528	//서펜트방패
37	-1	6	14	0	0	0	2	2	0	0	0	528	//전설의방패
37	-1	6	12	0	0	0	2	2	0	0	0	528	//브론즈방패
37	-1	6	13	0	0	0	2	2	0	0	0	528	//드라곤방패
37	-1	8	13	0	0	0	0	2	0	0	0	528	//정령갑옷
37	-1	9	13	0	0	0	0	2	0	0	0	528	//정령바지
37	-1	7	92	0	0	0	0	2	0	0	0	528	//그루힐헬멧
37	-1	8	92	0	0	0	0	2	0	0	0	528	//그루힐갑옷
37	-1	9	92	0	0	0	0	2	0	0	0	528	//그루힐바지
37	-1	11	92	0	0	0	0	2	0	0	0	528	//그루힐부츠
37	-1	7	9	0	0	0	0	2	0	0	0	528	//철판헬멧
37	-1	8	9	0	0	0	0	2	0	0	0	528	//철판갑옷
37	-1	10	9	0	0	0	0	2	0	0	0	528	//철판장갑
37	-1	9	9	0	0	0	0	2	0	0	0	528	//철판바지
37	-1	11	9	0	0	0	0	2	0	0	0	528	//철판부츠
37	-1	7	25	0	0	0	0	2	0	0	0	528	//라운드마스크
37	-1	10	25	0	0	0	0	2	0	0	0	528	//라운드장갑
37	-1	9	25	0	0	0	0	2	0	0	0	528	//라운드바지
37	-1	11	25	0	0	0	0	2	0	0	0	528	//라운드부츠
37	-1	7	3	0	0	0	0	2	0	0	0	528	//전설의헬멧
37	-1	8	3	0	0	0	0	2	0	0	0	528	//전설의갑옷
37	-1	10	3	0	0	0	0	2	0	0	0	528	//전설의장갑
37	-1	9	3	0	0	0	0	2	0	0	0	528	//전설의바지
37	-1	11	3	0	0	0	0	2	0	0	0	528	//전설의부츠
37	-1	7	40	0	0	0	0	2	0	0	0	528	//레드윙헬멧
37	-1	8	40	0	0	0	0	2	0	0	0	528	//레드윙갑옷
37	-1	10	40	0	0	0	0	2	0	0	0	528	//레드윙장갑
37	-1	9	40	0	0	0	0	2	0	0	0	528	//레드윙바지
37	-1	11	40	0	0	0	0	2	0	0	0	528	//레드윙부츠
37	-1	7	14	0	0	0	0	2	0	0	0	528	//수호헬멧
37	-1	8	14	0	0	0	0	2	0	0	0	528	//수호갑옷
37	-1	10	14	0	0	0	0	2	0	0	0	528	//수호장갑
37	-1	9	14	0	0	0	0	2	0	0	0	528	//수호바지
37	-1	11	14	0	0	0	0	2	0	0	0	528	//수호부츠
37	-1	7	59	0	0	0	0	2	0	0	0	528	//세크리드파이어투구
37	-1	11	59	0	0	0	0	2	0	0	0	528	//세크리드파이어부츠
37	-1	7	1	0	0	0	0	2	0	0	0	528	//드라곤투구
37	-1	8	1	0	0	0	0	2	0	0	0	528	//드라곤갑옷
37	-1	10	1	0	0	0	0	2	0	0	0	528	//드라곤장갑
37	-1	9	1	0	0	0	0	2	0	0	0	528	//드라곤바지
37	-1	11	1	0	0	0	0	2	0	0	0	528	//드라곤부츠
37	-1	10	26	0	0	0	0	2	0	0	0	528	//다크소울장갑
37	-1	11	26	0	0	0	0	2	0	0	0	528	//다크소울부츠
37	-1	10	93	0	0	0	0	2	0	0	0	528	//프린시장갑
37	-1	13	26	0	0	0	0	0	2	0	0	528	//바람의목걸이
37	-1	13	23	0	0	0	0	0	2	0	0	528	//바람의반지
37	-1	13	27	0	0	0	0	0	2	0	0	528	//물의목걸이
37	-1	13	24	0	0	0	0	0	2	0	0	528	//마법의반지
37	-1	13	28	0	0	0	0	0	2	0	0	528	//기술의목걸이
37	-1	15	13	0	0	0	0	0	0	0	0	2000	//인페르노법서
37	-1	15	23	0	0	0	0	0	0	0	0	2000	//버서커양피지
37	-1	12	14	0	0	0	0	0	0	0	0	2000	//스웰라이프구슬
37	-1	12	17	0	0	0	0	0	0	0	0	2000	//관통구슬
37	-1	15	21	0	0	0	0	0	0	0	0	2000	//라이트닝쇼크양피지
37	-1	15	30	0	0	0	0	0	0	0	0	2000	//체인드라이브양피지
37	-1	15	32	0	0	0	0	0	0	0	0	2000	//드래곤로어양피지
37	-1	12	19	0	0	0	0	0	0	0	0	2000	//블로우구슬
37	-1	12	12	0	0	0	0	0	0	0	0	2000	//분노의일격구슬
37	-1	15	34	0	0	0	0	0	0	0	0	2000	//적방어력무시양피지
37	-1	15	31	0	0	0	0	0	0	0	0	2000	//다크사이드양피지
37	-1	15	33	0	0	0	0	0	0	0	0	2000	//드래곤슬레셔양피지
37	-1	14	40	0	0	0	0	0	0	0	0	100	//큰복합물약
37	-1	14	9	0	0	0	0	0	0	0	0	20000	//술
//엑설런트													
37	-1	1	3	0	0	0	0	2	0	1	0	2	//토마호크
37	-1	1	4	0	0	0	0	2	0	1	0	2	//요정도끼
37	-1	1	5	0	0	0	0	2	0	1	0	2	//전투도끼
37	-1	1	6	0	0	0	0	2	0	1	0	2	//니케아도끼
37	-1	2	2	0	0	0	0	2	0	1	0	2	//철퇴
37	-1	4	10	0	0	0	0	2	0	1	0	2	//아큐버스
37	-1	4	3	0	0	0	0	2	0	1	0	2	//전투활
37	-1	4	11	0	0	0	0	2	0	1	0	2	//빛의석궁
37	-1	0	6	0	0	0	0	2	0	1	0	2	//그라디우스
37	-1	0	7	0	0	0	0	2	0	1	0	2	//펄션
37	-1	0	8	0	0	0	0	2	0	1	0	2	//서펜트볼그
37	-1	0	9	0	0	0	0	2	0	1	0	2	//샐러멘더검
37	-1	3	6	0	0	0	0	2	0	1	0	2	//도끼창
37	-1	3	1	0	0	0	0	2	0	1	0	2	//창
37	-1	3	3	0	0	0	0	2	0	1	0	2	//큰삼지창
37	-1	3	17	0	0	0	0	2	0	1	0	2	//프릭클랜스
37	-1	5	1	0	0	0	0	2	0	1	0	2	//천사지팡이
37	-1	5	2	0	0	0	0	2	0	1	0	2	//독사지팡이
37	-1	5	14	0	0	0	0	2	0	1	0	2	//미스터리스틱
37	-1	6	10	0	0	0	0	2	0	1	0	2	//큰원형방패
37	-1	6	3	0	0	0	0	2	0	1	0	2	//요정방패
37	-1	6	9	0	0	0	0	2	0	1	0	2	//철판방패
37	-1	6	7	0	0	0	0	2	0	1	0	2	//스파이크방패
37	-1	6	5	0	0	0	0	2	0	1	0	2	//드래곤슬레이어방패
37	-1	7	91	0	0	0	0	2	0	1	0	2	//로우버스트헬멧
37	-1	8	91	0	0	0	0	2	0	1	0	2	//로우버스트갑옷
37	-1	9	91	0	0	0	0	2	0	1	0	2	//로우버스트바지
37	-1	7	4	0	0	0	0	2	0	1	0	3	//뼈헬멧
37	-1	8	4	0	0	0	0	2	0	1	0	3	//뼈갑옷
37	-1	9	4	0	0	0	0	2	0	1	0	3	//뼈바지
37	-1	8	11	0	0	0	0	2	0	1	0	3	//실크갑옷
37	-1	9	11	0	0	0	0	2	0	1	0	3	//실크바지
37	-1	8	0	0	0	0	0	2	0	1	0	3	//청동갑옷
37	-1	7	6	0	0	0	0	2	0	1	0	3	//비늘헬멧
37	-1	8	6	0	0	0	0	2	0	1	0	3	//비늘갑옷
37	-1	10	6	0	0	0	0	2	0	1	0	3	//비늘장갑
37	-1	9	6	0	0	0	0	2	0	1	0	3	//비늘바지
37	-1	11	6	0	0	0	0	2	0	1	0	3	//비늘부츠
37	-1	7	39	0	0	0	0	2	0	1	0	2	//바이올렌윈드헬멧
37	-1	8	39	0	0	0	0	2	0	1	0	2	//바이올렌윈드갑옷
37	-1	10	39	0	0	0	0	2	0	1	0	2	//바이올렌윈드장갑
37	-1	9	39	0	0	0	0	2	0	1	0	2	//바이올렌윈드바지
37	-1	11	39	0	0	0	0	2	0	1	0	2	//바이올렌윈드부츠
37	-1	7	12	0	0	0	0	2	0	1	0	3	//바람의헬멧
37	-1	8	12	0	0	0	0	2	0	1	0	3	//바람의갑옷
37	-1	10	12	0	0	0	0	2	0	1	0	3	//바람의장갑
37	-1	9	12	0	0	0	0	2	0	1	0	3	//바람의바지
37	-1	11	12	0	0	0	0	2	0	1	0	3	//바람의부츠
37	-1	7	7	0	0	0	0	2	0	1	0	3	//스핑크스마스크
37	-1	10	7	0	0	0	0	2	0	1	0	3	//스핑크스장갑
37	-1	9	7	0	0	0	0	2	0	1	0	3	//스핑크스바지
37	-1	11	7	0	0	0	0	2	0	1	0	3	//스핑크스부츠
37	-1	10	8	0	0	0	0	2	0	1	0	3	//황동장갑
37	-1	9	8	0	0	0	0	2	0	1	0	3	//황동바지
37	-1	11	8	0	0	0	0	2	0	1	0	3	//황동부츠
37	-1	13	12	0	0	0	0	0	2	1	0	1	//번개의목걸이
37	-1	13	13	0	0	0	0	0	2	1	0	1	//불의목걸이
37	-1	13	25	0	0	0	0	0	2	1	0	1	//얼음의목걸이
37	-1	13	26	0	0	0	0	0	2	1	0	1	//바람의목걸이
37	-1	13	27	0	0	0	0	0	2	1	0	1	//물의목걸이
37	-1	13	28	0	0	0	0	0	2	1	0	1	//기술의목걸이
37	-1	13	8	0	0	0	0	0	2	1	0	1	//얼음의반지
37	-1	13	9	0	0	0	0	0	2	1	0	1	//독의반지
37	-1	13	21	0	0	0	0	0	2	1	0	1	//불의반지
37	-1	13	22	0	0	0	0	0	2	1	0	1	//땅의반지
37	-1	13	23	0	0	0	0	0	2	1	0	1	//바람의반지
37	-1	13	24	0	0	0	0	0	2	1	0	1	//마법의반지
//데쓰나이트													
40	-1	1	7	0	0	0	2	2	0	0	0	536	//라르칸도끼
40	-1	1	8	0	0	0	2	2	0	0	0	536	//반월도끼
40	-1	4	12	0	0	0	2	2	0	0	0	536	//서펜트석궁
40	-1	4	5	0	0	0	2	2	0	0	0	536	//실버보우
40	-1	0	11	0	0	0	2	2	0	0	0	536	//전설의검
40	-1	0	13	0	0	0	2	2	0	0	0	536	//더블블레이드
40	-1	0	15	0	0	0	2	2	0	0	0	536	//거대한검
40	-1	0	32	0	0	0	2	2	0	0	0	536	//세크리드글러브
40	-1	0	12	0	0	0	2	2	0	0	0	536	//태양검
40	-1	0	14	0	0	0	2	2	0	0	0	536	//번개검
40	-1	3	4	0	0	0	2	2	0	0	0	536	//서펜트스피어
40	-1	3	8	0	0	0	2	2	0	0	0	536	//그레이트사이드
40	-1	5	4	0	0	0	2	2	0	0	0	536	//고르곤지팡이
40	-1	5	5	0	0	0	2	2	0	0	0	536	//전설의지팡이
40	-1	5	16	0	0	0	2	2	0	0	0	536	//레드윙스틱
40	-1	5	21	0	0	0	2	2	0	0	0	536	//사아무트의서
40	-1	5	22	0	0	0	2	2	0	0	0	536	//닐의서
40	-1	2	8	0	0	0	2	2	0	0	0	536	//배틀셉터
40	-1	6	11	0	0	0	2	2	0	0	0	536	//서펜트방패
40	-1	6	14	0	0	0	2	2	0	0	0	536	//전설의방패
40	-1	6	12	0	0	0	2	2	0	0	0	536	//브론즈방패
40	-1	6	13	0	0	0	2	2	0	0	0	536	//드라곤방패
40	-1	8	13	0	0	0	0	2	0	0	0	536	//정령갑옷
40	-1	7	92	0	0	0	0	2	0	0	0	536	//그루힐헬멧
40	-1	8	92	0	0	0	0	2	0	0	0	536	//그루힐갑옷
40	-1	9	92	0	0	0	0	2	0	0	0	536	//그루힐바지
40	-1	11	92	0	0	0	0	2	0	0	0	536	//그루힐부츠
40	-1	7	9	0	0	0	0	2	0	0	0	536	//철판헬멧
40	-1	8	9	0	0	0	0	2	0	0	0	536	//철판갑옷
40	-1	9	9	0	0	0	0	2	0	0	0	536	//철판바지
40	-1	7	25	0	0	0	0	2	0	0	0	536	//라운드마스크
40	-1	8	25	0	0	0	0	2	0	0	0	536	//라운드갑옷
40	-1	9	25	0	0	0	0	2	0	0	0	536	//라운드바지
40	-1	11	25	0	0	0	0	2	0	0	0	536	//라운드부츠
40	-1	7	3	0	0	0	0	2	0	0	0	536	//전설의헬멧
40	-1	8	3	0	0	0	0	2	0	0	0	536	//전설의갑옷
40	-1	10	3	0	0	0	0	2	0	0	0	536	//전설의장갑
40	-1	9	3	0	0	0	0	2	0	0	0	536	//전설의바지
40	-1	11	3	0	0	0	0	2	0	0	0	536	//전설의부츠
40	-1	7	40	0	0	0	0	2	0	0	0	536	//레드윙헬멧
40	-1	8	40	0	0	0	0	2	0	0	0	536	//레드윙갑옷
40	-1	10	40	0	0	0	0	2	0	0	0	536	//레드윙장갑
40	-1	9	40	0	0	0	0	2	0	0	0	536	//레드윙바지
40	-1	11	40	0	0	0	0	2	0	0	0	536	//레드윙부츠
40	-1	7	14	0	0	0	0	2	0	0	0	536	//수호헬멧
40	-1	8	14	0	0	0	0	2	0	0	0	536	//수호갑옷
40	-1	10	14	0	0	0	0	2	0	0	0	536	//수호장갑
40	-1	9	14	0	0	0	0	2	0	0	0	536	//수호바지
40	-1	11	14	0	0	0	0	2	0	0	0	536	//수호부츠
40	-1	7	59	0	0	0	0	2	0	0	0	536	//세크리드파이어투구
40	-1	9	59	0	0	0	0	2	0	0	0	536	//세크리드파이어바지
40	-1	11	59	0	0	0	0	2	0	0	0	536	//세크리드파이어부츠
40	-1	7	1	0	0	0	0	2	0	0	0	536	//드라곤투구
40	-1	8	1	0	0	0	0	2	0	0	0	536	//드라곤갑옷
40	-1	10	1	0	0	0	0	2	0	0	0	536	//드라곤장갑
40	-1	9	1	0	0	0	0	2	0	0	0	536	//드라곤바지
40	-1	11	1	0	0	0	0	2	0	0	0	536	//드라곤부츠
40	-1	10	26	0	0	0	0	2	0	0	0	536	//다크소울장갑
40	-1	11	26	0	0	0	0	2	0	0	0	536	//다크소울부츠
40	-1	10	93	0	0	0	0	2	0	0	0	536	//프린시장갑
40	-1	10	34	0	0	0	0	2	0	0	0	536	//애쉬크로우장갑
40	-1	10	35	0	0	0	0	2	0	0	0	536	//이클립스장갑
40	-1	10	36	0	0	0	0	2	0	0	0	536	//아이리스장갑
40	-1	10	41	0	0	0	0	2	0	0	0	536	//에이션트장갑
40	-1	11	60	0	0	0	0	2	0	0	0	536	//스톰자하드부츠
40	-1	13	23	0	0	0	0	0	2	0	0	536	//바람의반지
40	-1	13	27	0	0	0	0	0	2	0	0	536	//물의목걸이
40	-1	13	24	0	0	0	0	0	2	0	0	536	//마법의반지
40	-1	13	28	0	0	0	0	0	2	0	0	536	//기술의목걸이
40	-1	15	13	0	0	0	0	0	0	0	0	2000	//인페르노법서
40	-1	15	23	0	0	0	0	0	0	0	0	2000	//버서커양피지
40	-1	12	14	0	0	0	0	0	0	0	0	2000	//스웰라이프구슬
40	-1	12	17	0	0	0	0	0	0	0	0	2000	//관통구슬
40	-1	15	21	0	0	0	0	0	0	0	0	2000	//라이트닝쇼크양피지
40	-1	15	30	0	0	0	0	0	0	0	0	2000	//체인드라이브양피지
40	-1	15	32	0	0	0	0	0	0	0	0	2000	//드래곤로어양피지
40	-1	12	19	0	0	0	0	0	0	0	0	2000	//블로우구슬
40	-1	12	12	0	0	0	0	0	0	0	0	2000	//분노의일격구슬
40	-1	15	34	0	0	0	0	0	0	0	0	2000	//적방어력무시양피지
40	-1	15	31	0	0	0	0	0	0	0	0	2000	//다크사이드양피지
40	-1	15	33	0	0	0	0	0	0	0	0	2000	//드래곤슬레셔양피지
40	-1	14	40	0	0	0	0	0	0	0	0	100	//큰복합물약
40	-1	14	176	0	0	0	0	0	0	0	0	2500	//데쓰킹의 뼈
//데쓰나이트 엑설런트													
40	-1	1	4	0	0	0	0	2	0	1	0	2	//요정도끼
40	-1	1	5	0	0	0	0	2	0	1	0	2	//전투도끼
40	-1	1	6	0	0	0	0	2	0	1	0	2	//니케아도끼
40	-1	2	2	0	0	0	0	2	0	1	0	2	//철퇴
40	-1	4	10	0	0	0	0	2	0	1	0	2	//아큐버스
40	-1	4	3	0	0	0	0	2	0	1	0	2	//전투활
40	-1	4	11	0	0	0	0	2	0	1	0	2	//빛의석궁
40	-1	0	6	0	0	0	0	2	0	1	0	2	//그라디우스
40	-1	0	7	0	0	0	0	2	0	1	0	2	//펄션
40	-1	0	8	0	0	0	0	2	0	1	0	2	//서펜트볼그
40	-1	0	9	0	0	0	0	2	0	1	0	2	//샐러멘더검
40	-1	0	5	0	0	0	0	2	0	1	0	2	//블레이드
40	-1	0	14	0	0	0	0	2	0	1	0	10	//번개검
40	-1	3	6	0	0	0	0	2	0	1	0	10	//도끼창
40	-1	3	1	0	0	0	0	2	0	1	0	2	//창
40	-1	3	3	0	0	0	0	2	0	1	0	2	//큰삼지창
40	-1	3	7	0	0	0	0	2	0	1	0	2	//버디슈
40	-1	3	17	0	0	0	0	2	0	1	0	2	//프릭클랜스
40	-1	5	2	0	0	0	0	2	0	1	0	2	//독사지팡이
40	-1	5	14	0	0	0	0	2	0	1	0	2	//미스터리스틱
40	-1	6	3	0	0	0	0	2	0	1	0	2	//요정방패
40	-1	6	9	0	0	0	0	2	0	1	0	2	//철판방패
40	-1	6	7	0	0	0	0	2	0	1	0	2	//스파이크방패
40	-1	6	5	0	0	0	0	2	0	1	0	2	//드래곤슬레이어방패
40	-1	7	91	0	0	0	0	2	0	1	0	2	//로우버스트헬멧
40	-1	8	91	0	0	0	0	2	0	1	0	2	//로우버스트갑옷
40	-1	9	91	0	0	0	0	2	0	1	0	2	//로우버스트바지
40	-1	8	4	0	0	0	0	2	0	1	0	2	//뼈갑옷
40	-1	9	4	0	0	0	0	2	0	1	0	2	//뼈바지
40	-1	8	11	0	0	0	0	2	0	1	0	2	//실크갑옷
40	-1	7	6	0	0	0	0	2	0	1	0	2	//비늘헬멧
40	-1	8	6	0	0	0	0	2	0	1	0	2	//비늘갑옷
40	-1	10	6	0	0	0	0	2	0	1	0	2	//비늘장갑
40	-1	9	6	0	0	0	0	2	0	1	0	2	//비늘바지
40	-1	11	6	0	0	0	0	2	0	1	0	2	//비늘부츠
40	-1	7	39	0	0	0	0	2	0	1	0	2	//바이올렌윈드헬멧
40	-1	8	39	0	0	0	0	2	0	1	0	2	//바이올렌윈드갑옷
40	-1	10	39	0	0	0	0	2	0	1	0	2	//바이올렌윈드장갑
40	-1	9	39	0	0	0	0	2	0	1	0	2	//바이올렌윈드바지
40	-1	11	39	0	0	0	0	2	0	1	0	2	//바이올렌윈드부츠
40	-1	7	12	0	0	0	0	2	0	1	0	2	//바람의헬멧
40	-1	8	12	0	0	0	0	2	0	1	0	2	//바람의갑옷
40	-1	10	12	0	0	0	0	2	0	1	0	2	//바람의장갑
40	-1	9	12	0	0	0	0	2	0	1	0	2	//바람의바지
40	-1	11	12	0	0	0	0	2	0	1	0	2	//바람의부츠
40	-1	7	7	0	0	0	0	2	0	1	0	2	//스핑크스마스크
40	-1	10	7	0	0	0	0	2	0	1	0	2	//스핑크스장갑
40	-1	9	7	0	0	0	0	2	0	1	0	2	//스핑크스바지
40	-1	11	7	0	0	0	0	2	0	1	0	2	//스핑크스부츠
40	-1	7	8	0	0	0	0	2	0	1	0	2	//황동헬멧
40	-1	10	8	0	0	0	0	2	0	1	0	2	//황동장갑
40	-1	9	8	0	0	0	0	2	0	1	0	2	//황동바지
40	-1	11	8	0	0	0	0	2	0	1	0	2	//황동부츠
40	-1	13	12	0	0	0	0	0	2	1	0	1	//번개의목걸이
40	-1	13	13	0	0	0	0	0	2	1	0	1	//불의목걸이
40	-1	13	25	0	0	0	0	0	2	1	0	1	//얼음의목걸이
40	-1	13	26	0	0	0	0	0	2	1	0	1	//바람의목걸이
40	-1	13	27	0	0	0	0	0	2	1	0	1	//물의목걸이
40	-1	13	28	0	0	0	0	0	2	1	0	1	//기술의목걸이
40	-1	13	8	0	0	0	0	0	2	1	0	1	//얼음의반지
40	-1	13	9	0	0	0	0	0	2	1	0	1	//독의반지
40	-1	13	21	0	0	0	0	0	2	1	0	1	//불의반지
40	-1	13	22	0	0	0	0	0	2	1	0	1	//땅의반지
40	-1	13	23	0	0	0	0	0	2	1	0	1	//바람의반지
40	-1	13	24	0	0	0	0	0	2	1	0	1	//마법의반지
//데쓰고르곤													
35	-1	1	7	0	0	0	2	2	0	0	0	653	//라르칸도끼
35	-1	1	8	0	0	0	2	2	0	0	0	653	//반월도끼
35	-1	4	12	0	0	0	2	2	0	0	0	653	//서펜트석궁
35	-1	4	5	0	0	0	2	2	0	0	0	653	//실버보우
35	-1	0	13	0	0	0	2	2	0	0	0	653	//더블블레이드
35	-1	0	15	0	0	0	2	2	0	0	0	653	//거대한검
35	-1	0	32	0	0	0	2	2	0	0	0	653	//세크리드글러브
35	-1	0	12	0	0	0	2	2	0	0	0	653	//태양검
35	-1	0	14	0	0	0	2	2	0	0	0	653	//번개검
35	-1	3	4	0	0	0	2	2	0	0	0	653	//서펜트스피어
35	-1	3	8	0	0	0	2	2	0	0	0	653	//그레이트사이드
35	-1	3	9	0	0	0	2	2	0	0	0	653	//발록의낫
35	-1	5	4	0	0	0	2	2	0	0	0	653	//고르곤지팡이
35	-1	5	5	0	0	0	2	2	0	0	0	653	//전설의지팡이
35	-1	5	16	0	0	0	2	2	0	0	0	653	//레드윙스틱
35	-1	5	21	0	0	0	2	2	0	0	0	653	//사아무트의서
35	-1	5	22	0	0	0	2	2	0	0	0	653	//닐의서
35	-1	2	8	0	0	0	2	2	0	0	0	653	//배틀셉터
35	-1	6	14	0	0	0	2	2	0	0	0	653	//전설의방패
35	-1	6	12	0	0	0	2	2	0	0	0	653	//브론즈방패
35	-1	6	13	0	0	0	2	2	0	0	0	653	//드라곤방패
35	-1	7	92	0	0	0	0	2	0	0	0	653	//그루힐헬멧
35	-1	8	92	0	0	0	0	2	0	0	0	653	//그루힐갑옷
35	-1	9	92	0	0	0	0	2	0	0	0	653	//그루힐바지
35	-1	7	9	0	0	0	0	2	0	0	0	653	//철판헬멧
35	-1	8	9	0	0	0	0	2	0	0	0	653	//철판갑옷
35	-1	7	25	0	0	0	0	2	0	0	0	653	//라운드마스크
35	-1	8	25	0	0	0	0	2	0	0	0	653	//라운드갑옷
35	-1	9	25	0	0	0	0	2	0	0	0	653	//라운드바지
35	-1	7	3	0	0	0	0	2	0	0	0	653	//전설의헬멧
35	-1	8	3	0	0	0	0	2	0	0	0	653	//전설의갑옷
35	-1	9	3	0	0	0	0	2	0	0	0	653	//전설의바지
35	-1	11	3	0	0	0	0	2	0	0	0	653	//전설의부츠
35	-1	7	40	0	0	0	0	2	0	0	0	653	//레드윙헬멧
35	-1	8	40	0	0	0	0	2	0	0	0	653	//레드윙갑옷
35	-1	9	40	0	0	0	0	2	0	0	0	653	//레드윙바지
35	-1	11	40	0	0	0	0	2	0	0	0	653	//레드윙부츠
35	-1	7	14	0	0	0	0	2	0	0	0	653	//수호헬멧
35	-1	8	14	0	0	0	0	2	0	0	0	653	//수호갑옷
35	-1	10	14	0	0	0	0	2	0	0	0	653	//수호장갑
35	-1	9	14	0	0	0	0	2	0	0	0	653	//수호바지
35	-1	11	14	0	0	0	0	2	0	0	0	653	//수호부츠
35	-1	7	59	0	0	0	0	2	0	0	0	653	//세크리드파이어투구
35	-1	9	59	0	0	0	0	2	0	0	0	653	//세크리드파이어바지
35	-1	11	59	0	0	0	0	2	0	0	0	653	//세크리드파이어부츠
35	-1	7	1	0	0	0	0	2	0	0	0	653	//드라곤투구
35	-1	8	1	0	0	0	0	2	0	0	0	653	//드라곤갑옷
35	-1	10	1	0	0	0	0	2	0	0	0	653	//드라곤장갑
35	-1	9	1	0	0	0	0	2	0	0	0	653	//드라곤바지
35	-1	11	1	0	0	0	0	2	0	0	0	653	//드라곤부츠
35	-1	10	26	0	0	0	0	2	0	0	0	653	//다크소울장갑
35	-1	11	26	0	0	0	0	2	0	0	0	653	//다크소울부츠
35	-1	10	93	0	0	0	0	2	0	0	0	653	//프린시장갑
35	-1	11	93	0	0	0	0	2	0	0	0	653	//프린시부츠
35	-1	10	34	0	0	0	0	2	0	0	0	653	//애쉬크로우장갑
35	-1	10	35	0	0	0	0	2	0	0	0	653	//이클립스장갑
35	-1	10	36	0	0	0	0	2	0	0	0	653	//아이리스장갑
35	-1	10	41	0	0	0	0	2	0	0	0	653	//에이션트장갑
35	-1	11	60	0	0	0	0	2	0	0	0	653	//스톰자하드부츠
35	-1	13	27	0	0	0	0	0	2	0	0	653	//물의목걸이
35	-1	13	24	0	0	0	0	0	2	0	0	653	//마법의반지
35	-1	13	28	0	0	0	0	0	2	0	0	653	//기술의목걸이
35	-1	15	13	0	0	0	0	0	0	0	0	2000	//인페르노법서
35	-1	15	23	0	0	0	0	0	0	0	0	2000	//버서커양피지
35	-1	12	14	0	0	0	0	0	0	0	0	2000	//스웰라이프구슬
35	-1	12	17	0	0	0	0	0	0	0	0	2000	//관통구슬
35	-1	15	21	0	0	0	0	0	0	0	0	2000	//라이트닝쇼크양피지
35	-1	15	30	0	0	0	0	0	0	0	0	2000	//체인드라이브양피지
35	-1	15	32	0	0	0	0	0	0	0	0	2000	//드래곤로어양피지
35	-1	12	19	0	0	0	0	0	0	0	0	2000	//블로우구슬
35	-1	12	12	0	0	0	0	0	0	0	0	2000	//분노의일격구슬
35	-1	15	34	0	0	0	0	0	0	0	0	2000	//적방어력무시양피지
35	-1	15	31	0	0	0	0	0	0	0	0	2000	//다크사이드양피지
35	-1	15	33	0	0	0	0	0	0	0	0	2000	//드래곤슬레셔양피지
35	-1	14	40	0	0	0	0	0	0	0	0	100	//큰복합물약
35	-1	14	176	0	0	0	0	0	0	0	0	2500	//데쓰킹의 뼈
//데쓰고르곤 엑설런트													
35	-1	1	4	0	0	0	0	2	0	1	0	2	//요정도끼
35	-1	1	5	0	0	0	0	2	0	1	0	2	//전투도끼
35	-1	1	6	0	0	0	0	2	0	1	0	2	//니케아도끼
35	-1	1	8	0	0	0	0	2	0	1	0	10	//반월도끼
35	-1	2	2	0	0	0	0	2	0	1	0	2	//철퇴
35	-1	2	3	0	0	0	0	2	0	1	0	2	//그레이트해머
35	-1	4	3	0	0	0	0	2	0	1	0	2	//전투활
35	-1	4	11	0	0	0	0	2	0	1	0	2	//빛의석궁
35	-1	0	7	0	0	0	0	2	0	1	0	2	//펄션
35	-1	0	8	0	0	0	0	2	0	1	0	2	//서펜트볼그
35	-1	0	9	0	0	0	0	2	0	1	0	2	//샐러멘더검
35	-1	0	5	0	0	0	0	2	0	1	0	2	//블레이드
35	-1	3	1	0	0	0	0	2	0	1	0	2	//창
35	-1	3	3	0	0	0	0	2	0	1	0	2	//큰삼지창
35	-1	3	7	0	0	0	0	2	0	1	0	2	//버디슈
35	-1	3	17	0	0	0	0	2	0	1	0	2	//프릭클랜스
35	-1	5	2	0	0	0	0	2	0	1	0	2	//독사지팡이
35	-1	5	14	0	0	0	0	2	0	1	0	2	//미스터리스틱
35	-1	6	3	0	0	0	0	2	0	1	0	2	//요정방패
35	-1	6	9	0	0	0	0	2	0	1	0	2	//철판방패
35	-1	6	7	0	0	0	0	2	0	1	0	2	//스파이크방패
35	-1	6	5	0	0	0	0	2	0	1	0	2	//드래곤슬레이어방패
35	-1	8	91	0	0	0	0	2	0	1	0	2	//로우버스트갑옷
35	-1	9	91	0	0	0	0	2	0	1	0	2	//로우버스트바지
35	-1	8	4	0	0	0	0	2	0	1	0	3	//뼈갑옷
35	-1	7	6	0	0	0	0	2	0	1	0	3	//비늘헬멧
35	-1	8	6	0	0	0	0	2	0	1	0	3	//비늘갑옷
35	-1	10	6	0	0	0	0	2	0	1	0	3	//비늘장갑
35	-1	9	6	0	0	0	0	2	0	1	0	3	//비늘바지
35	-1	11	6	0	0	0	0	2	0	1	0	3	//비늘부츠
35	-1	7	39	0	0	0	0	2	0	1	0	2	//바이올렌윈드헬멧
35	-1	8	39	0	0	0	0	2	0	1	0	2	//바이올렌윈드갑옷
35	-1	10	39	0	0	0	0	2	0	1	0	2	//바이올렌윈드장갑
35	-1	9	39	0	0	0	0	2	0	1	0	2	//바이올렌윈드바지
35	-1	11	39	0	0	0	0	2	0	1	0	2	//바이올렌윈드부츠
35	-1	7	12	0	0	0	0	2	0	1	0	3	//바람의헬멧
35	-1	8	12	0	0	0	0	2	0	1	0	3	//바람의갑옷
35	-1	10	12	0	0	0	0	2	0	1	0	3	//바람의장갑
35	-1	9	12	0	0	0	0	2	0	1	0	3	//바람의바지
35	-1	11	12	0	0	0	0	2	0	1	0	3	//바람의부츠
35	-1	7	7	0	0	0	0	2	0	1	0	3	//스핑크스마스크
35	-1	8	7	0	0	0	0	2	0	1	0	3	//스핑크스갑옷
35	-1	10	7	0	0	0	0	2	0	1	0	3	//스핑크스장갑
35	-1	9	7	0	0	0	0	2	0	1	0	3	//스핑크스바지
35	-1	11	7	0	0	0	0	2	0	1	0	3	//스핑크스부츠
35	-1	7	8	0	0	0	0	2	0	1	0	3	//황동헬멧
35	-1	8	8	0	0	0	0	2	0	1	0	3	//황동갑옷
35	-1	10	8	0	0	0	0	2	0	1	0	3	//황동장갑
35	-1	9	8	0	0	0	0	2	0	1	0	3	//황동바지
35	-1	11	8	0	0	0	0	2	0	1	0	3	//황동부츠
35	-1	10	13	0	0	0	0	2	0	1	0	3	//정령장갑
35	-1	13	12	0	0	0	0	0	2	1	0	1	//번개의목걸이
35	-1	13	13	0	0	0	0	0	2	1	0	1	//불의목걸이
35	-1	13	25	0	0	0	0	0	2	1	0	1	//얼음의목걸이
35	-1	13	26	0	0	0	0	0	2	1	0	1	//바람의목걸이
35	-1	13	27	0	0	0	0	0	2	1	0	1	//물의목걸이
35	-1	13	28	0	0	0	0	0	2	1	0	1	//기술의목걸이
35	-1	13	8	0	0	0	0	0	2	1	0	1	//얼음의반지
35	-1	13	9	0	0	0	0	0	2	1	0	1	//독의반지
35	-1	13	21	0	0	0	0	0	2	1	0	1	//불의반지
35	-1	13	22	0	0	0	0	0	2	1	0	1	//땅의반지
35	-1	13	23	0	0	0	0	0	2	1	0	1	//바람의반지
35	-1	13	24	0	0	0	0	0	2	1	0	1	//마법의반지
//발록													
//발록 엑설런트													
38	-1	1	6	0	0	0	0	2	0	1	0	10146	//니케아도끼
38	-1	1	7	0	0	0	0	2	0	1	0	10146	//라르칸도끼
38	-1	2	3	0	0	0	0	2	0	1	0	10146	//그레이트해머
38	-1	4	4	0	0	0	0	2	0	1	0	10146	//타이거보우
38	-1	4	12	0	0	0	0	2	0	1	0	10146	//서펜트석궁
38	-1	4	5	0	0	0	0	2	0	1	0	10146	//실버보우
38	-1	0	11	0	0	0	0	2	0	1	0	10146	//전설의검
38	-1	0	13	0	0	0	0	2	0	1	0	10146	//더블블레이드
38	-1	0	32	0	0	0	0	2	0	1	0	3500	//세크리드글러브
38	-1	3	7	0	0	0	0	2	0	1	0	10146	//버디슈
38	-1	3	0	0	0	0	0	2	0	1	0	10146	//광선봉
38	-1	3	4	0	0	0	0	2	0	1	0	10146	//서펜트스피어
38	-1	3	14	0	0	0	0	2	0	1	0	10146	//콘모시온랜스
38	-1	3	9	0	0	0	0	2	0	1	0	5000	//발록의낫
38	-1	5	5	0	0	0	0	2	0	1	0	10146	//전설의지팡이
38	-1	5	21	0	0	0	0	2	0	1	0	10146	//사아무트의서
38	-1	5	17	0	0	0	0	2	0	1	0	10146	//에이션트스틱
38	-1	2	9	0	0	0	0	2	0	1	0	10146	//마스터셉터
38	-1	6	5	0	0	0	0	2	0	1	0	10146	//드래곤슬레이어방패
38	-1	6	31	0	0	0	0	2	0	1	0	10146	//알라크란실드
38	-1	6	11	0	0	0	0	2	0	1	0	10146	//서펜트방패
38	-1	6	14	0	0	0	0	2	0	1	0	10146	//전설의방패
38	-1	6	12	0	0	0	0	2	0	1	0	10146	//브론즈방패
38	-1	6	13	0	0	0	0	2	0	1	0	10146	//드라곤방패
38	-1	7	1	0	0	0	0	2	0	1	0	10146	//드라곤투구
38	-1	8	1	0	0	0	0	2	0	1	0	10146	//드라곤갑옷
38	-1	10	1	0	0	0	0	2	0	1	0	10146	//드라곤장갑
38	-1	9	1	0	0	0	0	2	0	1	0	10146	//드라곤바지
38	-1	11	1	0	0	0	0	2	0	1	0	10146	//드라곤부츠
38	-1	7	41	0	0	0	0	2	0	1	0	10146	//에이션트헬멧
38	-1	10	41	0	0	0	0	2	0	1	0	10146	//에이션트장갑
38	-1	8	41	0	0	0	0	2	0	1	0	10146	//에이션트갑옷
38	-1	9	41	0	0	0	0	2	0	1	0	10146	//에이션트바지
38	-1	11	41	0	0	0	0	2	0	1	0	10146	//에이션트부츠
38	-1	7	3	0	0	0	0	2	0	1	0	10146	//전설의헬멧
38	-1	8	3	0	0	0	0	2	0	1	0	10146	//전설의갑옷
38	-1	10	3	0	0	0	0	2	0	1	0	10146	//전설의장갑
38	-1	9	3	0	0	0	0	2	0	1	0	10146	//전설의바지
38	-1	11	3	0	0	0	0	2	0	1	0	10146	//전설의부츠
38	-1	7	14	0	0	0	0	2	0	1	0	10146	//수호헬멧
38	-1	8	14	0	0	0	0	2	0	1	0	10146	//수호갑옷
38	-1	10	14	0	0	0	0	2	0	1	0	10146	//수호장갑
38	-1	9	14	0	0	0	0	2	0	1	0	10146	//수호바지
38	-1	11	14	0	0	0	0	2	0	1	0	10146	//수호부츠
38	-1	7	92	0	0	0	0	2	0	1	0	10146	//그루힐헬멧
38	-1	8	92	0	0	0	0	2	0	1	0	10146	//그루힐갑옷
38	-1	10	92	0	0	0	0	2	0	1	0	10146	//그루힐장갑
38	-1	9	92	0	0	0	0	2	0	1	0	10146	//그루힐바지
38	-1	11	92	0	0	0	0	2	0	1	0	10146	//그루힐부츠
38	-1	7	59	0	0	0	0	2	0	1	0	3500	//세크리드파이어투구
38	-1	8	59	0	0	0	0	2	0	1	0	3500	//세크리드파이어갑옷
38	-1	9	59	0	0	0	0	2	0	1	0	3500	//세크리드파이어바지
38	-1	11	59	0	0	0	0	2	0	1	0	3500	//세크리드파이어부츠
38	-1	13	12	0	0	0	0	0	2	1	0	50	//번개의목걸이
38	-1	13	13	0	0	0	0	0	2	1	0	50	//불의목걸이
38	-1	13	25	0	0	0	0	0	2	1	0	50	//얼음의목걸이
38	-1	13	26	0	0	0	0	0	2	1	0	50	//바람의목걸이
38	-1	13	27	0	0	0	0	0	2	1	0	50	//물의목걸이
38	-1	13	28	0	0	0	0	0	2	1	0	50	//기술의목걸이
38	-1	13	8	0	0	0	0	0	2	1	0	50	//얼음의반지
38	-1	13	9	0	0	0	0	0	2	1	0	50	//독의반지
38	-1	13	21	0	0	0	0	0	2	1	0	50	//불의반지
38	-1	13	22	0	0	0	0	0	2	1	0	50	//땅의반지
38	-1	13	23	0	0	0	0	0	2	1	0	50	//바람의반지
38	-1	13	24	0	0	0	0	0	2	1	0	50	//마법의반지
//데쓰킹													
55	-1	14	176	0	0	0	0	0	0	0	0	2500	//데쓰킹의 뼈
//데쓰킹 엑설런트													
55	-1	4	32	0	0	0	0	2	0	1	0	9233	//전투화살통
55	-1	2	7	0	0	0	0	2	0	1	0	9233	//엘리멘탈메이스
55	-1	4	16	0	0	0	0	2	0	1	0	9233	//세인트크로스석궁
55	-1	4	17	0	0	0	0	2	0	1	0	9233	//홀리사이트보우
55	-1	0	16	0	0	0	0	2	0	1	0	3500	//파괴의검
55	-1	0	17	0	0	0	0	2	0	1	0	9233	//다크브레이커
55	-1	0	18	0	0	0	0	2	0	1	0	9233	//선더블레이드
55	-1	3	15	0	0	0	0	2	0	1	0	9233	//플루마랜스
55	-1	3	16	0	0	0	0	2	0	1	0	9233	//비스랜스
55	-1	5	8	0	0	0	0	2	0	1	0	9233	//파멸의지팡이
55	-1	2	11	0	0	0	0	2	0	1	0	9233	//로드셉터
55	-1	6	16	0	0	0	0	2	0	1	0	9233	//엘리멘탈방패
55	-1	6	30	0	0	0	0	2	0	1	0	9233	//플루마실드
55	-1	6	32	0	0	0	0	2	0	1	0	9233	//비스실드
55	-1	6	15	0	0	0	0	2	0	1	0	9233	//그랜드소울방패
55	-1	7	16	0	0	0	0	2	0	1	0	9233	//블랙드라곤투구
55	-1	8	16	0	0	0	0	2	0	1	0	9233	//블랙드라곤갑옷
55	-1	10	16	0	0	0	0	2	0	1	0	9233	//블랙드라곤장갑
55	-1	9	16	0	0	0	0	2	0	1	0	9233	//블랙드라곤바지
55	-1	11	16	0	0	0	0	2	0	1	0	9233	//블랙드라곤부츠
55	-1	7	18	0	0	0	0	2	0	1	0	9233	//그랜드소울헬멧
55	-1	8	18	0	0	0	0	2	0	1	0	9233	//그랜드소울갑옷
55	-1	10	18	0	0	0	0	2	0	1	0	9233	//그랜드소울장갑
55	-1	9	18	0	0	0	0	2	0	1	0	9233	//그랜드소울바지
55	-1	11	18	0	0	0	0	2	0	1	0	9233	//그랜드소울부츠
55	-1	7	19	0	0	0	0	2	0	1	0	9233	//홀리스프릿헬멧
55	-1	8	19	0	0	0	0	2	0	1	0	9233	//홀리스프릿갑옷
55	-1	10	19	0	0	0	0	2	0	1	0	9233	//홀리스프릿장갑
55	-1	9	19	0	0	0	0	2	0	1	0	9233	//홀리스프릿바지
55	-1	11	19	0	0	0	0	2	0	1	0	9233	//홀리스프릿부츠
55	-1	7	27	0	0	0	0	2	0	1	0	9233	//다크브리즌헬멧
55	-1	8	27	0	0	0	0	2	0	1	0	9233	//다크브리즌갑옷
55	-1	10	27	0	0	0	0	2	0	1	0	9233	//다크브리즌장갑
55	-1	9	27	0	0	0	0	2	0	1	0	9233	//다크브리즌바지
55	-1	11	27	0	0	0	0	2	0	1	0	9233	//다크브리즌부츠
55	-1	8	37	0	0	0	0	2	0	1	0	9233	//발리언트갑옷
55	-1	10	37	0	0	0	0	2	0	1	0	9233	//발리언트장갑
55	-1	9	37	0	0	0	0	2	0	1	0	9233	//발리언트바지
55	-1	11	37	0	0	0	0	2	0	1	0	9233	//발리언트부츠
55	-1	7	61	0	0	0	0	2	0	1	0	9233	//피어싱그로브투구
55	-1	8	61	0	0	0	0	2	0	1	0	9233	//피어싱그로브갑옷
55	-1	9	61	0	0	0	0	2	0	1	0	9233	//피어싱그로브바지
55	-1	11	61	0	0	0	0	2	0	1	0	9233	//피어싱그로브부츠
55	-1	7	95	0	0	0	0	2	0	1	0	9233	//세이트헬멧
55	-1	8	95	0	0	0	0	2	0	1	0	9233	//세이트갑옷
55	-1	10	95	0	0	0	0	2	0	1	0	9233	//세이트장갑
55	-1	9	95	0	0	0	0	2	0	1	0	9233	//세이트바지
55	-1	11	95	0	0	0	0	2	0	1	0	9233	//세이트부츠
55	-1	7	94	0	0	0	0	2	0	1	0	9233	//히라트헬멧
55	-1	8	94	0	0	0	0	2	0	1	0	9233	//히라트갑옷
55	-1	10	94	0	0	0	0	2	0	1	0	9233	//히라트장갑
55	-1	9	94	0	0	0	0	2	0	1	0	9233	//히라트바지
55	-1	11	94	0	0	0	0	2	0	1	0	9233	//히라트부츠
55	-1	13	12	0	0	0	0	0	2	1	0	50	//번개의목걸이
55	-1	13	13	0	0	0	0	0	2	1	0	50	//불의목걸이
55	-1	13	25	0	0	0	0	0	2	1	0	50	//얼음의목걸이
55	-1	13	26	0	0	0	0	0	2	1	0	50	//바람의목걸이
55	-1	13	27	0	0	0	0	0	2	1	0	50	//물의목걸이
55	-1	13	28	0	0	0	0	0	2	1	0	50	//기술의목걸이
55	-1	13	8	0	0	0	0	0	2	1	0	50	//얼음의반지
55	-1	13	9	0	0	0	0	0	2	1	0	50	//독의반지
55	-1	13	21	0	0	0	0	0	2	1	0	50	//불의반지
55	-1	13	22	0	0	0	0	0	2	1	0	50	//땅의반지
55	-1	13	23	0	0	0	0	0	2	1	0	50	//바람의반지
55	-1	13	24	0	0	0	0	0	2	1	0	50	//마법의반지
end													
