//////////////////////////////////////////////////////////////////////////////////////												
// [데비아스]	EachMonsterBag2											
// [ Start  ] 	2015-03-20											
// [ Latest ]	2015-03-20 17:26											
// [ Author ]	박혜진											
// [ Version ]	0.0.0.1											
// [ Text ]												
// [ Desc ]	맵에 출현하는 몬스터 별로 드롭하는 아이템 리스트를 작성하는 스크립트											
//////////////////////////////////////////////////////////////////////////////////////												
												
//사냥 마리 수	32400											
												
//몬스터 인덱스	속성	아이템 타입	아이템 인덱스	최소레벨	최대레벨	개수	스킬	행운	추가옵션	엑설런트 	속성 아이템	확률 (1/1000000)
//웜 20												
24	-1	1	2	0	0	0	2	2	0	0	0	4802
24	-1	1	3	0	0	0	2	2	0	0	0	4802
24	-1	2	0	0	0	0	2	2	0	0	0	4802
24	-1	2	1	0	0	0	2	2	0	0	0	4802
24	-1	4	0	0	0	0	2	2	0	0	0	4802
24	-1	4	8	0	0	0	2	2	0	0	0	4802
24	-1	4	1	0	0	0	2	2	0	0	0	4802
24	-1	4	9	0	0	0	2	2	0	0	0	4802
24	-1	4	2	0	0	0	2	2	0	0	0	4802
24	-1	4	10	0	0	0	2	2	0	0	0	4802
24	-1	0	1	0	0	0	2	2	0	0	0	4802
24	-1	0	0	0	0	0	2	2	0	0	0	4802
24	-1	0	2	0	0	0	2	2	0	0	0	4802
24	-1	0	4	0	0	0	2	2	0	0	0	4802
24	-1	0	3	0	0	0	2	2	0	0	0	4802
24	-1	0	6	0	0	0	2	2	0	0	0	4802
24	-1	3	2	0	0	0	2	2	0	0	0	4802
24	-1	3	13	0	0	0	2	2	0	0	0	4802
24	-1	3	5	0	0	0	2	2	0	0	0	4802
24	-1	3	6	0	0	0	2	2	0	0	0	4802
24	-1	5	0	0	0	0	2	2	0	0	0	4802
24	-1	5	1	0	0	0	2	2	0	0	0	4802
24	-1	6	0	0	0	0	2	2	0	0	0	4802
24	-1	6	4	0	0	0	2	2	0	0	0	4802
24	-1	6	1	0	0	0	2	2	0	0	0	4802
24	-1	6	2	0	0	0	2	2	0	0	0	4802
24	-1	6	29	0	0	0	2	2	0	0	0	4802
24	-1	6	6	0	0	0	2	2	0	0	0	4802
24	-1	6	10	0	0	0	2	2	0	0	0	4802
24	-1	7	2	0	0	0	0	2	0	0	0	4802
24	-1	8	2	0	0	0	0	2	0	0	0	4802
24	-1	10	2	0	0	0	0	2	0	0	0	4802
24	-1	9	2	0	0	0	0	2	0	0	0	4802
24	-1	11	2	0	0	0	0	2	0	0	0	4802
24	-1	7	5	0	0	0	0	2	0	0	0	4802
24	-1	8	5	0	0	0	0	2	0	0	0	4802
24	-1	10	5	0	0	0	0	2	0	0	0	4802
24	-1	9	5	0	0	0	0	2	0	0	0	4802
24	-1	11	5	0	0	0	0	2	0	0	0	4802
24	-1	7	10	0	0	0	0	2	0	0	0	4802
24	-1	8	10	0	0	0	0	2	0	0	0	4802
24	-1	10	10	0	0	0	0	2	0	0	0	4802
24	-1	9	10	0	0	0	0	2	0	0	0	4802
24	-1	11	10	0	0	0	0	2	0	0	0	4802
24	-1	7	0	0	0	0	0	2	0	0	0	4802
24	-1	8	0	0	0	0	0	2	0	0	0	4802
24	-1	10	0	0	0	0	0	2	0	0	0	4802
24	-1	9	0	0	0	0	0	2	0	0	0	4802
24	-1	11	0	0	0	0	0	2	0	0	0	4802
24	-1	7	91	0	0	0	0	2	0	0	0	4802
24	-1	10	91	0	0	0	0	2	0	0	0	4802
24	-1	11	91	0	0	0	0	2	0	0	0	4802
24	-1	7	4	0	0	0	0	2	0	0	0	4802
24	-1	10	4	0	0	0	0	2	0	0	0	4802
24	-1	9	4	0	0	0	0	2	0	0	0	4802
24	-1	11	4	0	0	0	0	2	0	0	0	4802
24	-1	7	11	0	0	0	0	2	0	0	0	4802
24	-1	8	11	0	0	0	0	2	0	0	0	4802
24	-1	10	11	0	0	0	0	2	0	0	0	4802
24	-1	9	11	0	0	0	0	2	0	0	0	4802
24	-1	11	11	0	0	0	0	2	0	0	0	4802
24	-1	13	13	0	0	0	0	0	2	0	0	4802
24	-1	13	9	0	0	0	0	0	2	0	0	4802
24	-1	13	8	0	0	0	0	0	2	0	0	4802
24	-1	15	0	0	0	0	0	0	0	0	0	5000
24	-1	15	20	0	0	0	0	0	0	0	0	5000
24	-1	12	272	0	0	0	0	0	0	0	0	5000
24	-1	15	4	0	0	0	0	0	0	0	0	5000
24	-1	12	13	0	0	0	0	0	0	0	0	5000
24	-1	12	35	0	0	0	0	0	0	0	0	5000
24	-1	15	7	0	0	0	0	0	0	0	0	5000
24	-1	15	24	0	0	0	0	0	0	0	0	5000
24	-1	15	8	0	0	0	0	0	0	0	0	5000
24	-1	15	19	0	0	0	0	0	0	0	0	5000
24	-1	15	9	0	0	0	0	0	0	0	0	5000
24	-1	12	276	0	0	0	0	0	0	0	0	5000
24	-1	12	23	0	0	0	0	0	0	0	0	5000
24	-1	15	36	0	0	0	0	0	0	0	0	5000
24	-1	15	11	0	0	0	0	0	0	0	0	5000
24	-1	12	24	0	0	0	0	0	0	0	0	5000
24	-1	15	22	0	0	0	0	0	0	0	0	5000
24	-1	15	15	0	0	0	0	0	0	0	0	5000
24	-1	12	22	0	0	0	0	0	0	0	0	5000
24	-1	12	7	0	0	0	0	0	0	0	0	5000
24	-1	12	16	0	0	0	0	0	0	0	0	5000
24	-1	12	273	0	0	0	0	0	0	0	0	5000
24	-1	15	12	0	0	0	0	0	0	0	0	5000
24	-1	15	35	0	0	0	0	0	0	0	0	5000
24	-1	14	1	0	0	0	0	0	0	0	0	20000
24	-1	14	2	0	0	0	0	0	0	0	0	20000
24	-1	14	4	0	0	0	0	0	0	0	0	20000
24	-1	14	5	0	0	0	0	0	0	0	0	20000
24	-1	14	38	0	0	0	0	0	0	0	0	20000
24	-1	14	8	0	0	0	0	0	0	0	0	20000
24	-1	14	9	0	0	0	0	0	0	0	0	20000
24	-1	14	10	0	0	0	0	0	0	0	0	20000
24	-1	13	1	0	0	0	0	0	0	0	0	10000
24	-1	13	0	0	0	0	0	0	0	0	0	10000
24	-1	13	2	0	0	0	0	0	0	0	0	20000
//얼음괴물												
22	-1	1	1	0	0	0	2	2	0	0	0	4267
22	-1	1	2	0	0	0	2	2	0	0	0	4267
22	-1	1	3	0	0	0	2	2	0	0	0	4267
22	-1	2	0	0	0	0	2	2	0	0	0	4267
22	-1	2	1	0	0	0	2	2	0	0	0	4267
22	-1	2	2	0	0	0	2	2	0	0	0	4267
22	-1	4	8	0	0	0	2	2	0	0	0	4267
22	-1	4	1	0	0	0	2	2	0	0	0	4267
22	-1	4	9	0	0	0	2	2	0	0	0	4267
22	-1	4	2	0	0	0	2	2	0	0	0	4267
22	-1	4	10	0	0	0	2	2	0	0	0	4267
22	-1	0	0	0	0	0	2	2	0	0	0	4267
22	-1	0	2	0	0	0	2	2	0	0	0	4267
22	-1	0	4	0	0	0	2	2	0	0	0	4267
22	-1	0	3	0	0	0	2	2	0	0	0	4267
22	-1	0	6	0	0	0	2	2	0	0	0	4267
22	-1	3	2	0	0	0	2	2	0	0	0	4267
22	-1	3	13	0	0	0	2	2	0	0	0	4267
22	-1	3	17	0	0	0	2	2	0	0	0	4267
22	-1	3	5	0	0	0	2	2	0	0	0	4267
22	-1	3	6	0	0	0	2	2	0	0	0	4267
22	-1	5	0	0	0	0	2	2	0	0	0	4267
22	-1	5	1	0	0	0	2	2	0	0	0	4267
22	-1	6	4	0	0	0	2	2	0	0	0	4267
22	-1	6	1	0	0	0	2	2	0	0	0	4267
22	-1	6	2	0	0	0	2	2	0	0	0	4267
22	-1	6	29	0	0	0	2	2	0	0	0	4267
22	-1	6	6	0	0	0	2	2	0	0	0	4267
22	-1	6	10	0	0	0	2	2	0	0	0	4267
22	-1	6	3	0	0	0	2	2	0	0	0	4267
22	-1	7	2	0	0	0	0	2	0	0	0	4267
22	-1	8	2	0	0	0	0	2	0	0	0	4267
22	-1	9	2	0	0	0	0	2	0	0	0	4267
22	-1	11	2	0	0	0	0	2	0	0	0	4267
22	-1	7	5	0	0	0	0	2	0	0	0	4267
22	-1	8	5	0	0	0	0	2	0	0	0	4267
22	-1	10	5	0	0	0	0	2	0	0	0	4267
22	-1	9	5	0	0	0	0	2	0	0	0	4267
22	-1	11	5	0	0	0	0	2	0	0	0	4267
22	-1	7	10	0	0	0	0	2	0	0	0	4267
22	-1	8	10	0	0	0	0	2	0	0	0	4267
22	-1	10	10	0	0	0	0	2	0	0	0	4267
22	-1	9	10	0	0	0	0	2	0	0	0	4267
22	-1	11	10	0	0	0	0	2	0	0	0	4267
22	-1	7	0	0	0	0	0	2	0	0	0	4267
22	-1	8	0	0	0	0	0	2	0	0	0	4267
22	-1	10	0	0	0	0	0	2	0	0	0	4267
22	-1	9	0	0	0	0	0	2	0	0	0	4267
22	-1	11	0	0	0	0	0	2	0	0	0	4267
22	-1	7	91	0	0	0	0	2	0	0	0	4267
22	-1	10	91	0	0	0	0	2	0	0	0	4267
22	-1	11	91	0	0	0	0	2	0	0	0	4267
22	-1	7	4	0	0	0	0	2	0	0	0	4267
22	-1	8	4	0	0	0	0	2	0	0	0	4267
22	-1	10	4	0	0	0	0	2	0	0	0	4267
22	-1	9	4	0	0	0	0	2	0	0	0	4267
22	-1	11	4	0	0	0	0	2	0	0	0	4267
22	-1	7	11	0	0	0	0	2	0	0	0	4267
22	-1	8	11	0	0	0	0	2	0	0	0	4267
22	-1	10	11	0	0	0	0	2	0	0	0	4267
22	-1	9	11	0	0	0	0	2	0	0	0	4267
22	-1	11	11	0	0	0	0	2	0	0	0	4267
22	-1	10	6	0	0	0	0	2	0	0	0	4267
22	-1	11	6	0	0	0	0	2	0	0	0	4267
22	-1	13	13	0	0	0	0	0	2	0	0	4267
22	-1	13	9	0	0	0	0	0	2	0	0	4267
22	-1	13	8	0	0	0	0	0	2	0	0	4267
22	-1	13	12	0	0	0	0	0	2	0	0	4267
22	-1	15	0	0	0	0	0	0	0	0	0	5000
22	-1	15	20	0	0	0	0	0	0	0	0	5000
22	-1	12	272	0	0	0	0	0	0	0	0	5000
22	-1	15	4	0	0	0	0	0	0	0	0	5000
22	-1	12	13	0	0	0	0	0	0	0	0	5000
22	-1	12	35	0	0	0	0	0	0	0	0	5000
22	-1	15	7	0	0	0	0	0	0	0	0	5000
22	-1	15	24	0	0	0	0	0	0	0	0	5000
22	-1	15	8	0	0	0	0	0	0	0	0	5000
22	-1	15	19	0	0	0	0	0	0	0	0	5000
22	-1	15	9	0	0	0	0	0	0	0	0	5000
22	-1	12	276	0	0	0	0	0	0	0	0	5000
22	-1	12	23	0	0	0	0	0	0	0	0	5000
22	-1	15	36	0	0	0	0	0	0	0	0	5000
22	-1	15	11	0	0	0	0	0	0	0	0	5000
22	-1	12	24	0	0	0	0	0	0	0	0	5000
22	-1	15	22	0	0	0	0	0	0	0	0	5000
22	-1	15	15	0	0	0	0	0	0	0	0	5000
22	-1	12	22	0	0	0	0	0	0	0	0	5000
22	-1	12	7	0	0	0	0	0	0	0	0	5000
22	-1	12	16	0	0	0	0	0	0	0	0	5000
22	-1	12	273	0	0	0	0	0	0	0	0	5000
22	-1	15	12	0	0	0	0	0	0	0	0	5000
22	-1	15	35	0	0	0	0	0	0	0	0	5000
22	-1	14	1	0	0	0	0	0	0	0	0	20000
22	-1	14	2	0	0	0	0	0	0	0	0	20000
22	-1	14	4	0	0	0	0	0	0	0	0	20000
22	-1	14	5	0	0	0	0	0	0	0	0	20000
22	-1	14	38	0	0	0	0	0	0	0	0	20000
22	-1	14	8	0	0	0	0	0	0	0	0	20000
22	-1	14	9	0	0	0	0	0	0	0	0	20000
22	-1	14	10	0	0	0	0	0	0	0	0	20000
22	-1	13	1	0	0	0	0	0	0	0	0	10000
22	-1	13	0	0	0	0	0	0	0	0	0	10000
22	-1	13	2	0	0	0	0	0	0	0	0	20000
//호머드												
23	-1	1	2	0	0	0	2	2	0	0	0	4547
23	-1	1	3	0	0	0	2	2	0	0	0	4547
23	-1	2	0	0	0	0	2	2	0	0	0	4547
23	-1	2	1	0	0	0	2	2	0	0	0	4547
23	-1	2	2	0	0	0	2	2	0	0	0	4547
23	-1	4	1	0	0	0	2	2	0	0	0	4547
23	-1	4	9	0	0	0	2	2	0	0	0	4547
23	-1	4	2	0	0	0	2	2	0	0	0	4547
23	-1	4	10	0	0	0	2	2	0	0	0	4547
23	-1	0	0	0	0	0	2	2	0	0	0	4547
23	-1	0	2	0	0	0	2	2	0	0	0	4547
23	-1	0	4	0	0	0	2	2	0	0	0	4547
23	-1	0	3	0	0	0	2	2	0	0	0	4547
23	-1	0	6	0	0	0	2	2	0	0	0	4547
23	-1	0	7	0	0	0	2	2	0	0	0	4547
23	-1	3	2	0	0	0	2	2	0	0	0	4547
23	-1	3	13	0	0	0	2	2	0	0	0	4547
23	-1	3	17	0	0	0	2	2	0	0	0	4547
23	-1	3	5	0	0	0	2	2	0	0	0	4547
23	-1	3	6	0	0	0	2	2	0	0	0	4547
23	-1	3	1	0	0	0	2	2	0	0	0	4547
23	-1	5	0	0	0	0	2	2	0	0	0	4547
23	-1	5	1	0	0	0	2	2	0	0	0	4547
23	-1	6	4	0	0	0	2	2	0	0	0	4547
23	-1	6	1	0	0	0	2	2	0	0	0	4547
23	-1	6	2	0	0	0	2	2	0	0	0	4547
23	-1	6	29	0	0	0	2	2	0	0	0	4547
23	-1	6	6	0	0	0	2	2	0	0	0	4547
23	-1	6	10	0	0	0	2	2	0	0	0	4547
23	-1	6	3	0	0	0	2	2	0	0	0	4547
23	-1	8	2	0	0	0	0	2	0	0	0	4547
23	-1	9	2	0	0	0	0	2	0	0	0	4547
23	-1	7	5	0	0	0	0	2	0	0	0	4547
23	-1	8	5	0	0	0	0	2	0	0	0	4547
23	-1	9	5	0	0	0	0	2	0	0	0	4547
23	-1	7	10	0	0	0	0	2	0	0	0	4547
23	-1	8	10	0	0	0	0	2	0	0	0	4547
23	-1	9	10	0	0	0	0	2	0	0	0	4547
23	-1	7	0	0	0	0	0	2	0	0	0	4547
23	-1	8	0	0	0	0	0	2	0	0	0	4547
23	-1	10	0	0	0	0	0	2	0	0	0	4547
23	-1	9	0	0	0	0	0	2	0	0	0	4547
23	-1	11	0	0	0	0	0	2	0	0	0	4547
23	-1	7	91	0	0	0	0	2	0	0	0	4547
23	-1	10	91	0	0	0	0	2	0	0	0	4547
23	-1	9	91	0	0	0	0	2	0	0	0	4547
23	-1	11	91	0	0	0	0	2	0	0	0	4547
23	-1	7	4	0	0	0	0	2	0	0	0	4547
23	-1	8	4	0	0	0	0	2	0	0	0	4547
23	-1	10	4	0	0	0	0	2	0	0	0	4547
23	-1	9	4	0	0	0	0	2	0	0	0	4547
23	-1	11	4	0	0	0	0	2	0	0	0	4547
23	-1	7	11	0	0	0	0	2	0	0	0	4547
23	-1	8	11	0	0	0	0	2	0	0	0	4547
23	-1	10	11	0	0	0	0	2	0	0	0	4547
23	-1	9	11	0	0	0	0	2	0	0	0	4547
23	-1	11	11	0	0	0	0	2	0	0	0	4547
23	-1	10	6	0	0	0	0	2	0	0	0	4547
23	-1	11	6	0	0	0	0	2	0	0	0	4547
23	-1	10	39	0	0	0	0	2	0	0	0	4547
23	-1	13	13	0	0	0	0	0	2	0	0	4547
23	-1	13	9	0	0	0	0	0	2	0	0	4547
23	-1	13	8	0	0	0	0	0	2	0	0	4547
23	-1	13	12	0	0	0	0	0	2	0	0	4547
23	-1	15	0	0	0	0	0	0	0	0	0	5000
23	-1	15	20	0	0	0	0	0	0	0	0	5000
23	-1	12	272	0	0	0	0	0	0	0	0	5000
23	-1	15	4	0	0	0	0	0	0	0	0	5000
23	-1	12	13	0	0	0	0	0	0	0	0	5000
23	-1	12	35	0	0	0	0	0	0	0	0	5000
23	-1	15	7	0	0	0	0	0	0	0	0	5000
23	-1	15	24	0	0	0	0	0	0	0	0	5000
23	-1	15	8	0	0	0	0	0	0	0	0	5000
23	-1	15	19	0	0	0	0	0	0	0	0	5000
23	-1	15	9	0	0	0	0	0	0	0	0	5000
23	-1	12	276	0	0	0	0	0	0	0	0	5000
23	-1	12	23	0	0	0	0	0	0	0	0	5000
23	-1	15	36	0	0	0	0	0	0	0	0	5000
23	-1	15	11	0	0	0	0	0	0	0	0	5000
23	-1	12	24	0	0	0	0	0	0	0	0	5000
23	-1	15	22	0	0	0	0	0	0	0	0	5000
23	-1	15	15	0	0	0	0	0	0	0	0	5000
23	-1	12	22	0	0	0	0	0	0	0	0	5000
23	-1	12	7	0	0	0	0	0	0	0	0	5000
23	-1	12	16	0	0	0	0	0	0	0	0	5000
23	-1	12	273	0	0	0	0	0	0	0	0	5000
23	-1	15	12	0	0	0	0	0	0	0	0	5000
23	-1	15	35	0	0	0	0	0	0	0	0	5000
23	-1	14	1	0	0	0	0	0	0	0	0	20000
23	-1	14	2	0	0	0	0	0	0	0	0	20000
23	-1	14	4	0	0	0	0	0	0	0	0	20000
23	-1	14	5	0	0	0	0	0	0	0	0	20000
23	-1	14	8	0	0	0	0	0	0	0	0	20000
23	-1	14	38	0	0	0	0	0	0	0	0	20000
23	-1	14	10	0	0	0	0	0	0	0	0	20000
23	-1	13	1	0	0	0	0	0	0	0	0	10000
23	-1	13	0	0	0	0	0	0	0	0	0	10000
23	-1	13	2	0	0	0	0	0	0	0	0	20000
//호머드 엑설런트												
23	-1	6	10	0	0	0	0	2	0	1	0	100
23	-1	1	7	0	0	0	0	2	0	1	0	100
//암살자												
21	-1	1	2	0	0	0	2	2	0	0	0	4210
21	-1	1	3	0	0	0	2	2	0	0	0	4210
21	-1	1	4	0	0	0	2	2	0	0	0	4210
21	-1	2	1	0	0	0	2	2	0	0	0	4210
21	-1	2	2	0	0	0	2	2	0	0	0	4210
21	-1	4	1	0	0	0	2	2	0	0	0	4210
21	-1	4	9	0	0	0	2	2	0	0	0	4210
21	-1	4	2	0	0	0	2	2	0	0	0	4210
21	-1	4	10	0	0	0	2	2	0	0	0	4210
21	-1	4	3	0	0	0	2	2	0	0	0	4210
21	-1	0	2	0	0	0	2	2	0	0	0	4210
21	-1	0	4	0	0	0	2	2	0	0	0	4210
21	-1	0	3	0	0	0	2	2	0	0	0	4210
21	-1	0	6	0	0	0	2	2	0	0	0	4210
21	-1	0	7	0	0	0	2	2	0	0	0	4210
21	-1	3	2	0	0	0	2	2	0	0	0	4210
21	-1	3	13	0	0	0	2	2	0	0	0	4210
21	-1	3	17	0	0	0	2	2	0	0	0	4210
21	-1	3	5	0	0	0	2	2	0	0	0	4210
21	-1	3	6	0	0	0	2	2	0	0	0	4210
21	-1	3	1	0	0	0	2	2	0	0	0	4210
21	-1	5	1	0	0	0	2	2	0	0	0	4210
21	-1	6	1	0	0	0	2	2	0	0	0	4210
21	-1	6	2	0	0	0	2	2	0	0	0	4210
21	-1	6	29	0	0	0	2	2	0	0	0	4210
21	-1	6	6	0	0	0	2	2	0	0	0	4210
21	-1	6	10	0	0	0	2	2	0	0	0	4210
21	-1	6	3	0	0	0	2	2	0	0	0	4210
21	-1	6	9	0	0	0	2	2	0	0	0	4210
21	-1	8	2	0	0	0	0	2	0	0	0	4210
21	-1	9	2	0	0	0	0	2	0	0	0	4210
21	-1	8	5	0	0	0	0	2	0	0	0	4210
21	-1	9	5	0	0	0	0	2	0	0	0	4210
21	-1	8	10	0	0	0	0	2	0	0	0	4210
21	-1	9	10	0	0	0	0	2	0	0	0	4210
21	-1	7	0	0	0	0	0	2	0	0	0	4210
21	-1	8	0	0	0	0	0	2	0	0	0	4210
21	-1	10	0	0	0	0	0	2	0	0	0	4210
21	-1	9	0	0	0	0	0	2	0	0	0	4210
21	-1	11	0	0	0	0	0	2	0	0	0	4210
21	-1	7	91	0	0	0	0	2	0	0	0	4210
21	-1	10	91	0	0	0	0	2	0	0	0	4210
21	-1	9	91	0	0	0	0	2	0	0	0	4210
21	-1	11	91	0	0	0	0	2	0	0	0	4210
21	-1	7	4	0	0	0	0	2	0	0	0	4210
21	-1	8	4	0	0	0	0	2	0	0	0	4210
21	-1	10	4	0	0	0	0	2	0	0	0	4210
21	-1	9	4	0	0	0	0	2	0	0	0	4210
21	-1	11	4	0	0	0	0	2	0	0	0	4210
21	-1	7	11	0	0	0	0	2	0	0	0	4210
21	-1	8	11	0	0	0	0	2	0	0	0	4210
21	-1	10	11	0	0	0	0	2	0	0	0	4210
21	-1	9	11	0	0	0	0	2	0	0	0	4210
21	-1	11	11	0	0	0	0	2	0	0	0	4210
21	-1	7	6	0	0	0	0	2	0	0	0	4210
21	-1	10	6	0	0	0	0	2	0	0	0	4210
21	-1	9	6	0	0	0	0	2	0	0	0	4210
21	-1	11	6	0	0	0	0	2	0	0	0	4210
21	-1	10	39	0	0	0	0	2	0	0	0	4210
21	-1	11	39	0	0	0	0	2	0	0	0	4210
21	-1	10	12	0	0	0	0	2	0	0	0	4210
21	-1	13	13	0	0	0	0	0	2	0	0	4210
21	-1	13	9	0	0	0	0	0	2	0	0	4210
21	-1	13	8	0	0	0	0	0	2	0	0	4210
21	-1	13	12	0	0	0	0	0	2	0	0	4210
21	-1	15	0	0	0	0	0	0	0	0	0	5000
21	-1	15	20	0	0	0	0	0	0	0	0	5000
21	-1	12	272	0	0	0	0	0	0	0	0	5000
21	-1	15	4	0	0	0	0	0	0	0	0	5000
21	-1	12	13	0	0	0	0	0	0	0	0	5000
21	-1	12	35	0	0	0	0	0	0	0	0	5000
21	-1	15	7	0	0	0	0	0	0	0	0	5000
21	-1	15	24	0	0	0	0	0	0	0	0	5000
21	-1	15	8	0	0	0	0	0	0	0	0	5000
21	-1	15	19	0	0	0	0	0	0	0	0	5000
21	-1	15	9	0	0	0	0	0	0	0	0	5000
21	-1	12	276	0	0	0	0	0	0	0	0	5000
21	-1	12	23	0	0	0	0	0	0	0	0	5000
21	-1	15	36	0	0	0	0	0	0	0	0	5000
21	-1	15	11	0	0	0	0	0	0	0	0	5000
21	-1	12	24	0	0	0	0	0	0	0	0	5000
21	-1	15	22	0	0	0	0	0	0	0	0	5000
21	-1	15	15	0	0	0	0	0	0	0	0	5000
21	-1	12	22	0	0	0	0	0	0	0	0	5000
21	-1	12	7	0	0	0	0	0	0	0	0	5000
21	-1	12	16	0	0	0	0	0	0	0	0	5000
21	-1	12	273	0	0	0	0	0	0	0	0	5000
21	-1	15	12	0	0	0	0	0	0	0	0	5000
21	-1	15	35	0	0	0	0	0	0	0	0	5000
21	-1	14	1	0	0	0	0	0	0	0	0	20000
21	-1	14	2	0	0	0	0	0	0	0	0	20000
21	-1	14	4	0	0	0	0	0	0	0	0	20000
21	-1	14	5	0	0	0	0	0	0	0	0	20000
21	-1	14	8	0	0	0	0	0	0	0	0	20000
21	-1	14	38	0	0	0	0	0	0	0	0	20000
21	-1	14	10	0	0	0	0	0	0	0	0	20000
21	-1	13	1	0	0	0	0	0	0	0	0	10000
21	-1	13	0	0	0	0	0	0	0	0	0	10000
21	-1	13	2	0	0	0	0	0	0	0	0	20000
//암살자 엑설런트												
21	-1	1	0	0	0	0	0	2	0	1	0	30
21	-1	0	3	0	0	0	0	2	0	1	0	200
//설인												
19	-1	1	2	0	0	0	2	2	0	0	0	3806
19	-1	1	3	0	0	0	2	2	0	0	0	3806
19	-1	1	4	0	0	0	2	2	0	0	0	3806
19	-1	1	5	0	0	0	2	2	0	0	0	3806
19	-1	2	1	0	0	0	2	2	0	0	0	3806
19	-1	2	2	0	0	0	2	2	0	0	0	3806
19	-1	4	9	0	0	0	2	2	0	0	0	3806
19	-1	4	2	0	0	0	2	2	0	0	0	3806
19	-1	4	10	0	0	0	2	2	0	0	0	3806
19	-1	4	3	0	0	0	2	2	0	0	0	3806
19	-1	0	4	0	0	0	2	2	0	0	0	3806
19	-1	0	3	0	0	0	2	2	0	0	0	3806
19	-1	0	6	0	0	0	2	2	0	0	0	3806
19	-1	0	7	0	0	0	2	2	0	0	0	3806
19	-1	0	8	0	0	0	2	2	0	0	0	3806
19	-1	3	2	0	0	0	2	2	0	0	0	3806
19	-1	3	13	0	0	0	2	2	0	0	0	3806
19	-1	3	17	0	0	0	2	2	0	0	0	3806
19	-1	0	2	0	0	0	2	2	0	0	0	3806
19	-1	3	5	0	0	0	2	2	0	0	0	3806
19	-1	3	6	0	0	0	2	2	0	0	0	3806
19	-1	3	1	0	0	0	2	2	0	0	0	3806
19	-1	3	3	0	0	0	2	2	0	0	0	3806
19	-1	5	1	0	0	0	2	2	0	0	0	3806
19	-1	5	2	0	0	0	2	2	0	0	0	3806
19	-1	5	14	0	0	0	2	2	0	0	0	3806
19	-1	6	2	0	0	0	2	2	0	0	0	3806
19	-1	6	29	0	0	0	2	2	0	0	0	3806
19	-1	6	6	0	0	0	2	2	0	0	0	3806
19	-1	6	10	0	0	0	2	2	0	0	0	3806
19	-1	6	3	0	0	0	2	2	0	0	0	3806
19	-1	6	9	0	0	0	2	2	0	0	0	3806
19	-1	6	7	0	0	0	2	2	0	0	0	3806
19	-1	7	0	0	0	0	0	2	0	0	0	3806
19	-1	8	0	0	0	0	0	2	0	0	0	3806
19	-1	10	0	0	0	0	0	2	0	0	0	3806
19	-1	9	0	0	0	0	0	2	0	0	0	3806
19	-1	11	0	0	0	0	0	2	0	0	0	3806
19	-1	7	91	0	0	0	0	2	0	0	0	3806
19	-1	8	91	0	0	0	0	2	0	0	0	3806
19	-1	9	91	0	0	0	0	2	0	0	0	3806
19	-1	11	91	0	0	0	0	2	0	0	0	3806
19	-1	7	4	0	0	0	0	2	0	0	0	3806
19	-1	8	4	0	0	0	0	2	0	0	0	3806
19	-1	10	4	0	0	0	0	2	0	0	0	3806
19	-1	9	4	0	0	0	0	2	0	0	0	3806
19	-1	11	4	0	0	0	0	2	0	0	0	3806
19	-1	7	11	0	0	0	0	2	0	0	0	3806
19	-1	8	11	0	0	0	0	2	0	0	0	3806
19	-1	10	11	0	0	0	0	2	0	0	0	3806
19	-1	9	11	0	0	0	0	2	0	0	0	3806
19	-1	11	11	0	0	0	0	2	0	0	0	3806
19	-1	7	6	0	0	0	0	2	0	0	0	3806
19	-1	8	6	0	0	0	0	2	0	0	0	3806
19	-1	10	6	0	0	0	0	2	0	0	0	3806
19	-1	9	6	0	0	0	0	2	0	0	0	3806
19	-1	11	6	0	0	0	0	2	0	0	0	3806
19	-1	7	39	0	0	0	0	2	0	0	0	3806
19	-1	10	39	0	0	0	0	2	0	0	0	3806
19	-1	9	39	0	0	0	0	2	0	0	0	3806
19	-1	11	39	0	0	0	0	2	0	0	0	3806
19	-1	7	12	0	0	0	0	2	0	0	0	3806
19	-1	10	12	0	0	0	0	2	0	0	0	3806
19	-1	9	12	0	0	0	0	2	0	0	0	3806
19	-1	11	12	0	0	0	0	2	0	0	0	3806
19	-1	10	7	0	0	0	0	2	0	0	0	3806
19	-1	11	7	0	0	0	0	2	0	0	0	3806
19	-1	13	13	0	0	0	0	0	2	0	0	3806
19	-1	13	9	0	0	0	0	0	2	0	0	3806
19	-1	13	8	0	0	0	0	0	2	0	0	3806
19	-1	13	12	0	0	0	0	0	2	0	0	3806
19	-1	13	21	0	0	0	0	0	2	0	0	3806
19	-1	15	0	0	0	0	0	0	0	0	0	5000
19	-1	15	20	0	0	0	0	0	0	0	0	5000
19	-1	12	272	0	0	0	0	0	0	0	0	5000
19	-1	15	4	0	0	0	0	0	0	0	0	5000
19	-1	12	13	0	0	0	0	0	0	0	0	5000
19	-1	12	35	0	0	0	0	0	0	0	0	5000
19	-1	15	7	0	0	0	0	0	0	0	0	5000
19	-1	15	24	0	0	0	0	0	0	0	0	5000
19	-1	15	8	0	0	0	0	0	0	0	0	5000
19	-1	15	19	0	0	0	0	0	0	0	0	5000
19	-1	15	9	0	0	0	0	0	0	0	0	5000
19	-1	12	276	0	0	0	0	0	0	0	0	5000
19	-1	12	23	0	0	0	0	0	0	0	0	5000
19	-1	15	36	0	0	0	0	0	0	0	0	5000
19	-1	15	11	0	0	0	0	0	0	0	0	5000
19	-1	12	24	0	0	0	0	0	0	0	0	5000
19	-1	15	22	0	0	0	0	0	0	0	0	5000
19	-1	15	15	0	0	0	0	0	0	0	0	5000
19	-1	12	22	0	0	0	0	0	0	0	0	5000
19	-1	12	7	0	0	0	0	0	0	0	0	5000
19	-1	12	16	0	0	0	0	0	0	0	0	5000
19	-1	12	273	0	0	0	0	0	0	0	0	5000
19	-1	15	12	0	0	0	0	0	0	0	0	5000
19	-1	15	35	0	0	0	0	0	0	0	0	5000
19	-1	14	2	0	0	0	0	0	0	0	0	20000
19	-1	14	3	0	0	0	0	0	0	0	0	20000
19	-1	14	5	0	0	0	0	0	0	0	0	20000
19	-1	14	6	0	0	0	0	0	0	0	0	20000
19	-1	14	38	0	0	0	0	0	0	0	0	20000
19	-1	14	9	0	0	0	0	0	0	0	0	20000
19	-1	14	10	0	0	0	0	0	0	0	0	20000
19	-1	13	1	0	0	0	0	0	0	0	0	10000
19	-1	13	0	0	0	0	0	0	0	0	0	10000
19	-1	13	2	0	0	0	0	0	0	0	0	20000
//설인 엑설런트												
19	-1	1	0	0	0	0	0	2	0	1	0	11
19	-1	1	1	0	0	0	0	2	0	1	0	11
19	-1	4	0	0	0	0	0	2	0	1	0	11
19	-1	4	8	0	0	0	0	2	0	1	0	11
19	-1	0	1	0	0	0	0	2	0	1	0	11
19	-1	6	0	0	0	0	0	2	0	1	0	11
19	-1	7	2	0	0	0	0	2	0	1	0	11
19	-1	10	2	0	0	0	0	2	0	1	0	11
19	-1	11	2	0	0	0	0	2	0	1	0	11
19	-1	10	5	0	0	0	0	2	0	1	0	11
19	-1	11	5	0	0	0	0	2	0	1	0	11
19	-1	10	10	0	0	0	0	2	0	1	0	11
19	-1	11	10	0	0	0	0	2	0	1	0	11
//설인대장												
20	-1	1	3	0	0	0	2	2	0	0	0	4435
20	-1	1	4	0	0	0	2	2	0	0	0	4435
20	-1	1	5	0	0	0	2	2	0	0	0	4435
20	-1	1	6	0	0	0	2	2	0	0	0	4435
20	-1	2	2	0	0	0	2	2	0	0	0	4435
20	-1	4	10	0	0	0	2	2	0	0	0	4435
20	-1	4	3	0	0	0	2	2	0	0	0	4435
20	-1	4	11	0	0	0	2	2	0	0	0	4435
20	-1	0	6	0	0	0	2	2	0	0	0	4435
20	-1	0	7	0	0	0	2	2	0	0	0	4435
20	-1	0	8	0	0	0	2	2	0	0	0	4435
20	-1	0	9	0	0	0	2	2	0	0	0	4435
20	-1	0	5	0	0	0	2	2	0	0	0	4435
20	-1	3	17	0	0	0	2	2	0	0	0	4435
20	-1	3	6	0	0	0	2	2	0	0	0	4435
20	-1	3	1	0	0	0	2	2	0	0	0	4435
20	-1	3	3	0	0	0	2	2	0	0	0	4435
20	-1	5	1	0	0	0	2	2	0	0	0	4435
20	-1	5	2	0	0	0	2	2	0	0	0	4435
20	-1	5	14	0	0	0	2	2	0	0	0	4435
20	-1	6	10	0	0	0	2	2	0	0	0	4435
20	-1	6	3	0	0	0	2	2	0	0	0	4435
20	-1	6	9	0	0	0	2	2	0	0	0	4435
20	-1	6	7	0	0	0	2	2	0	0	0	4435
20	-1	6	5	0	0	0	2	2	0	0	0	4435
20	-1	8	0	0	0	0	0	2	0	0	0	4435
20	-1	7	91	0	0	0	0	2	0	0	0	4435
20	-1	8	91	0	0	0	0	2	0	0	0	4435
20	-1	9	91	0	0	0	0	2	0	0	0	4435
20	-1	7	4	0	0	0	0	2	0	0	0	4435
20	-1	8	4	0	0	0	0	2	0	0	0	4435
20	-1	9	4	0	0	0	0	2	0	0	0	4435
20	-1	8	11	0	0	0	0	2	0	0	0	4435
20	-1	9	11	0	0	0	0	2	0	0	0	4435
20	-1	7	6	0	0	0	0	2	0	0	0	4435
20	-1	8	6	0	0	0	0	2	0	0	0	4435
20	-1	10	6	0	0	0	0	2	0	0	0	4435
20	-1	9	6	0	0	0	0	2	0	0	0	4435
20	-1	11	6	0	0	0	0	2	0	0	0	4435
20	-1	7	39	0	0	0	0	2	0	0	0	4435
20	-1	8	39	0	0	0	0	2	0	0	0	4435
20	-1	10	39	0	0	0	0	2	0	0	0	4435
20	-1	9	39	0	0	0	0	2	0	0	0	4435
20	-1	11	39	0	0	0	0	2	0	0	0	4435
20	-1	7	12	0	0	0	0	2	0	0	0	4435
20	-1	8	12	0	0	0	0	2	0	0	0	4435
20	-1	10	12	0	0	0	0	2	0	0	0	4435
20	-1	9	12	0	0	0	0	2	0	0	0	4435
20	-1	11	12	0	0	0	0	2	0	0	0	4435
20	-1	7	7	0	0	0	0	2	0	0	0	4435
20	-1	10	7	0	0	0	0	2	0	0	0	4435
20	-1	9	7	0	0	0	0	2	0	0	0	4435
20	-1	11	7	0	0	0	0	2	0	0	0	4435
20	-1	7	8	0	0	0	0	2	0	0	0	4435
20	-1	10	8	0	0	0	0	2	0	0	0	4435
20	-1	9	8	0	0	0	0	2	0	0	0	4435
20	-1	11	8	0	0	0	0	2	0	0	0	4435
20	-1	13	8	0	0	0	0	0	2	0	0	4435
20	-1	13	12	0	0	0	0	0	2	0	0	4435
20	-1	13	21	0	0	0	0	0	2	0	0	4435
20	-1	13	25	0	0	0	0	0	2	0	0	4435
20	-1	15	0	0	0	0	0	0	0	0	0	5000
20	-1	15	20	0	0	0	0	0	0	0	0	5000
20	-1	12	272	0	0	0	0	0	0	0	0	5000
20	-1	15	4	0	0	0	0	0	0	0	0	5000
20	-1	12	13	0	0	0	0	0	0	0	0	5000
20	-1	12	35	0	0	0	0	0	0	0	0	5000
20	-1	15	7	0	0	0	0	0	0	0	0	5000
20	-1	15	24	0	0	0	0	0	0	0	0	5000
20	-1	15	8	0	0	0	0	0	0	0	0	5000
20	-1	15	19	0	0	0	0	0	0	0	0	5000
20	-1	15	9	0	0	0	0	0	0	0	0	5000
20	-1	12	276	0	0	0	0	0	0	0	0	5000
20	-1	12	23	0	0	0	0	0	0	0	0	5000
20	-1	15	36	0	0	0	0	0	0	0	0	5000
20	-1	15	11	0	0	0	0	0	0	0	0	5000
20	-1	12	24	0	0	0	0	0	0	0	0	5000
20	-1	15	22	0	0	0	0	0	0	0	0	5000
20	-1	15	15	0	0	0	0	0	0	0	0	5000
20	-1	12	22	0	0	0	0	0	0	0	0	5000
20	-1	12	7	0	0	0	0	0	0	0	0	5000
20	-1	12	16	0	0	0	0	0	0	0	0	5000
20	-1	12	273	0	0	0	0	0	0	0	0	5000
20	-1	15	12	0	0	0	0	0	0	0	0	5000
20	-1	15	35	0	0	0	0	0	0	0	0	5000
20	-1	14	2	0	0	0	0	0	0	0	0	20000
20	-1	14	3	0	0	0	0	0	0	0	0	20000
20	-1	14	5	0	0	0	0	0	0	0	0	20000
20	-1	14	6	0	0	0	0	0	0	0	0	20000
20	-1	14	38	0	0	0	0	0	0	0	0	20000
20	-1	14	9	0	0	0	0	0	0	0	0	20000
20	-1	14	10	0	0	0	0	0	0	0	0	20000
20	-1	13	1	0	0	0	0	0	0	0	0	10000
20	-1	13	0	0	0	0	0	0	0	0	0	10000
20	-1	13	2	0	0	0	0	0	0	0	0	20000
//설인대장 엑설런트												
20	-1	1	0	0	0	0	0	2	0	1	0	5
20	-1	1	1	0	0	0	0	2	0	1	0	5
20	-1	2	0	0	0	0	0	2	0	1	0	5
20	-1	4	0	0	0	0	0	2	0	1	0	5
20	-1	4	8	0	0	0	0	2	0	1	0	5
20	-1	4	1	0	0	0	0	2	0	1	0	5
20	-1	0	1	0	0	0	0	2	0	1	0	5
20	-1	0	0	0	0	0	0	2	0	1	0	5
20	-1	0	2	0	0	0	0	2	0	1	0	5
20	-1	5	0	0	0	0	0	2	0	1	0	5
20	-1	6	0	0	0	0	0	2	0	1	0	5
20	-1	6	4	0	0	0	0	2	0	1	0	5
20	-1	6	1	0	0	0	0	2	0	1	0	5
20	-1	7	2	0	0	0	0	2	0	1	0	5
20	-1	8	2	0	0	0	0	2	0	1	0	5
20	-1	10	2	0	0	0	0	2	0	1	0	5
20	-1	9	2	0	0	0	0	2	0	1	0	5
20	-1	11	2	0	0	0	0	2	0	1	0	5
20	-1	7	5	0	0	0	0	2	0	1	0	5
20	-1	8	5	0	0	0	0	2	0	1	0	5
20	-1	10	5	0	0	0	0	2	0	1	0	5
20	-1	9	5	0	0	0	0	2	0	1	0	5
20	-1	11	5	0	0	0	0	2	0	1	0	5
20	-1	7	10	0	0	0	0	2	0	1	0	5
20	-1	8	10	0	0	0	0	2	0	1	0	5
20	-1	10	10	0	0	0	0	2	0	1	0	5
20	-1	9	10	0	0	0	0	2	0	1	0	5
20	-1	11	10	0	0	0	0	2	0	1	0	5
20	-1	10	91	0	0	0	0	2	0	1	0	5
//아이스퀸												
//아이스퀸 엑설런트												
25	-1	1	2	0	0	0	0	2	0	1	0	9656
25	-1	1	3	0	0	0	0	2	0	1	0	9656
25	-1	2	1	0	0	0	0	2	0	1	0	2500
25	-1	2	2	0	0	0	0	2	0	1	0	9656
25	-1	4	9	0	0	0	0	2	0	1	0	9656
25	-1	4	2	0	0	0	0	2	0	1	0	9656
25	-1	4	10	0	0	0	0	2	0	1	0	9656
25	-1	4	3	0	0	0	0	2	0	1	0	9656
25	-1	0	2	0	0	0	0	2	0	1	0	9656
25	-1	0	4	0	0	0	0	2	0	1	0	9656
25	-1	0	3	0	0	0	0	2	0	1	0	9656
25	-1	0	6	0	0	0	0	2	0	1	0	9656
25	-1	0	7	0	0	0	0	2	0	1	0	9656
25	-1	3	5	0	0	0	0	2	0	1	0	9656
25	-1	3	6	0	0	0	0	2	0	1	0	9656
25	-1	3	2	0	0	0	0	2	0	1	0	9656
25	-1	3	13	0	0	0	0	2	0	1	0	9656
25	-1	5	1	0	0	0	0	2	0	1	0	5000
25	-1	5	2	0	0	0	0	2	0	1	0	9656
25	-1	5	14	0	0	0	0	2	0	1	0	9656
25	-1	5	15	0	0	0	0	2	0	1	0	9656
25	-1	2	8	0	0	0	0	2	0	1	0	9656
25	-1	6	1	0	0	0	0	2	0	1	0	9656
25	-1	6	2	0	0	0	0	2	0	1	0	9656
25	-1	6	29	0	0	0	0	2	0	1	0	9656
25	-1	6	6	0	0	0	0	2	0	1	0	9656
25	-1	6	10	0	0	0	0	2	0	1	0	9656
25	-1	6	3	0	0	0	0	2	0	1	0	9656
25	-1	7	6	0	0	0	0	2	0	1	0	9656
25	-1	8	6	0	0	0	0	2	0	1	0	9656
25	-1	10	6	0	0	0	0	2	0	1	0	9656
25	-1	9	6	0	0	0	0	2	0	1	0	9656
25	-1	11	6	0	0	0	0	2	0	1	0	9656
25	-1	7	7	0	0	0	0	2	0	1	0	9656
25	-1	8	7	0	0	0	0	2	0	1	0	9656
25	-1	10	7	0	0	0	0	2	0	1	0	9656
25	-1	9	7	0	0	0	0	2	0	1	0	9656
25	-1	11	7	0	0	0	0	2	0	1	0	9656
25	-1	7	39	0	0	0	0	2	0	1	0	9656
25	-1	8	39	0	0	0	0	2	0	1	0	9656
25	-1	10	39	0	0	0	0	2	0	1	0	9656
25	-1	9	39	0	0	0	0	2	0	1	0	9656
25	-1	11	39	0	0	0	0	2	0	1	0	9656
25	-1	7	12	0	0	0	0	2	0	1	0	9656
25	-1	8	12	0	0	0	0	2	0	1	0	9656
25	-1	10	12	0	0	0	0	2	0	1	0	9656
25	-1	9	12	0	0	0	0	2	0	1	0	9656
25	-1	11	12	0	0	0	0	2	0	1	0	9656
25	-1	7	91	0	0	0	0	2	0	1	0	9656
25	-1	8	91	0	0	0	0	2	0	1	0	9656
25	-1	10	91	0	0	0	0	2	0	1	0	9656
25	-1	9	91	0	0	0	0	2	0	1	0	9656
25	-1	11	91	0	0	0	0	2	0	1	0	9656
end												
