//////////////////////////////////////////////////////////////////////////////////////													
// [칸투르 폐허]	EachMonsterBag37												
// [ Start  ] 	2015-03-20												
// [ Latest ]	2015-03-20 17:26												
// [ Author ]	박혜진												
// [ Version ]	0.0.0.1												
// [ Text ]													
// [ Desc ]	맵에 출현하는 몬스터 별로 드롭하는 아이템 리스트를 작성하는 스크립트												
//////////////////////////////////////////////////////////////////////////////////////													
													
//사냥 마리 수	32400												
													
//* 보석 원석	몬스터 속성												
//몬스터 인덱스		아이템 타입	아이템 인덱스	최소레벨	최대레벨	개수	스킬	행운	추가옵션	엑설런트 	속성 아이템	확률 (1/1000000)	아이템 명
//스플린터울프													180
351	-1	2	4	0	0	0	2	2	0	0	0	741	//크리스탈모닝스타
351	-1	4	13	0	0	0	2	2	0	0	0	741	//블루윙석궁
351	-1	4	14	0	0	0	2	2	0	0	0	741	//아쿠아골드석궁
351	-1	2	5	0	0	0	2	2	0	0	0	741	//크리스탈검
351	-1	3	14	0	0	0	2	2	0	0	0	741	//콘모시온랜스
351	-1	3	18	0	0	0	2	2	0	0	0	741	//알라크란랜스
351	-1	3	9	0	0	0	2	2	0	0	0	741	//발록의낫
351	-1	5	6	0	0	0	2	2	0	0	0	741	//부활의지팡이
351	-1	5	17	0	0	0	2	2	0	0	0	741	//에이션트스틱
351	-1	5	23	0	0	0	2	2	0	0	0	741	//라글의서
351	-1	2	9	0	0	0	2	2	0	0	0	741	//마스터셉터
351	-1	6	16	0	0	0	2	2	0	0	0	741	//엘리멘탈방패
351	-1	6	21	0	0	0	2	2	0	0	0	741	//크로스실드
351	-1	6	30	0	0	0	2	2	0	0	0	741	//플루마실드
351	-1	6	15	0	0	0	2	2	0	0	0	741	//그랜드소울방패
351	-1	6	32	0	0	0	2	2	0	0	0	741	//비스실드
351	-1	8	25	0	0	0	0	2	0	0	0	741	//라운드갑옷
351	-1	8	59	0	0	0	0	2	0	0	0	741	//세크리드파이어갑옷
351	-1	9	59	0	0	0	0	2	0	0	0	741	//세크리드파이어바지
351	-1	7	26	0	0	0	0	2	0	0	0	741	//다크소울마스크
351	-1	8	26	0	0	0	0	2	0	0	0	741	//다크소울갑옷
351	-1	9	26	0	0	0	0	2	0	0	0	741	//다크소울바지
351	-1	7	93	0	0	0	0	2	0	0	0	741	//프린시헬멧
351	-1	8	93	0	0	0	0	2	0	0	0	741	//프린시갑옷
351	-1	9	93	0	0	0	0	2	0	0	0	741	//프린시바지
351	-1	11	93	0	0	0	0	2	0	0	0	741	//프린시부츠
351	-1	7	34	0	0	0	0	2	0	0	0	741	//애쉬크로우헬멧
351	-1	8	34	0	0	0	0	2	0	0	0	741	//애쉬크로우갑옷
351	-1	9	34	0	0	0	0	2	0	0	0	741	//애쉬크로우바지
351	-1	11	34	0	0	0	0	2	0	0	0	741	//애쉬크로우부츠
351	-1	7	35	0	0	0	0	2	0	0	0	741	//이클립스헬멧
351	-1	8	35	0	0	0	0	2	0	0	0	741	//이클립스갑옷
351	-1	9	35	0	0	0	0	2	0	0	0	741	//이클립스바지
351	-1	11	35	0	0	0	0	2	0	0	0	741	//이클립스부츠
351	-1	7	36	0	0	0	0	2	0	0	0	741	//아이리스헬멧
351	-1	8	36	0	0	0	0	2	0	0	0	741	//아이리스갑옷
351	-1	9	36	0	0	0	0	2	0	0	0	741	//아이리스바지
351	-1	11	36	0	0	0	0	2	0	0	0	741	//아이리스부츠
351	-1	7	41	0	0	0	0	2	0	0	0	741	//에이션트헬멧
351	-1	8	41	0	0	0	0	2	0	0	0	741	//에이션트갑옷
351	-1	9	41	0	0	0	0	2	0	0	0	741	//에이션트바지
351	-1	11	41	0	0	0	0	2	0	0	0	741	//에이션트부츠
351	-1	7	60	0	0	0	0	2	0	0	0	741	//스톰자하드투구
351	-1	9	60	0	0	0	0	2	0	0	0	741	//스톰자하드바지
351	-1	11	60	0	0	0	0	2	0	0	0	741	//스톰자하드부츠
351	-1	8	15	0	0	0	0	2	0	0	0	741	//아틀란스갑옷
351	-1	10	15	0	0	0	0	2	0	0	0	741	//아틀란스장갑
351	-1	9	15	0	0	0	0	2	0	0	0	741	//아틀란스바지
351	-1	11	15	0	0	0	0	2	0	0	0	741	//아틀란스부츠
351	-1	10	18	0	0	0	0	2	0	0	0	741	//그랜드소울장갑
351	-1	11	18	0	0	0	0	2	0	0	0	741	//그랜드소울부츠
351	-1	10	42	0	0	0	0	2	0	0	0	741	//데모닉장갑
351	-1	11	42	0	0	0	0	2	0	0	0	741	//데모닉부츠
351	-1	10	19	0	0	0	0	2	0	0	0	741	//홀리스프릿장갑
351	-1	10	27	0	0	0	0	2	0	0	0	741	//다크브리즌장갑
351	-1	10	16	0	0	0	0	2	0	0	0	741	//블랙드라곤장갑
351	-1	11	16	0	0	0	0	2	0	0	0	741	//블랙드라곤부츠
351	-1	15	14	0	0	0	0	0	0	0	0	100	//텔레키네시스법서
351	-1	12	18	0	0	0	0	0	0	0	0	100	//아이스애로우구슬
351	-1	15	26	0	0	0	0	0	0	0	0	100	//위크니스양피지
351	-1	15	17	0	0	0	0	0	0	0	0	100	//서든아이스법서
351	-1	15	27	0	0	0	0	0	0	0	0	100	//이너베이션양피지
351	-1	12	277	0	0	0	0	0	0	0	0	100	//브래쉬스크롤
//스플린터울프 엑설런트													
351	-1	4	32	0	0	0	0	2	0	1	0	2	//전투화살통
351	-1	1	7	0	0	0	0	2	0	1	0	2	//라르칸도끼
351	-1	1	8	0	0	0	0	2	0	1	0	2	//반월도끼
351	-1	2	3	0	0	0	0	2	0	1	0	2	//그레이트해머
351	-1	4	4	0	0	0	0	2	0	1	0	2	//타이거보우
351	-1	4	12	0	0	0	0	2	0	1	0	2	//서펜트석궁
351	-1	0	10	0	0	0	0	2	0	1	0	2	//빛의검
351	-1	0	11	0	0	0	0	2	0	1	0	2	//전설의검
351	-1	0	13	0	0	0	0	2	0	1	0	2	//더블블레이드
351	-1	0	15	0	0	0	0	2	0	1	0	2	//거대한검
351	-1	0	32	0	0	0	0	2	0	1	0	2	//세크리드글러브
351	-1	3	7	0	0	0	0	2	0	1	0	2	//버디슈
351	-1	3	0	0	0	0	0	2	0	1	0	2	//광선봉
351	-1	3	4	0	0	0	0	2	0	1	0	2	//서펜트스피어
351	-1	3	8	0	0	0	0	2	0	1	0	2	//그레이트사이드
351	-1	5	3	0	0	0	0	2	0	1	0	2	//번개지팡이
351	-1	5	4	0	0	0	0	2	0	1	0	2	//고르곤지팡이
351	-1	5	15	0	0	0	0	2	0	1	0	2	//바이올렌윈드스틱
351	-1	5	21	0	0	0	0	2	0	1	0	2	//사아무트의서
351	-1	2	8	0	0	0	0	2	0	1	0	2	//배틀셉터
351	-1	6	8	0	0	0	0	2	0	1	0	2	//타워방패
351	-1	6	31	0	0	0	0	2	0	1	0	2	//알라크란실드
351	-1	6	11	0	0	0	0	2	0	1	0	2	//서펜트방패
351	-1	6	14	0	0	0	0	2	0	1	0	2	//전설의방패
351	-1	6	12	0	0	0	0	2	0	1	0	2	//브론즈방패
351	-1	8	7	0	0	0	0	2	0	1	0	2	//스핑크스갑옷
351	-1	8	8	0	0	0	0	2	0	1	0	2	//황동갑옷
351	-1	7	13	0	0	0	0	2	0	1	0	2	//정령헬멧
351	-1	10	13	0	0	0	0	2	0	1	0	2	//정령장갑
351	-1	9	13	0	0	0	0	2	0	1	0	2	//정령바지
351	-1	11	13	0	0	0	0	2	0	1	0	2	//정령부츠
351	-1	7	92	0	0	0	0	2	0	1	0	2	//그루힐헬멧
351	-1	10	92	0	0	0	0	2	0	1	0	2	//그루힐장갑
351	-1	9	92	0	0	0	0	2	0	1	0	2	//그루힐바지
351	-1	7	9	0	0	0	0	2	0	1	0	2	//철판헬멧
351	-1	8	9	0	0	0	0	2	0	1	0	2	//철판갑옷
351	-1	10	9	0	0	0	0	2	0	1	0	2	//철판장갑
351	-1	9	9	0	0	0	0	2	0	1	0	2	//철판바지
351	-1	11	9	0	0	0	0	2	0	1	0	2	//철판부츠
351	-1	7	25	0	0	0	0	2	0	1	0	2	//라운드마스크
351	-1	10	25	0	0	0	0	2	0	1	0	2	//라운드장갑
351	-1	9	25	0	0	0	0	2	0	1	0	2	//라운드바지
351	-1	11	25	0	0	0	0	2	0	1	0	2	//라운드부츠
351	-1	7	3	0	0	0	0	2	0	1	0	2	//전설의헬멧
351	-1	9	3	0	0	0	0	2	0	1	0	2	//전설의바지
351	-1	11	3	0	0	0	0	2	0	1	0	2	//전설의부츠
351	-1	7	40	0	0	0	0	2	0	1	0	2	//레드윙헬멧
351	-1	9	40	0	0	0	0	2	0	1	0	2	//레드윙바지
351	-1	11	40	0	0	0	0	2	0	1	0	2	//레드윙부츠
351	-1	7	59	0	0	0	0	2	0	1	0	2	//세크리드파이어투구
351	-1	11	59	0	0	0	0	2	0	1	0	2	//세크리드파이어부츠
351	-1	7	14	0	0	0	0	2	0	1	0	2	//수호헬멧
351	-1	10	14	0	0	0	0	2	0	1	0	2	//수호장갑
351	-1	9	14	0	0	0	0	2	0	1	0	2	//수호바지
351	-1	11	14	0	0	0	0	2	0	1	0	2	//수호부츠
351	-1	10	1	0	0	0	0	2	0	1	0	2	//드라곤장갑
351	-1	9	1	0	0	0	0	2	0	1	0	2	//드라곤바지
351	-1	11	1	0	0	0	0	2	0	1	0	2	//드라곤부츠
//아이언라이더 82													180
352	-1	2	4	0	0	0	2	2	0	0	0	650	//크리스탈모닝스타
352	-1	4	13	0	0	0	2	2	0	0	0	650	//블루윙석궁
352	-1	4	14	0	0	0	2	2	0	0	0	650	//아쿠아골드석궁
352	-1	2	5	0	0	0	2	2	0	0	0	650	//크리스탈검
352	-1	0	16	0	0	0	2	2	0	0	0	650	//파괴의검
352	-1	0	33	0	0	0	2	2	0	0	0	650	//홀리스톰클로
352	-1	3	14	0	0	0	2	2	0	0	0	650	//콘모시온랜스
352	-1	3	18	0	0	0	2	2	0	0	0	650	//알라크란랜스
352	-1	5	6	0	0	0	2	2	0	0	0	650	//부활의지팡이
352	-1	5	17	0	0	0	2	2	0	0	0	650	//에이션트스틱
352	-1	5	23	0	0	0	2	2	0	0	0	650	//라글의서
352	-1	2	9	0	0	0	2	2	0	0	0	650	//마스터셉터
352	-1	2	10	0	0	0	2	2	0	0	0	650	//그레이트셉터
352	-1	6	16	0	0	0	2	2	0	0	0	650	//엘리멘탈방패
352	-1	6	21	0	0	0	2	2	0	0	0	650	//크로스실드
352	-1	6	30	0	0	0	2	2	0	0	0	650	//플루마실드
352	-1	6	15	0	0	0	2	2	0	0	0	650	//그랜드소울방패
352	-1	6	32	0	0	0	2	2	0	0	0	650	//비스실드
352	-1	8	59	0	0	0	0	2	0	0	0	650	//세크리드파이어갑옷
352	-1	7	26	0	0	0	0	2	0	0	0	650	//다크소울마스크
352	-1	8	26	0	0	0	0	2	0	0	0	650	//다크소울갑옷
352	-1	9	26	0	0	0	0	2	0	0	0	650	//다크소울바지
352	-1	7	93	0	0	0	0	2	0	0	0	650	//프린시헬멧
352	-1	8	93	0	0	0	0	2	0	0	0	650	//프린시갑옷
352	-1	9	93	0	0	0	0	2	0	0	0	650	//프린시바지
352	-1	11	93	0	0	0	0	2	0	0	0	650	//프린시부츠
352	-1	7	34	0	0	0	0	2	0	0	0	650	//애쉬크로우헬멧
352	-1	8	34	0	0	0	0	2	0	0	0	650	//애쉬크로우갑옷
352	-1	9	34	0	0	0	0	2	0	0	0	650	//애쉬크로우바지
352	-1	11	34	0	0	0	0	2	0	0	0	650	//애쉬크로우부츠
352	-1	7	35	0	0	0	0	2	0	0	0	650	//이클립스헬멧
352	-1	8	35	0	0	0	0	2	0	0	0	650	//이클립스갑옷
352	-1	9	35	0	0	0	0	2	0	0	0	650	//이클립스바지
352	-1	11	35	0	0	0	0	2	0	0	0	650	//이클립스부츠
352	-1	7	36	0	0	0	0	2	0	0	0	650	//아이리스헬멧
352	-1	8	36	0	0	0	0	2	0	0	0	650	//아이리스갑옷
352	-1	9	36	0	0	0	0	2	0	0	0	650	//아이리스바지
352	-1	11	36	0	0	0	0	2	0	0	0	650	//아이리스부츠
352	-1	7	41	0	0	0	0	2	0	0	0	650	//에이션트헬멧
352	-1	8	41	0	0	0	0	2	0	0	0	650	//에이션트갑옷
352	-1	9	41	0	0	0	0	2	0	0	0	650	//에이션트바지
352	-1	11	41	0	0	0	0	2	0	0	0	650	//에이션트부츠
352	-1	7	60	0	0	0	0	2	0	0	0	650	//스톰자하드투구
352	-1	8	60	0	0	0	0	2	0	0	0	650	//스톰자하드갑옷
352	-1	9	60	0	0	0	0	2	0	0	0	650	//스톰자하드바지
352	-1	8	15	0	0	0	0	2	0	0	0	650	//아틀란스갑옷
352	-1	10	15	0	0	0	0	2	0	0	0	650	//아틀란스장갑
352	-1	9	15	0	0	0	0	2	0	0	0	650	//아틀란스바지
352	-1	11	15	0	0	0	0	2	0	0	0	650	//아틀란스부츠
352	-1	7	18	0	0	0	0	2	0	0	0	650	//그랜드소울헬멧
352	-1	10	18	0	0	0	0	2	0	0	0	650	//그랜드소울장갑
352	-1	11	18	0	0	0	0	2	0	0	0	650	//그랜드소울부츠
352	-1	7	42	0	0	0	0	2	0	0	0	650	//데모닉헬멧
352	-1	10	42	0	0	0	0	2	0	0	0	650	//데모닉장갑
352	-1	11	42	0	0	0	0	2	0	0	0	650	//데모닉부츠
352	-1	10	19	0	0	0	0	2	0	0	0	650	//홀리스프릿장갑
352	-1	11	19	0	0	0	0	2	0	0	0	650	//홀리스프릿부츠
352	-1	10	27	0	0	0	0	2	0	0	0	650	//다크브리즌장갑
352	-1	7	16	0	0	0	0	2	0	0	0	650	//블랙드라곤투구
352	-1	10	16	0	0	0	0	2	0	0	0	650	//블랙드라곤장갑
352	-1	11	16	0	0	0	0	2	0	0	0	650	//블랙드라곤부츠
352	-1	10	94	0	0	0	0	2	0	0	0	650	//히라트장갑
352	-1	10	95	0	0	0	0	2	0	0	0	650	//세이트장갑
352	-1	11	61	0	0	0	0	2	0	0	0	650	//피어싱그로브부츠
352	-1	15	14	0	0	0	0	0	0	0	0	100	//텔레키네시스법서
352	-1	12	18	0	0	0	0	0	0	0	0	100	//아이스애로우구슬
352	-1	15	26	0	0	0	0	0	0	0	0	100	//위크니스양피지
352	-1	15	17	0	0	0	0	0	0	0	0	100	//서든아이스법서
352	-1	15	27	0	0	0	0	0	0	0	0	100	//이너베이션양피지
352	-1	12	277	0	0	0	0	0	0	0	0	100	//브래쉬스크롤
//아이언라이더 엑설런트													
352	-1	4	32	0	0	0	0	2	0	1	0	2	//전투화살통
352	-1	1	7	0	0	0	0	2	0	1	0	2	//라르칸도끼
352	-1	1	8	0	0	0	0	2	0	1	0	2	//반월도끼
352	-1	4	4	0	0	0	0	2	0	1	0	2	//타이거보우
352	-1	4	12	0	0	0	0	2	0	1	0	2	//서펜트석궁
352	-1	4	5	0	0	0	0	2	0	1	0	2	//실버보우
352	-1	0	10	0	0	0	0	2	0	1	0	2	//빛의검
352	-1	0	11	0	0	0	0	2	0	1	0	2	//전설의검
352	-1	0	13	0	0	0	0	2	0	1	0	2	//더블블레이드
352	-1	0	15	0	0	0	0	2	0	1	0	2	//거대한검
352	-1	0	32	0	0	0	0	2	0	1	0	2	//세크리드글러브
352	-1	0	12	0	0	0	0	2	0	1	0	2	//태양검
352	-1	3	0	0	0	0	0	2	0	1	0	2	//광선봉
352	-1	3	4	0	0	0	0	2	0	1	0	2	//서펜트스피어
352	-1	3	8	0	0	0	0	2	0	1	0	2	//그레이트사이드
352	-1	5	3	0	0	0	0	2	0	1	0	2	//번개지팡이
352	-1	5	4	0	0	0	0	2	0	1	0	2	//고르곤지팡이
352	-1	5	15	0	0	0	0	2	0	1	0	2	//바이올렌윈드스틱
352	-1	5	21	0	0	0	0	2	0	1	0	2	//사아무트의서
352	-1	2	8	0	0	0	0	2	0	1	0	2	//배틀셉터
352	-1	6	8	0	0	0	0	2	0	1	0	2	//타워방패
352	-1	6	31	0	0	0	0	2	0	1	0	2	//알라크란실드
352	-1	6	11	0	0	0	0	2	0	1	0	2	//서펜트방패
352	-1	6	14	0	0	0	0	2	0	1	0	2	//전설의방패
352	-1	6	12	0	0	0	0	2	0	1	0	2	//브론즈방패
352	-1	7	13	0	0	0	0	2	0	1	0	2	//정령헬멧
352	-1	9	13	0	0	0	0	2	0	1	0	2	//정령바지
352	-1	11	13	0	0	0	0	2	0	1	0	2	//정령부츠
352	-1	7	92	0	0	0	0	2	0	1	0	2	//그루힐헬멧
352	-1	10	92	0	0	0	0	2	0	1	0	2	//그루힐장갑
352	-1	9	92	0	0	0	0	2	0	1	0	2	//그루힐바지
352	-1	7	9	0	0	0	0	2	0	1	0	2	//철판헬멧
352	-1	8	9	0	0	0	0	2	0	1	0	2	//철판갑옷
352	-1	10	9	0	0	0	0	2	0	1	0	2	//철판장갑
352	-1	9	9	0	0	0	0	2	0	1	0	2	//철판바지
352	-1	11	9	0	0	0	0	2	0	1	0	2	//철판부츠
352	-1	7	25	0	0	0	0	2	0	1	0	2	//라운드마스크
352	-1	10	25	0	0	0	0	2	0	1	0	2	//라운드장갑
352	-1	9	25	0	0	0	0	2	0	1	0	2	//라운드바지
352	-1	11	25	0	0	0	0	2	0	1	0	2	//라운드부츠
352	-1	7	3	0	0	0	0	2	0	1	0	2	//전설의헬멧
352	-1	8	3	0	0	0	0	2	0	1	0	2	//전설의갑옷
352	-1	9	3	0	0	0	0	2	0	1	0	2	//전설의바지
352	-1	11	3	0	0	0	0	2	0	1	0	2	//전설의부츠
352	-1	7	40	0	0	0	0	2	0	1	0	2	//레드윙헬멧
352	-1	8	40	0	0	0	0	2	0	1	0	2	//레드윙갑옷
352	-1	9	40	0	0	0	0	2	0	1	0	2	//레드윙바지
352	-1	11	40	0	0	0	0	2	0	1	0	2	//레드윙부츠
352	-1	7	59	0	0	0	0	2	0	1	0	2	//세크리드파이어투구
352	-1	11	59	0	0	0	0	2	0	1	0	2	//세크리드파이어부츠
352	-1	7	14	0	0	0	0	2	0	1	0	2	//수호헬멧
352	-1	8	14	0	0	0	0	2	0	1	0	2	//수호갑옷
352	-1	10	14	0	0	0	0	2	0	1	0	2	//수호장갑
352	-1	9	14	0	0	0	0	2	0	1	0	2	//수호바지
352	-1	11	14	0	0	0	0	2	0	1	0	2	//수호부츠
352	-1	7	1	0	0	0	0	2	0	1	0	2	//드라곤투구
352	-1	10	1	0	0	0	0	2	0	1	0	2	//드라곤장갑
352	-1	9	1	0	0	0	0	2	0	1	0	2	//드라곤바지
352	-1	11	1	0	0	0	0	2	0	1	0	2	//드라곤부츠
352	-1	10	26	0	0	0	0	2	0	1	0	2	//다크소울장갑
//사티로스 85													180
353	-1	4	13	0	0	0	2	2	0	0	0	630	//블루윙석궁
353	-1	4	14	0	0	0	2	2	0	0	0	630	//아쿠아골드석궁
353	-1	4	16	0	0	0	2	2	0	0	0	630	//세인트크로스석궁
353	-1	2	5	0	0	0	2	2	0	0	0	630	//크리스탈검
353	-1	0	16	0	0	0	2	2	0	0	0	630	//파괴의검
353	-1	0	33	0	0	0	2	2	0	0	0	630	//홀리스톰클로
353	-1	3	18	0	0	0	2	2	0	0	0	630	//알라크란랜스
353	-1	3	15	0	0	0	2	2	0	0	0	630	//플루마랜스
353	-1	5	6	0	0	0	2	2	0	0	0	630	//부활의지팡이
353	-1	5	17	0	0	0	2	2	0	0	0	630	//에이션트스틱
353	-1	2	9	0	0	0	2	2	0	0	0	630	//마스터셉터
353	-1	2	10	0	0	0	2	2	0	0	0	630	//그레이트셉터
353	-1	6	21	0	0	0	2	2	0	0	0	630	//크로스실드
353	-1	6	30	0	0	0	2	2	0	0	0	630	//플루마실드
353	-1	6	15	0	0	0	2	2	0	0	0	630	//그랜드소울방패
353	-1	6	32	0	0	0	2	2	0	0	0	630	//비스실드
353	-1	8	26	0	0	0	0	2	0	0	0	630	//다크소울갑옷
353	-1	9	26	0	0	0	0	2	0	0	0	630	//다크소울바지
353	-1	7	93	0	0	0	0	2	0	0	0	630	//프린시헬멧
353	-1	8	93	0	0	0	0	2	0	0	0	630	//프린시갑옷
353	-1	9	93	0	0	0	0	2	0	0	0	630	//프린시바지
353	-1	7	34	0	0	0	0	2	0	0	0	630	//애쉬크로우헬멧
353	-1	8	34	0	0	0	0	2	0	0	0	630	//애쉬크로우갑옷
353	-1	9	34	0	0	0	0	2	0	0	0	630	//애쉬크로우바지
353	-1	11	34	0	0	0	0	2	0	0	0	630	//애쉬크로우부츠
353	-1	7	35	0	0	0	0	2	0	0	0	630	//이클립스헬멧
353	-1	8	35	0	0	0	0	2	0	0	0	630	//이클립스갑옷
353	-1	9	35	0	0	0	0	2	0	0	0	630	//이클립스바지
353	-1	11	35	0	0	0	0	2	0	0	0	630	//이클립스부츠
353	-1	7	36	0	0	0	0	2	0	0	0	630	//아이리스헬멧
353	-1	8	36	0	0	0	0	2	0	0	0	630	//아이리스갑옷
353	-1	9	36	0	0	0	0	2	0	0	0	630	//아이리스바지
353	-1	11	36	0	0	0	0	2	0	0	0	630	//아이리스부츠
353	-1	7	41	0	0	0	0	2	0	0	0	630	//에이션트헬멧
353	-1	8	41	0	0	0	0	2	0	0	0	630	//에이션트갑옷
353	-1	9	41	0	0	0	0	2	0	0	0	630	//에이션트바지
353	-1	7	60	0	0	0	0	2	0	0	0	630	//스톰자하드투구
353	-1	8	60	0	0	0	0	2	0	0	0	630	//스톰자하드갑옷
353	-1	9	60	0	0	0	0	2	0	0	0	630	//스톰자하드바지
353	-1	8	15	0	0	0	0	2	0	0	0	630	//아틀란스갑옷
353	-1	10	15	0	0	0	0	2	0	0	0	630	//아틀란스장갑
353	-1	9	15	0	0	0	0	2	0	0	0	630	//아틀란스바지
353	-1	11	15	0	0	0	0	2	0	0	0	630	//아틀란스부츠
353	-1	7	18	0	0	0	0	2	0	0	0	630	//그랜드소울헬멧
353	-1	10	18	0	0	0	0	2	0	0	0	630	//그랜드소울장갑
353	-1	11	18	0	0	0	0	2	0	0	0	630	//그랜드소울부츠
353	-1	7	42	0	0	0	0	2	0	0	0	630	//데모닉헬멧
353	-1	10	42	0	0	0	0	2	0	0	0	630	//데모닉장갑
353	-1	11	42	0	0	0	0	2	0	0	0	630	//데모닉부츠
353	-1	7	19	0	0	0	0	2	0	0	0	630	//홀리스프릿헬멧
353	-1	10	19	0	0	0	0	2	0	0	0	630	//홀리스프릿장갑
353	-1	11	19	0	0	0	0	2	0	0	0	630	//홀리스프릿부츠
353	-1	10	27	0	0	0	0	2	0	0	0	630	//다크브리즌장갑
353	-1	11	27	0	0	0	0	2	0	0	0	630	//다크브리즌부츠
353	-1	7	16	0	0	0	0	2	0	0	0	630	//블랙드라곤투구
353	-1	10	16	0	0	0	0	2	0	0	0	630	//블랙드라곤장갑
353	-1	9	16	0	0	0	0	2	0	0	0	630	//블랙드라곤바지
353	-1	11	16	0	0	0	0	2	0	0	0	630	//블랙드라곤부츠
353	-1	10	94	0	0	0	0	2	0	0	0	630	//히라트장갑
353	-1	11	94	0	0	0	0	2	0	0	0	630	//히라트부츠
353	-1	10	95	0	0	0	0	2	0	0	0	630	//세이트장갑
353	-1	11	95	0	0	0	0	2	0	0	0	630	//세이트부츠
353	-1	11	61	0	0	0	0	2	0	0	0	630	//피어싱그로브부츠
353	-1	10	24	0	0	0	0	2	0	0	0	630	//레드스프릿장갑
353	-1	15	16	0	0	0	0	0	0	0	0	50	//데쓰포이즌법서
353	-1	15	18	0	0	0	0	0	0	0	0	50	//헬버스트법서
353	-1	15	29	0	0	0	0	0	0	0	0	50	//기간틱스톰법서
353	-1	15	28	0	0	0	0	0	0	0	0	50	//마력증대법서
//사티로스 엑설런트													
353	-1	4	32	0	0	0	0	2	0	1	0	2	//전투화살통
353	-1	1	7	0	0	0	0	2	0	1	0	2	//라르칸도끼
353	-1	1	8	0	0	0	0	2	0	1	0	2	//반월도끼
353	-1	4	12	0	0	0	0	2	0	1	0	2	//서펜트석궁
353	-1	4	5	0	0	0	0	2	0	1	0	2	//실버보우
353	-1	0	11	0	0	0	0	2	0	1	0	2	//전설의검
353	-1	0	13	0	0	0	0	2	0	1	0	2	//더블블레이드
353	-1	0	15	0	0	0	0	2	0	1	0	2	//거대한검
353	-1	0	32	0	0	0	0	2	0	1	0	2	//세크리드글러브
353	-1	0	12	0	0	0	0	2	0	1	0	2	//태양검
353	-1	3	0	0	0	0	0	2	0	1	0	2	//광선봉
353	-1	0	14	0	0	0	0	2	0	1	0	2	//번개검
353	-1	0	21	0	0	0	0	2	0	1	0	150	//데스블레이드
353	-1	3	4	0	0	0	0	2	0	1	0	2	//서펜트스피어
353	-1	3	8	0	0	0	0	2	0	1	0	2	//그레이트사이드
353	-1	5	3	0	0	0	0	2	0	1	0	2	//번개지팡이
353	-1	5	4	0	0	0	0	2	0	1	0	2	//고르곤지팡이
353	-1	5	5	0	0	0	0	2	0	1	0	2	//전설의지팡이
353	-1	5	15	0	0	0	0	2	0	1	0	2	//바이올렌윈드스틱
353	-1	5	16	0	0	0	0	2	0	1	0	2	//레드윙스틱
353	-1	5	21	0	0	0	0	2	0	1	0	2	//사아무트의서
353	-1	5	22	0	0	0	0	2	0	1	0	2	//닐의서
353	-1	2	8	0	0	0	0	2	0	1	0	2	//배틀셉터
353	-1	6	11	0	0	0	0	2	0	1	0	2	//서펜트방패
353	-1	6	14	0	0	0	0	2	0	1	0	2	//전설의방패
353	-1	6	12	0	0	0	0	2	0	1	0	2	//브론즈방패
353	-1	6	13	0	0	0	0	2	0	1	0	2	//드라곤방패
353	-1	9	13	0	0	0	0	2	0	1	0	2	//정령바지
353	-1	7	92	0	0	0	0	2	0	1	0	2	//그루힐헬멧
353	-1	8	92	0	0	0	0	2	0	1	0	2	//그루힐갑옷
353	-1	9	92	0	0	0	0	2	0	1	0	2	//그루힐바지
353	-1	7	9	0	0	0	0	2	0	1	0	2	//철판헬멧
353	-1	8	9	0	0	0	0	2	0	1	0	2	//철판갑옷
353	-1	10	9	0	0	0	0	2	0	1	0	2	//철판장갑
353	-1	9	9	0	0	0	0	2	0	1	0	2	//철판바지
353	-1	11	9	0	0	0	0	2	0	1	0	2	//철판부츠
353	-1	7	25	0	0	0	0	2	0	1	0	2	//라운드마스크
353	-1	10	25	0	0	0	0	2	0	1	0	2	//라운드장갑
353	-1	9	25	0	0	0	0	2	0	1	0	2	//라운드바지
353	-1	11	25	0	0	0	0	2	0	1	0	2	//라운드부츠
353	-1	7	3	0	0	0	0	2	0	1	0	2	//전설의헬멧
353	-1	8	3	0	0	0	0	2	0	1	0	2	//전설의갑옷
353	-1	9	3	0	0	0	0	2	0	1	0	2	//전설의바지
353	-1	11	3	0	0	0	0	2	0	1	0	2	//전설의부츠
353	-1	7	40	0	0	0	0	2	0	1	0	2	//레드윙헬멧
353	-1	8	40	0	0	0	0	2	0	1	0	2	//레드윙갑옷
353	-1	9	40	0	0	0	0	2	0	1	0	2	//레드윙바지
353	-1	11	40	0	0	0	0	2	0	1	0	2	//레드윙부츠
353	-1	7	59	0	0	0	0	2	0	1	0	2	//세크리드파이어투구
353	-1	11	59	0	0	0	0	2	0	1	0	2	//세크리드파이어부츠
353	-1	7	14	0	0	0	0	2	0	1	0	2	//수호헬멧
353	-1	8	14	0	0	0	0	2	0	1	0	2	//수호갑옷
353	-1	10	14	0	0	0	0	2	0	1	0	2	//수호장갑
353	-1	9	14	0	0	0	0	2	0	1	0	2	//수호바지
353	-1	11	14	0	0	0	0	2	0	1	0	2	//수호부츠
353	-1	7	1	0	0	0	0	2	0	1	0	2	//드라곤투구
353	-1	8	1	0	0	0	0	2	0	1	0	2	//드라곤갑옷
353	-1	10	1	0	0	0	0	2	0	1	0	2	//드라곤장갑
353	-1	9	1	0	0	0	0	2	0	1	0	2	//드라곤바지
353	-1	11	1	0	0	0	0	2	0	1	0	2	//드라곤부츠
353	-1	10	26	0	0	0	0	2	0	1	0	2	//다크소울장갑
353	-1	11	26	0	0	0	0	2	0	1	0	2	//다크소울부츠
353	-1	10	93	0	0	0	0	2	0	1	0	2	//프린시장갑
//블레이드헌터 88													
354	-1	4	14	0	0	0	2	2	0	0	0	644	//아쿠아골드석궁
354	-1	4	16	0	0	0	2	2	0	0	0	644	//세인트크로스석궁
354	-1	2	5	0	0	0	2	2	0	0	0	644	//크리스탈검
354	-1	0	16	0	0	0	2	2	0	0	0	644	//파괴의검
354	-1	0	33	0	0	0	2	2	0	0	0	644	//홀리스톰클로
354	-1	3	15	0	0	0	2	2	0	0	0	644	//플루마랜스
354	-1	3	16	0	0	0	2	2	0	0	0	644	//비스랜스
354	-1	5	6	0	0	0	2	2	0	0	0	644	//부활의지팡이
354	-1	5	17	0	0	0	2	2	0	0	0	644	//에이션트스틱
354	-1	2	9	0	0	0	2	2	0	0	0	644	//마스터셉터
354	-1	2	10	0	0	0	2	2	0	0	0	644	//그레이트셉터
354	-1	6	21	0	0	0	2	2	0	0	0	644	//크로스실드
354	-1	6	30	0	0	0	2	2	0	0	0	644	//플루마실드
354	-1	6	15	0	0	0	2	2	0	0	0	644	//그랜드소울방패
354	-1	6	32	0	0	0	2	2	0	0	0	644	//비스실드
354	-1	8	26	0	0	0	0	2	0	0	0	644	//다크소울갑옷
354	-1	9	26	0	0	0	0	2	0	0	0	644	//다크소울바지
354	-1	7	93	0	0	0	0	2	0	0	0	644	//프린시헬멧
354	-1	8	93	0	0	0	0	2	0	0	0	644	//프린시갑옷
354	-1	9	93	0	0	0	0	2	0	0	0	644	//프린시바지
354	-1	8	34	0	0	0	0	2	0	0	0	644	//애쉬크로우갑옷
354	-1	8	35	0	0	0	0	2	0	0	0	644	//이클립스갑옷
354	-1	8	36	0	0	0	0	2	0	0	0	644	//아이리스갑옷
354	-1	8	41	0	0	0	0	2	0	0	0	644	//에이션트갑옷
354	-1	9	41	0	0	0	0	2	0	0	0	644	//에이션트바지
354	-1	7	60	0	0	0	0	2	0	0	0	644	//스톰자하드투구
354	-1	8	60	0	0	0	0	2	0	0	0	644	//스톰자하드갑옷
354	-1	9	60	0	0	0	0	2	0	0	0	644	//스톰자하드바지
354	-1	8	15	0	0	0	0	2	0	0	0	644	//아틀란스갑옷
354	-1	10	15	0	0	0	0	2	0	0	0	644	//아틀란스장갑
354	-1	9	15	0	0	0	0	2	0	0	0	644	//아틀란스바지
354	-1	11	15	0	0	0	0	2	0	0	0	644	//아틀란스부츠
354	-1	7	18	0	0	0	0	2	0	0	0	644	//그랜드소울헬멧
354	-1	10	18	0	0	0	0	2	0	0	0	644	//그랜드소울장갑
354	-1	9	18	0	0	0	0	2	0	0	0	644	//그랜드소울바지
354	-1	11	18	0	0	0	0	2	0	0	0	644	//그랜드소울부츠
354	-1	7	42	0	0	0	0	2	0	0	0	644	//데모닉헬멧
354	-1	10	42	0	0	0	0	2	0	0	0	644	//데모닉장갑
354	-1	9	42	0	0	0	0	2	0	0	0	644	//데모닉바지
354	-1	11	42	0	0	0	0	2	0	0	0	644	//데모닉부츠
354	-1	7	19	0	0	0	0	2	0	0	0	644	//홀리스프릿헬멧
354	-1	10	19	0	0	0	0	2	0	0	0	644	//홀리스프릿장갑
354	-1	9	19	0	0	0	0	2	0	0	0	644	//홀리스프릿바지
354	-1	11	19	0	0	0	0	2	0	0	0	644	//홀리스프릿부츠
354	-1	7	27	0	0	0	0	2	0	0	0	644	//다크브리즌마스크
354	-1	10	27	0	0	0	0	2	0	0	0	644	//다크브리즌장갑
354	-1	11	27	0	0	0	0	2	0	0	0	644	//다크브리즌부츠
354	-1	7	16	0	0	0	0	2	0	0	0	644	//블랙드라곤투구
354	-1	10	16	0	0	0	0	2	0	0	0	644	//블랙드라곤장갑
354	-1	11	16	0	0	0	0	2	0	0	0	644	//블랙드라곤부츠
354	-1	10	94	0	0	0	0	2	0	0	0	644	//히라트장갑
354	-1	11	94	0	0	0	0	2	0	0	0	644	//히라트부츠
354	-1	10	95	0	0	0	0	2	0	0	0	644	//세이트장갑
354	-1	11	95	0	0	0	0	2	0	0	0	644	//세이트부츠
354	-1	11	61	0	0	0	0	2	0	0	0	644	//피어싱그로브부츠
354	-1	9	16	0	0	0	0	2	0	0	0	644	//블랙드라곤바지
354	-1	10	24	0	0	0	0	2	0	0	0	644	//레드스피릿장갑
354	-1	11	24	0	0	0	0	2	0	0	0	644	//레드스피릿부츠
354	-1	10	17	0	0	0	0	2	0	0	0	644	//다크피닉스장갑
354	-1	10	22	0	0	0	0	2	0	0	0	644	//블랙소울장갑
354	-1	10	20	0	0	0	0	2	0	0	0	644	//선더호크장갑
354	-1	15	16	0	0	0	0	0	0	0	0	50	//데쓰포이즌법서
354	-1	15	18	0	0	0	0	0	0	0	0	50	//헬버스트법서
354	-1	15	29	0	0	0	0	0	0	0	0	50	//기간틱스톰법서
354	-1	15	28	0	0	0	0	0	0	0	0	50	//마력증대법서
//블레이드헌터 엑설런트													
354	-1	4	32	0	0	0	0	2	0	1	0	2	//전투화살통
354	-1	1	7	0	0	0	0	2	0	1	0	2	//라르칸도끼
354	-1	1	8	0	0	0	0	2	0	1	0	2	//반월도끼
354	-1	4	12	0	0	0	0	2	0	1	0	2	//서펜트석궁
354	-1	4	5	0	0	0	0	2	0	1	0	2	//실버보우
354	-1	0	13	0	0	0	0	2	0	1	0	2	//더블블레이드
354	-1	0	15	0	0	0	0	2	0	1	0	2	//거대한검
354	-1	0	32	0	0	0	0	2	0	1	0	2	//세크리드글러브
354	-1	0	12	0	0	0	0	2	0	1	0	2	//태양검
354	-1	0	14	0	0	0	0	2	0	1	0	2	//번개검
354	-1	3	4	0	0	0	0	2	0	1	0	2	//서펜트스피어
354	-1	3	9	0	0	0	0	2	0	1	0	2	//발록의낫
354	-1	3	8	0	0	0	0	2	0	1	0	2	//그레이트사이드
354	-1	5	4	0	0	0	0	2	0	1	0	2	//고르곤지팡이
354	-1	5	5	0	0	0	0	2	0	1	0	2	//전설의지팡이
354	-1	5	16	0	0	0	0	2	0	1	0	2	//레드윙스틱
354	-1	5	21	0	0	0	0	2	0	1	0	2	//사아무트의서
354	-1	5	22	0	0	0	0	2	0	1	0	2	//닐의서
354	-1	2	8	0	0	0	0	2	0	1	0	2	//배틀셉터
354	-1	6	11	0	0	0	0	2	0	1	0	2	//서펜트방패
354	-1	6	14	0	0	0	0	2	0	1	0	2	//전설의방패
354	-1	6	12	0	0	0	0	2	0	1	0	2	//브론즈방패
354	-1	6	13	0	0	0	0	2	0	1	0	2	//드라곤방패
354	-1	7	92	0	0	0	0	2	0	1	0	2	//그루힐헬멧
354	-1	8	92	0	0	0	0	2	0	1	0	2	//그루힐갑옷
354	-1	9	92	0	0	0	0	2	0	1	0	2	//그루힐바지
354	-1	7	9	0	0	0	0	2	0	1	0	2	//철판헬멧
354	-1	8	9	0	0	0	0	2	0	1	0	2	//철판갑옷
354	-1	9	9	0	0	0	0	2	0	1	0	2	//철판바지
354	-1	7	25	0	0	0	0	2	0	1	0	2	//라운드마스크
354	-1	8	25	0	0	0	0	2	0	1	0	2	//라운드갑옷
354	-1	9	25	0	0	0	0	2	0	1	0	2	//라운드바지
354	-1	11	25	0	0	0	0	2	0	1	0	2	//라운드부츠
354	-1	7	3	0	0	0	0	2	0	1	0	2	//전설의헬멧
354	-1	8	3	0	0	0	0	2	0	1	0	2	//전설의갑옷
354	-1	9	3	0	0	0	0	2	0	1	0	2	//전설의바지
354	-1	11	3	0	0	0	0	2	0	1	0	2	//전설의부츠
354	-1	7	40	0	0	0	0	2	0	1	0	2	//레드윙헬멧
354	-1	8	40	0	0	0	0	2	0	1	0	2	//레드윙갑옷
354	-1	9	40	0	0	0	0	2	0	1	0	2	//레드윙바지
354	-1	11	40	0	0	0	0	2	0	1	0	2	//레드윙부츠
354	-1	7	59	0	0	0	0	2	0	1	0	2	//세크리드파이어투구
354	-1	9	59	0	0	0	0	2	0	1	0	2	//세크리드파이어바지
354	-1	11	59	0	0	0	0	2	0	1	0	2	//세크리드파이어부츠
354	-1	7	14	0	0	0	0	2	0	1	0	2	//수호헬멧
354	-1	8	14	0	0	0	0	2	0	1	0	2	//수호갑옷
354	-1	10	14	0	0	0	0	2	0	1	0	2	//수호장갑
354	-1	9	14	0	0	0	0	2	0	1	0	2	//수호바지
354	-1	11	14	0	0	0	0	2	0	1	0	2	//수호부츠
354	-1	7	1	0	0	0	0	2	0	1	0	2	//드라곤투구
354	-1	8	1	0	0	0	0	2	0	1	0	2	//드라곤갑옷
354	-1	10	1	0	0	0	0	2	0	1	0	2	//드라곤장갑
354	-1	9	1	0	0	0	0	2	0	1	0	2	//드라곤바지
354	-1	11	1	0	0	0	0	2	0	1	0	2	//드라곤부츠
354	-1	10	26	0	0	0	0	2	0	1	0	2	//다크소울장갑
354	-1	11	26	0	0	0	0	2	0	1	0	2	//다크소울부츠
354	-1	10	93	0	0	0	0	2	0	1	0	2	//프린시장갑
354	-1	10	34	0	0	0	0	2	0	1	0	2	//애쉬크로우장갑
354	-1	10	35	0	0	0	0	2	0	1	0	2	//이클립스장갑
354	-1	10	36	0	0	0	0	2	0	1	0	2	//아이리스장갑
354	-1	10	41	0	0	0	0	2	0	1	0	2	//에이션트장갑
354	-1	11	60	0	0	0	0	2	0	1	0	2	//스톰자하드부츠
//켄타우로스 93													
355	-1	4	16	0	0	0	2	2	0	0	0	785	//세인트크로스석궁
355	-1	4	17	0	0	0	2	2	0	0	0	785	//홀리사이트보우
355	-1	0	16	0	0	0	2	2	0	0	0	785	//파괴의검
355	-1	0	33	0	0	0	2	2	0	0	0	785	//홀리스톰클로
355	-1	3	15	0	0	0	2	2	0	0	0	785	//플루마랜스
355	-1	3	16	0	0	0	2	2	0	0	0	785	//비스랜스
355	-1	3	10	0	0	0	2	2	0	0	0	785	//드라곤스피어
355	-1	5	8	0	0	0	2	2	0	0	0	785	//파멸의지팡이
355	-1	5	17	0	0	0	2	2	0	0	0	785	//에이션트스틱
355	-1	2	10	0	0	0	2	2	0	0	0	785	//그레이트셉터
355	-1	2	7	0	0	0	2	2	0	0	0	785	//엘리멘탈메이스
355	-1	6	32	0	0	0	2	2	0	0	0	785	//비스실드
355	-1	8	26	0	0	0	0	2	0	0	0	785	//다크소울갑옷
355	-1	8	93	0	0	0	0	2	0	0	0	785	//프린시갑옷
355	-1	8	34	0	0	0	0	2	0	0	0	785	//애쉬크로우갑옷
355	-1	8	35	0	0	0	0	2	0	0	0	785	//이클립스갑옷
355	-1	8	36	0	0	0	0	2	0	0	0	785	//아이리스갑옷
355	-1	8	41	0	0	0	0	2	0	0	0	785	//에이션트갑옷
355	-1	8	60	0	0	0	0	2	0	0	0	785	//스톰자하드갑옷
355	-1	9	60	0	0	0	0	2	0	0	0	785	//스톰자하드바지
355	-1	8	15	0	0	0	0	2	0	0	0	785	//아틀란스갑옷
355	-1	7	18	0	0	0	0	2	0	0	0	785	//그랜드소울헬멧
355	-1	8	18	0	0	0	0	2	0	0	0	785	//그랜드소울갑옷
355	-1	9	18	0	0	0	0	2	0	0	0	785	//그랜드소울바지
355	-1	11	18	0	0	0	0	2	0	0	0	785	//그랜드소울부츠
355	-1	7	42	0	0	0	0	2	0	0	0	785	//데모닉헬멧
355	-1	8	42	0	0	0	0	2	0	0	0	785	//데모닉갑옷
355	-1	9	42	0	0	0	0	2	0	0	0	785	//데모닉바지
355	-1	11	42	0	0	0	0	2	0	0	0	785	//데모닉부츠
355	-1	7	19	0	0	0	0	2	0	0	0	785	//홀리스프릿헬멧
355	-1	8	19	0	0	0	0	2	0	0	0	785	//홀리스프릿갑옷
355	-1	9	19	0	0	0	0	2	0	0	0	785	//홀리스프릿바지
355	-1	11	19	0	0	0	0	2	0	0	0	785	//홀리스프릿부츠
355	-1	7	27	0	0	0	0	2	0	0	0	785	//다크브리즌마스크
355	-1	10	27	0	0	0	0	2	0	0	0	785	//다크브리즌장갑
355	-1	9	27	0	0	0	0	2	0	0	0	785	//다크브리즌바지
355	-1	11	27	0	0	0	0	2	0	0	0	785	//다크브리즌부츠
355	-1	7	16	0	0	0	0	2	0	0	0	785	//블랙드라곤투구
355	-1	10	16	0	0	0	0	2	0	0	0	785	//블랙드라곤장갑
355	-1	11	16	0	0	0	0	2	0	0	0	785	//블랙드라곤부츠
355	-1	7	94	0	0	0	0	2	0	0	0	785	//히라트헬멧
355	-1	10	94	0	0	0	0	2	0	0	0	785	//히라트장갑
355	-1	11	94	0	0	0	0	2	0	0	0	785	//히라트부츠
355	-1	7	95	0	0	0	0	2	0	0	0	785	//세이트헬멧
355	-1	10	95	0	0	0	0	2	0	0	0	785	//세이트장갑
355	-1	11	95	0	0	0	0	2	0	0	0	785	//세이트부츠
355	-1	7	61	0	0	0	0	2	0	0	0	785	//피어싱그로브투구
355	-1	11	61	0	0	0	0	2	0	0	0	785	//피어싱그로브부츠
355	-1	8	16	0	0	0	0	2	0	0	0	785	//블랙드라곤갑옷
355	-1	9	16	0	0	0	0	2	0	0	0	785	//블랙드라곤바지
355	-1	10	24	0	0	0	0	2	0	0	0	785	//레드스피릿장갑
355	-1	7	24	0	0	0	0	2	0	0	0	785	//레드스피릿헬멧
355	-1	11	24	0	0	0	0	2	0	0	0	785	//레드스피릿부츠
355	-1	7	17	0	0	0	0	2	0	0	0	785	//다크피닉스투구
355	-1	10	17	0	0	0	0	2	0	0	0	785	//다크피닉스장갑
355	-1	11	17	0	0	0	0	2	0	0	0	785	//다크피닉스부츠
355	-1	10	22	0	0	0	0	2	0	0	0	785	//블랙소울장갑
355	-1	10	20	0	0	0	0	2	0	0	0	785	//선더호크장갑
355	-1	11	20	0	0	0	0	2	0	0	0	785	//선더호크부츠
355	-1	10	28	0	0	0	0	2	0	0	0	785	//다크마스터장갑
355	-1	10	37	0	0	0	0	2	0	0	0	785	//발리언트장갑
355	-1	10	38	0	0	0	0	2	0	0	0	785	//글로리어스장갑
355	-1	15	16	0	0	0	0	0	0	0	0	50	//데쓰포이즌법서
355	-1	15	18	0	0	0	0	0	0	0	0	50	//헬버스트법서
355	-1	15	29	0	0	0	0	0	0	0	0	50	//기간틱스톰법서
355	-1	15	28	0	0	0	0	0	0	0	0	50	//마력증대법서
//켄타우로스 엑설런트													
355	-1	4	32	0	0	0	0	2	0	1	0	2	//전투화살통
355	-1	1	8	0	0	0	0	2	0	1	0	2	//반월도끼
355	-1	2	4	0	0	0	0	2	0	1	0	2	//크리스탈모닝스타
355	-1	4	5	0	0	0	0	2	0	1	0	2	//실버보우
355	-1	4	13	0	0	0	0	2	0	1	0	2	//블루윙석궁
355	-1	0	15	0	0	0	0	2	0	1	0	2	//거대한검
355	-1	0	32	0	0	0	0	2	0	1	0	2	//세크리드글러브
355	-1	0	12	0	0	0	0	2	0	1	0	2	//태양검
355	-1	0	14	0	0	0	0	2	0	1	0	2	//번개검
355	-1	3	9	0	0	0	0	2	0	1	0	2	//발록의낫
355	-1	3	8	0	0	0	0	2	0	1	0	2	//그레이트사이드
355	-1	3	14	0	0	0	0	2	0	1	0	2	//콘모시온랜스
355	-1	3	18	0	0	0	0	2	0	1	0	2	//알라크란랜스
355	-1	5	4	0	0	0	0	2	0	1	0	2	//고르곤지팡이
355	-1	5	5	0	0	0	0	2	0	1	0	2	//전설의지팡이
355	-1	5	16	0	0	0	0	2	0	1	0	2	//레드윙스틱
355	-1	5	21	0	0	0	0	2	0	1	0	2	//사아무트의서
355	-1	5	22	0	0	0	0	2	0	1	0	2	//닐의서
355	-1	5	23	0	0	0	0	2	0	1	0	2	//라글의서
355	-1	2	8	0	0	0	0	2	0	1	0	2	//배틀셉터
355	-1	6	12	0	0	0	0	2	0	1	0	2	//브론즈방패
355	-1	6	13	0	0	0	0	2	0	1	0	2	//드라곤방패
355	-1	6	16	0	0	0	0	2	0	1	0	2	//엘리멘탈방패
355	-1	7	92	0	0	0	0	2	0	1	0	2	//그루힐헬멧
355	-1	8	92	0	0	0	0	2	0	1	0	2	//그루힐갑옷
355	-1	9	92	0	0	0	0	2	0	1	0	2	//그루힐바지
355	-1	8	25	0	0	0	0	2	0	1	0	2	//라운드갑옷
355	-1	9	25	0	0	0	0	2	0	1	0	2	//라운드바지
355	-1	7	3	0	0	0	0	2	0	1	0	2	//전설의헬멧
355	-1	8	3	0	0	0	0	2	0	1	0	2	//전설의갑옷
355	-1	9	3	0	0	0	0	2	0	1	0	2	//전설의바지
355	-1	7	40	0	0	0	0	2	0	1	0	2	//레드윙헬멧
355	-1	8	40	0	0	0	0	2	0	1	0	2	//레드윙갑옷
355	-1	9	40	0	0	0	0	2	0	1	0	2	//레드윙바지
355	-1	7	59	0	0	0	0	2	0	1	0	2	//세크리드파이어투구
355	-1	8	59	0	0	0	0	2	0	1	0	2	//세크리드파이어갑옷
355	-1	9	59	0	0	0	0	2	0	1	0	2	//세크리드파이어바지
355	-1	11	59	0	0	0	0	2	0	1	0	2	//세크리드파이어부츠
355	-1	7	14	0	0	0	0	2	0	1	0	2	//수호헬멧
355	-1	8	14	0	0	0	0	2	0	1	0	2	//수호갑옷
355	-1	10	14	0	0	0	0	2	0	1	0	2	//수호장갑
355	-1	9	14	0	0	0	0	2	0	1	0	2	//수호바지
355	-1	11	14	0	0	0	0	2	0	1	0	2	//수호부츠
355	-1	7	1	0	0	0	0	2	0	1	0	2	//드라곤투구
355	-1	8	1	0	0	0	0	2	0	1	0	2	//드라곤갑옷
355	-1	10	1	0	0	0	0	2	0	1	0	2	//드라곤장갑
355	-1	9	1	0	0	0	0	2	0	1	0	2	//드라곤바지
355	-1	11	1	0	0	0	0	2	0	1	0	2	//드라곤부츠
355	-1	7	26	0	0	0	0	2	0	1	0	2	//다크소울마스크
355	-1	10	26	0	0	0	0	2	0	1	0	2	//다크소울장갑
355	-1	11	26	0	0	0	0	2	0	1	0	2	//다크소울부츠
355	-1	10	93	0	0	0	0	2	0	1	0	2	//프린시장갑
355	-1	11	93	0	0	0	0	2	0	1	0	2	//프린시부츠
355	-1	7	34	0	0	0	0	2	0	1	0	2	//애쉬크로우헬멧
355	-1	10	34	0	0	0	0	2	0	1	0	2	//애쉬크로우장갑
355	-1	11	34	0	0	0	0	2	0	1	0	2	//애쉬크로우부츠
355	-1	7	35	0	0	0	0	2	0	1	0	2	//이클립스헬멧
355	-1	10	35	0	0	0	0	2	0	1	0	2	//이클립스장갑
355	-1	11	35	0	0	0	0	2	0	1	0	2	//이클립스부츠
355	-1	7	36	0	0	0	0	2	0	1	0	2	//아이리스헬멧
355	-1	10	36	0	0	0	0	2	0	1	0	2	//아이리스장갑
355	-1	11	36	0	0	0	0	2	0	1	0	2	//아이리스부츠
355	-1	7	41	0	0	0	0	2	0	1	0	2	//에이션트헬멧
355	-1	10	41	0	0	0	0	2	0	1	0	2	//에이션트장갑
355	-1	11	41	0	0	0	0	2	0	1	0	2	//에이션트부츠
355	-1	11	60	0	0	0	0	2	0	1	0	2	//스톰자하드부츠
//기간티스 98													180
356	-1	4	16	0	0	0	2	2	0	0	0	1227	//세인트크로스석궁
356	-1	4	17	0	0	0	2	2	0	0	0	1227	//홀리사이트보우
356	-1	0	16	0	0	0	2	2	0	0	0	1227	//파괴의검
356	-1	0	33	0	0	0	2	2	0	0	0	1227	//홀리스톰클로
356	-1	3	15	0	0	0	2	2	0	0	0	1227	//플루마랜스
356	-1	3	16	0	0	0	2	2	0	0	0	1227	//비스랜스
356	-1	3	10	0	0	0	2	2	0	0	0	1227	//드라곤스피어
356	-1	5	8	0	0	0	2	2	0	0	0	1227	//파멸의지팡이
356	-1	2	10	0	0	0	2	2	0	0	0	1227	//그레이트셉터
356	-1	2	11	0	0	0	2	2	0	0	0	1227	//로드셉터
356	-1	2	7	0	0	0	2	2	0	0	0	1227	//엘리멘탈메이스
356	-1	8	93	0	0	0	0	2	0	0	0	1227	//프린시갑옷
356	-1	8	60	0	0	0	0	2	0	0	0	1227	//스톰자하드갑옷
356	-1	8	15	0	0	0	0	2	0	0	0	1227	//아틀란스갑옷
356	-1	7	18	0	0	0	0	2	0	0	0	1227	//그랜드소울헬멧
356	-1	8	18	0	0	0	0	2	0	0	0	1227	//그랜드소울갑옷
356	-1	9	18	0	0	0	0	2	0	0	0	1227	//그랜드소울바지
356	-1	7	42	0	0	0	0	2	0	0	0	1227	//데모닉헬멧
356	-1	8	42	0	0	0	0	2	0	0	0	1227	//데모닉갑옷
356	-1	9	42	0	0	0	0	2	0	0	0	1227	//데모닉바지
356	-1	7	19	0	0	0	0	2	0	0	0	1227	//홀리스프릿헬멧
356	-1	8	19	0	0	0	0	2	0	0	0	1227	//홀리스프릿갑옷
356	-1	9	19	0	0	0	0	2	0	0	0	1227	//홀리스프릿바지
356	-1	11	19	0	0	0	0	2	0	0	0	1227	//홀리스프릿부츠
356	-1	7	27	0	0	0	0	2	0	0	0	1227	//다크브리즌마스크
356	-1	8	27	0	0	0	0	2	0	0	0	1227	//다크브리즌갑옷
356	-1	9	27	0	0	0	0	2	0	0	0	1227	//다크브리즌바지
356	-1	11	27	0	0	0	0	2	0	0	0	1227	//다크브리즌부츠
356	-1	7	16	0	0	0	0	2	0	0	0	1227	//블랙드라곤투구
356	-1	7	94	0	0	0	0	2	0	0	0	1227	//히라트헬멧
356	-1	10	94	0	0	0	0	2	0	0	0	1227	//히라트장갑
356	-1	9	94	0	0	0	0	2	0	0	0	1227	//히라트바지
356	-1	11	94	0	0	0	0	2	0	0	0	1227	//히라트부츠
356	-1	7	95	0	0	0	0	2	0	0	0	1227	//세이트헬멧
356	-1	10	95	0	0	0	0	2	0	0	0	1227	//세이트장갑
356	-1	9	95	0	0	0	0	2	0	0	0	1227	//세이트바지
356	-1	11	95	0	0	0	0	2	0	0	0	1227	//세이트부츠
356	-1	7	61	0	0	0	0	2	0	0	0	1227	//피어싱그로브투구
356	-1	9	61	0	0	0	0	2	0	0	0	1227	//피어싱그로브바지
356	-1	11	61	0	0	0	0	2	0	0	0	1227	//피어싱그로브부츠
356	-1	8	16	0	0	0	0	2	0	0	0	1227	//블랙드라곤갑옷
356	-1	9	16	0	0	0	0	2	0	0	0	1227	//블랙드라곤바지
356	-1	10	24	0	0	0	0	2	0	0	0	1227	//레드스피릿장갑
356	-1	7	24	0	0	0	0	2	0	0	0	1227	//레드스피릿헬멧
356	-1	11	24	0	0	0	0	2	0	0	0	1227	//레드스피릿부츠
356	-1	7	17	0	0	0	0	2	0	0	0	1227	//다크피닉스투구
356	-1	10	17	0	0	0	0	2	0	0	0	1227	//다크피닉스장갑
356	-1	9	17	0	0	0	0	2	0	0	0	1227	//다크피닉스바지
356	-1	11	17	0	0	0	0	2	0	0	0	1227	//다크피닉스부츠
356	-1	10	22	0	0	0	0	2	0	0	0	1227	//블랙소울장갑
356	-1	11	22	0	0	0	0	2	0	0	0	1227	//블랙소울부츠
356	-1	10	20	0	0	0	0	2	0	0	0	1227	//선더호크장갑
356	-1	11	20	0	0	0	0	2	0	0	0	1227	//선더호크부츠
356	-1	10	28	0	0	0	0	2	0	0	0	1227	//다크마스터장갑
356	-1	11	28	0	0	0	0	2	0	0	0	1227	//다크마스터부츠
356	-1	10	37	0	0	0	0	2	0	0	0	1227	//발리언트장갑
356	-1	11	37	0	0	0	0	2	0	0	0	1227	//발리언트부츠
356	-1	7	38	0	0	0	0	2	0	0	0	1227	//글로리어스마스크
356	-1	10	38	0	0	0	0	2	0	0	0	1227	//글로리어스장갑
356	-1	11	38	0	0	0	0	2	0	0	0	1227	//글로리어스부츠
356	-1	10	21	0	0	0	0	2	0	0	0	1227	//그레이트드라곤장갑
356	-1	11	21	0	0	0	0	2	0	0	0	1227	//그레이트드라곤부츠
356	-1	15	16	0	0	0	0	0	0	0	0	50	//데쓰포이즌법서
356	-1	15	18	0	0	0	0	0	0	0	0	50	//헬버스트법서
356	-1	15	29	0	0	0	0	0	0	0	0	50	//기간틱스톰법서
356	-1	15	28	0	0	0	0	0	0	0	0	50	//마력증대법서
//기간티스 엑설런트													
356	-1	2	4	0	0	0	0	2	0	1	0	2	//크리스탈모닝스타
356	-1	4	5	0	0	0	0	2	0	1	0	2	//실버보우
356	-1	4	13	0	0	0	0	2	0	1	0	2	//블루윙석궁
356	-1	4	14	0	0	0	0	2	0	1	0	2	//아쿠아골드석궁
356	-1	0	12	0	0	0	0	2	0	1	0	2	//태양검
356	-1	0	14	0	0	0	0	2	0	1	0	2	//번개검
356	-1	2	5	0	0	0	0	2	0	1	0	2	//크리스탈검
356	-1	3	9	0	0	0	0	2	0	1	0	2	//발록의낫
356	-1	3	14	0	0	0	0	2	0	1	0	2	//콘모시온랜스
356	-1	3	18	0	0	0	0	2	0	1	0	2	//알라크란랜스
356	-1	5	5	0	0	0	0	2	0	1	0	2	//전설의지팡이
356	-1	5	6	0	0	0	0	2	0	1	0	2	//부활의지팡이
356	-1	5	16	0	0	0	0	2	0	1	0	2	//레드윙스틱
356	-1	5	22	0	0	0	0	2	0	1	0	2	//닐의서
356	-1	5	23	0	0	0	0	2	0	1	0	2	//라글의서
356	-1	2	9	0	0	0	0	2	0	1	0	2	//마스터셉터
356	-1	6	13	0	0	0	0	2	0	1	0	2	//드라곤방패
356	-1	6	16	0	0	0	0	2	0	1	0	2	//엘리멘탈방패
356	-1	6	21	0	0	0	0	2	0	1	0	2	//크로스실드
356	-1	6	30	0	0	0	0	2	0	1	0	2	//플루마실드
356	-1	8	92	0	0	0	0	2	0	1	0	2	//그루힐갑옷
356	-1	8	25	0	0	0	0	2	0	1	0	2	//라운드갑옷
356	-1	8	3	0	0	0	0	2	0	1	0	2	//전설의갑옷
356	-1	8	40	0	0	0	0	2	0	1	0	2	//레드윙갑옷
356	-1	8	59	0	0	0	0	2	0	1	0	2	//세크리드파이어갑옷
356	-1	9	59	0	0	0	0	2	0	1	0	2	//세크리드파이어바지
356	-1	8	14	0	0	0	0	2	0	1	0	2	//수호갑옷
356	-1	7	1	0	0	0	0	2	0	1	0	2	//드라곤투구
356	-1	8	1	0	0	0	0	2	0	1	0	2	//드라곤갑옷
356	-1	9	1	0	0	0	0	2	0	1	0	2	//드라곤바지
356	-1	7	26	0	0	0	0	2	0	1	0	2	//다크소울마스크
356	-1	10	26	0	0	0	0	2	0	1	0	2	//다크소울장갑
356	-1	9	26	0	0	0	0	2	0	1	0	2	//다크소울바지
356	-1	11	26	0	0	0	0	2	0	1	0	2	//다크소울부츠
356	-1	7	93	0	0	0	0	2	0	1	0	2	//프린시헬멧
356	-1	10	93	0	0	0	0	2	0	1	0	2	//프린시장갑
356	-1	11	93	0	0	0	0	2	0	1	0	2	//프린시부츠
356	-1	7	34	0	0	0	0	2	0	1	0	2	//애쉬크로우헬멧
356	-1	10	34	0	0	0	0	2	0	1	0	2	//애쉬크로우장갑
356	-1	9	34	0	0	0	0	2	0	1	0	2	//애쉬크로우바지
356	-1	11	34	0	0	0	0	2	0	1	0	2	//애쉬크로우부츠
356	-1	7	35	0	0	0	0	2	0	1	0	2	//이클립스헬멧
356	-1	10	35	0	0	0	0	2	0	1	0	2	//이클립스장갑
356	-1	9	35	0	0	0	0	2	0	1	0	2	//이클립스바지
356	-1	11	35	0	0	0	0	2	0	1	0	2	//이클립스부츠
356	-1	7	36	0	0	0	0	2	0	1	0	2	//아이리스헬멧
356	-1	10	36	0	0	0	0	2	0	1	0	2	//아이리스장갑
356	-1	9	36	0	0	0	0	2	0	1	0	2	//아이리스바지
356	-1	11	36	0	0	0	0	2	0	1	0	2	//아이리스부츠
356	-1	7	41	0	0	0	0	2	0	1	0	2	//에이션트헬멧
356	-1	10	41	0	0	0	0	2	0	1	0	2	//에이션트장갑
356	-1	9	41	0	0	0	0	2	0	1	0	2	//에이션트바지
356	-1	11	41	0	0	0	0	2	0	1	0	2	//에이션트부츠
356	-1	7	60	0	0	0	0	2	0	1	0	2	//스톰자하드투구
356	-1	11	60	0	0	0	0	2	0	1	0	2	//스톰자하드부츠
356	-1	10	15	0	0	0	0	2	0	1	0	2	//아틀란스장갑
356	-1	11	15	0	0	0	0	2	0	1	0	2	//아틀란스부츠
356	-1	10	18	0	0	0	0	2	0	1	0	2	//그랜드소울장갑
356	-1	10	42	0	0	0	0	2	0	1	0	2	//데모닉장갑
356	-1	10	19	0	0	0	0	2	0	1	0	2	//홀리스프릿장갑
//버서커													180
350	-1	2	7	0	0	0	2	2	0	0	0	1614	//엘리멘탈메이스
350	-1	4	16	0	0	0	2	2	0	0	0	1614	//세인트크로스석궁
350	-1	4	17	0	0	0	2	2	0	0	0	1614	//홀리사이트보우
350	-1	4	19	0	0	0	2	2	0	0	0	1614	//그레이트레인석궁
350	-1	0	16	0	0	0	2	2	0	0	0	1614	//파괴의검
350	-1	0	33	0	0	0	2	2	0	0	0	1614	//홀리스톰클로
350	-1	0	31	0	0	0	2	2	0	0	0	1614	//데스브로드
350	-1	3	15	0	0	0	2	2	0	0	0	1614	//플루마랜스
350	-1	3	16	0	0	0	2	2	0	0	0	1614	//비스랜스
350	-1	3	10	0	0	0	2	2	0	0	0	1614	//드라곤스피어
350	-1	5	8	0	0	0	2	2	0	0	0	1614	//파멸의지팡이
350	-1	5	9	0	0	0	2	2	0	0	0	1614	//드래곤소울지팡이
350	-1	5	18	0	0	0	2	2	0	0	0	1614	//데모닉스틱
350	-1	2	10	0	0	0	2	2	0	0	0	1614	//그레이트셉터
350	-1	2	11	0	0	0	2	2	0	0	0	1614	//로드셉터
350	-1	8	60	0	0	0	0	2	0	0	0	1614	//스톰자하드갑옷
350	-1	8	18	0	0	0	0	2	0	0	0	1614	//그랜드소울갑옷
350	-1	9	18	0	0	0	0	2	0	0	0	1614	//그랜드소울바지
350	-1	8	42	0	0	0	0	2	0	0	0	1614	//데모닉갑옷
350	-1	9	42	0	0	0	0	2	0	0	0	1614	//데모닉바지
350	-1	7	19	0	0	0	0	2	0	0	0	1614	//홀리스프릿헬멧
350	-1	8	19	0	0	0	0	2	0	0	0	1614	//홀리스프릿갑옷
350	-1	9	19	0	0	0	0	2	0	0	0	1614	//홀리스프릿바지
350	-1	7	27	0	0	0	0	2	0	0	0	1614	//다크브리즌마스크
350	-1	8	27	0	0	0	0	2	0	0	0	1614	//다크브리즌갑옷
350	-1	9	27	0	0	0	0	2	0	0	0	1614	//다크브리즌바지
350	-1	11	27	0	0	0	0	2	0	0	0	1614	//다크브리즌부츠
350	-1	7	16	0	0	0	0	2	0	0	0	1614	//블랙드라곤투구
350	-1	8	16	0	0	0	0	2	0	0	0	1614	//블랙드라곤갑옷
350	-1	9	16	0	0	0	0	2	0	0	0	1614	//블랙드라곤바지
350	-1	7	94	0	0	0	0	2	0	0	0	1614	//히라트헬멧
350	-1	9	94	0	0	0	0	2	0	0	0	1614	//히라트바지
350	-1	11	94	0	0	0	0	2	0	0	0	1614	//히라트부츠
350	-1	7	95	0	0	0	0	2	0	0	0	1614	//세이트헬멧
350	-1	9	95	0	0	0	0	2	0	0	0	1614	//세이트바지
350	-1	11	95	0	0	0	0	2	0	0	0	1614	//세이트부츠
350	-1	7	61	0	0	0	0	2	0	0	0	1614	//피어싱그로브투구
350	-1	9	61	0	0	0	0	2	0	0	0	1614	//피어싱그로브바지
350	-1	11	61	0	0	0	0	2	0	0	0	1614	//피어싱그로브부츠
350	-1	7	24	0	0	0	0	2	0	0	0	1614	//레드스프릿헬멧
350	-1	10	24	0	0	0	0	2	0	0	0	1614	//레드스프릿장갑
350	-1	9	24	0	0	0	0	2	0	0	0	1614	//레드스프릿바지
350	-1	11	24	0	0	0	0	2	0	0	0	1614	//레드스프릿부츠
350	-1	7	17	0	0	0	0	2	0	0	0	1614	//다크피닉스투구
350	-1	8	17	0	0	0	0	2	0	0	0	1614	//다크피닉스갑옷
350	-1	10	17	0	0	0	0	2	0	0	0	1614	//다크피닉스장갑
350	-1	9	17	0	0	0	0	2	0	0	0	1614	//다크피닉스바지
350	-1	11	17	0	0	0	0	2	0	0	0	1614	//다크피닉스부츠
350	-1	10	22	0	0	0	0	2	0	0	0	1614	//블랙소울장갑
350	-1	11	22	0	0	0	0	2	0	0	0	1614	//블랙소울부츠
350	-1	10	20	0	0	0	0	2	0	0	0	1614	//선더호크장갑
350	-1	9	20	0	0	0	0	2	0	0	0	1614	//선더호크바지
350	-1	11	20	0	0	0	0	2	0	0	0	1614	//선더호크부츠
350	-1	10	28	0	0	0	0	2	0	0	0	1614	//다크마스터장갑
350	-1	11	28	0	0	0	0	2	0	0	0	1614	//다크마스터부츠
350	-1	10	37	0	0	0	0	2	0	0	0	1614	//발리언트장갑
350	-1	11	37	0	0	0	0	2	0	0	0	1614	//발리언트부츠
350	-1	7	38	0	0	0	0	2	0	0	0	1614	//글로리어스마스크
350	-1	10	38	0	0	0	0	2	0	0	0	1614	//글로리어스장갑
350	-1	11	38	0	0	0	0	2	0	0	0	1614	//글로리어스부츠
350	-1	10	21	0	0	0	0	2	0	0	0	1614	//그레이트드라곤장갑
350	-1	11	21	0	0	0	0	2	0	0	0	1614	//그레이트드라곤부츠
350	-1	15	16	0	0	0	0	0	0	0	0	50	//데쓰포이즌법서
350	-1	15	18	0	0	0	0	0	0	0	0	50	//헬버스트법서
350	-1	15	29	0	0	0	0	0	0	0	0	50	//기간틱스톰법서
350	-1	15	28	0	0	0	0	0	0	0	0	50	//마력증대법서
//버서커 엑설런트													
350	-1	2	4	0	0	0	0	2	0	1	0	2	//크리스탈모닝스타
350	-1	4	13	0	0	0	0	2	0	1	0	2	//블루윙석궁
350	-1	4	14	0	0	0	0	2	0	1	0	2	//아쿠아골드석궁
350	-1	0	14	0	0	0	0	2	0	1	0	2	//번개검
350	-1	2	5	0	0	0	0	2	0	1	0	2	//크리스탈검
350	-1	3	9	0	0	0	0	2	0	1	0	2	//발록의낫
350	-1	3	14	0	0	0	0	2	0	1	0	2	//콘모시온랜스
350	-1	3	18	0	0	0	0	2	0	1	0	2	//알라크란랜스
350	-1	5	5	0	0	0	0	2	0	1	0	2	//전설의지팡이
350	-1	5	6	0	0	0	0	2	0	1	0	2	//부활의지팡이
350	-1	5	16	0	0	0	0	2	0	1	0	2	//레드윙스틱
350	-1	5	22	0	0	0	0	2	0	1	0	2	//닐의서
350	-1	5	23	0	0	0	0	2	0	1	0	2	//라글의서
350	-1	2	9	0	0	0	0	2	0	1	0	2	//마스터셉터
350	-1	6	13	0	0	0	0	2	0	1	0	2	//드라곤방패
350	-1	6	16	0	0	0	0	2	0	1	0	2	//엘리멘탈방패
350	-1	6	21	0	0	0	0	2	0	1	0	2	//크로스실드
350	-1	6	30	0	0	0	0	2	0	1	0	2	//플루마실드
350	-1	6	15	0	0	0	0	2	0	1	0	2	//그랜드소울방패
350	-1	6	32	0	0	0	0	2	0	1	0	2	//비스실드
350	-1	8	92	0	0	0	0	2	0	1	0	2	//그루힐갑옷
350	-1	8	25	0	0	0	0	2	0	1	0	2	//라운드갑옷
350	-1	8	59	0	0	0	0	2	0	1	0	2	//세크리드파이어갑옷
350	-1	9	59	0	0	0	0	2	0	1	0	2	//세크리드파이어바지
350	-1	8	14	0	0	0	0	2	0	1	0	2	//수호갑옷
350	-1	7	1	0	0	0	0	2	0	1	0	2	//드라곤투구
350	-1	8	1	0	0	0	0	2	0	1	0	2	//드라곤갑옷
350	-1	7	26	0	0	0	0	2	0	1	0	2	//다크소울마스크
350	-1	10	26	0	0	0	0	2	0	1	0	2	//다크소울장갑
350	-1	9	26	0	0	0	0	2	0	1	0	2	//다크소울바지
350	-1	11	26	0	0	0	0	2	0	1	0	2	//다크소울부츠
350	-1	7	93	0	0	0	0	2	0	1	0	2	//프린시헬멧
350	-1	10	93	0	0	0	0	2	0	1	0	2	//프린시장갑
350	-1	9	93	0	0	0	0	2	0	1	0	2	//프린시바지
350	-1	11	93	0	0	0	0	2	0	1	0	2	//프린시부츠
350	-1	7	34	0	0	0	0	2	0	1	0	2	//애쉬크로우헬멧
350	-1	8	34	0	0	0	0	2	0	1	0	2	//애쉬크로우갑옷
350	-1	10	34	0	0	0	0	2	0	1	0	2	//애쉬크로우장갑
350	-1	9	34	0	0	0	0	2	0	1	0	2	//애쉬크로우바지
350	-1	11	34	0	0	0	0	2	0	1	0	2	//애쉬크로우부츠
350	-1	7	35	0	0	0	0	2	0	1	0	2	//이클립스헬멧
350	-1	8	35	0	0	0	0	2	0	1	0	2	//이클립스갑옷
350	-1	10	35	0	0	0	0	2	0	1	0	2	//이클립스장갑
350	-1	9	35	0	0	0	0	2	0	1	0	2	//이클립스바지
350	-1	11	35	0	0	0	0	2	0	1	0	2	//이클립스부츠
350	-1	7	36	0	0	0	0	2	0	1	0	2	//아이리스헬멧
350	-1	8	36	0	0	0	0	2	0	1	0	2	//아이리스갑옷
350	-1	10	36	0	0	0	0	2	0	1	0	2	//아이리스장갑
350	-1	9	36	0	0	0	0	2	0	1	0	2	//아이리스바지
350	-1	11	36	0	0	0	0	2	0	1	0	2	//아이리스부츠
350	-1	7	41	0	0	0	0	2	0	1	0	2	//에이션트헬멧
350	-1	8	41	0	0	0	0	2	0	1	0	2	//에이션트갑옷
350	-1	10	41	0	0	0	0	2	0	1	0	2	//에이션트장갑
350	-1	9	41	0	0	0	0	2	0	1	0	2	//에이션트바지
350	-1	11	41	0	0	0	0	2	0	1	0	2	//에이션트부츠
350	-1	7	60	0	0	0	0	2	0	1	0	2	//스톰자하드투구
350	-1	11	60	0	0	0	0	2	0	1	0	2	//스톰자하드부츠
350	-1	10	15	0	0	0	0	2	0	1	0	2	//아틀란스장갑
350	-1	9	15	0	0	0	0	2	0	1	0	2	//아틀란스바지
350	-1	11	15	0	0	0	0	2	0	1	0	2	//아틀란스부츠
350	-1	10	18	0	0	0	0	2	0	1	0	2	//그랜드소울장갑
350	-1	10	42	0	0	0	0	2	0	1	0	2	//데모닉장갑
350	-1	10	19	0	0	0	0	2	0	1	0	2	//홀리스프릿장갑
350	-1	10	27	0	0	0	0	2	0	1	0	2	//다크브리즌장갑
//제노사이더 105													180
357	-1	2	7	0	0	0	2	2	0	0	0	2239	//엘리멘탈메이스
357	-1	4	17	0	0	0	2	2	0	0	0	2239	//홀리사이트보우
357	-1	4	19	0	0	0	2	2	0	0	0	2239	//그레이트레인석궁
357	-1	0	31	0	0	0	2	2	0	0	0	2239	//데스브로드
357	-1	0	17	0	0	0	2	2	0	0	0	2239	//다크브레이커
357	-1	0	18	0	0	0	2	2	0	0	0	2239	//선더블레이드
357	-1	0	34	0	0	0	2	2	0	0	0	2239	//피어싱블레이드글러브
357	-1	3	16	0	0	0	2	2	0	0	0	2239	//비스랜스
357	-1	3	10	0	0	0	2	2	0	0	0	2239	//드라곤스피어
357	-1	5	8	0	0	0	2	2	0	0	0	2239	//파멸의지팡이
357	-1	5	9	0	0	0	2	2	0	0	0	2239	//드래곤소울지팡이
357	-1	5	18	0	0	0	2	2	0	0	0	2239	//데모닉스틱
357	-1	2	11	0	0	0	2	2	0	0	0	2239	//로드셉터
357	-1	8	18	0	0	0	0	2	0	0	0	2239	//그랜드소울갑옷
357	-1	8	42	0	0	0	0	2	0	0	0	2239	//데모닉갑옷
357	-1	8	19	0	0	0	0	2	0	0	0	2239	//홀리스프릿갑옷
357	-1	9	19	0	0	0	0	2	0	0	0	2239	//홀리스프릿바지
357	-1	8	27	0	0	0	0	2	0	0	0	2239	//다크브리즌갑옷
357	-1	9	27	0	0	0	0	2	0	0	0	2239	//다크브리즌바지
357	-1	8	16	0	0	0	0	2	0	0	0	2239	//블랙드라곤갑옷
357	-1	8	94	0	0	0	0	2	0	0	0	2239	//히라트갑옷
357	-1	7	94	0	0	0	0	2	0	0	0	2239	//히라트헬멧
357	-1	9	94	0	0	0	0	2	0	0	0	2239	//히라트바지
357	-1	8	95	0	0	0	0	2	0	0	0	2239	//세이트갑옷
357	-1	7	95	0	0	0	0	2	0	0	0	2239	//세이트헬멧
357	-1	9	95	0	0	0	0	2	0	0	0	2239	//세이트바지
357	-1	8	61	0	0	0	0	2	0	0	0	2239	//피어싱그로브갑옷
357	-1	7	61	0	0	0	0	2	0	0	0	2239	//피어싱그로브투구
357	-1	9	61	0	0	0	0	2	0	0	0	2239	//피어싱그로브바지
357	-1	7	24	0	0	0	0	2	0	0	0	2239	//레드스프릿헬멧
357	-1	9	24	0	0	0	0	2	0	0	0	2239	//레드스프릿바지
357	-1	11	24	0	0	0	0	2	0	0	0	2239	//레드스프릿부츠
357	-1	7	17	0	0	0	0	2	0	0	0	2239	//다크피닉스투구
357	-1	8	17	0	0	0	0	2	0	0	0	2239	//다크피닉스갑옷
357	-1	9	17	0	0	0	0	2	0	0	0	2239	//다크피닉스바지
357	-1	11	17	0	0	0	0	2	0	0	0	2239	//다크피닉스부츠
357	-1	10	22	0	0	0	0	2	0	0	0	2239	//블랙소울장갑
357	-1	11	22	0	0	0	0	2	0	0	0	2239	//블랙소울부츠
357	-1	10	20	0	0	0	0	2	0	0	0	2239	//선더호크장갑
357	-1	9	20	0	0	0	0	2	0	0	0	2239	//선더호크바지
357	-1	11	20	0	0	0	0	2	0	0	0	2239	//선더호크부츠
357	-1	10	28	0	0	0	0	2	0	0	0	2239	//다크마스터장갑
357	-1	11	28	0	0	0	0	2	0	0	0	2239	//다크마스터부츠
357	-1	8	37	0	0	0	0	2	0	0	0	2239	//발리언트갑옷
357	-1	10	37	0	0	0	0	2	0	0	0	2239	//발리언트장갑
357	-1	9	37	0	0	0	0	2	0	0	0	2239	//발리언트바지
357	-1	11	37	0	0	0	0	2	0	0	0	2239	//발리언트부츠
357	-1	7	38	0	0	0	0	2	0	0	0	2239	//글로리어스마스크
357	-1	8	38	0	0	0	0	2	0	0	0	2239	//글로리어스갑옷
357	-1	10	38	0	0	0	0	2	0	0	0	2239	//글로리어스장갑
357	-1	9	38	0	0	0	0	2	0	0	0	2239	//글로리어스바지
357	-1	11	38	0	0	0	0	2	0	0	0	2239	//글로리어스부츠
357	-1	7	21	0	0	0	0	2	0	0	0	2239	//그레이트드라곤투구
357	-1	10	21	0	0	0	0	2	0	0	0	2239	//그레이트드라곤장갑
357	-1	11	21	0	0	0	0	2	0	0	0	2239	//그레이트드라곤부츠
357	-1	10	23	0	0	0	0	2	0	0	0	2239	//아스릴장갑
357	-1	15	16	0	0	0	0	0	0	0	0	50	//데쓰포이즌법서
357	-1	15	18	0	0	0	0	0	0	0	0	50	//헬버스트법서
357	-1	15	29	0	0	0	0	0	0	0	0	50	//기간틱스톰법서
357	-1	15	28	0	0	0	0	0	0	0	0	50	//마력증대법서
//제노사이더 엑설런트													
357	-1	2	4	0	0	0	0	2	0	1	0	2	//크리스탈모닝스타
357	-1	4	13	0	0	0	0	2	0	1	0	2	//블루윙석궁
357	-1	4	14	0	0	0	0	2	0	1	0	2	//아쿠아골드석궁
357	-1	2	5	0	0	0	0	2	0	1	0	2	//크리스탈검
357	-1	3	9	0	0	0	0	2	0	1	0	2	//발록의낫
357	-1	3	14	0	0	0	0	2	0	1	0	2	//콘모시온랜스
357	-1	3	18	0	0	0	0	2	0	1	0	2	//알라크란랜스
357	-1	5	6	0	0	0	0	2	0	1	0	2	//부활의지팡이
357	-1	5	17	0	0	0	0	2	0	1	0	2	//에이션트스틱
357	-1	5	23	0	0	0	0	2	0	1	0	2	//라글의서
357	-1	2	9	0	0	0	0	2	0	1	0	2	//마스터셉터
357	-1	6	16	0	0	0	0	2	0	1	0	2	//엘리멘탈방패
357	-1	6	21	0	0	0	0	2	0	1	0	2	//크로스실드
357	-1	6	30	0	0	0	0	2	0	1	0	2	//플루마실드
357	-1	6	15	0	0	0	0	2	0	1	0	2	//그랜드소울방패
357	-1	6	32	0	0	0	0	2	0	1	0	2	//비스실드
357	-1	8	25	0	0	0	0	2	0	1	0	2	//라운드갑옷
357	-1	8	59	0	0	0	0	2	0	1	0	2	//세크리드파이어갑옷
357	-1	9	59	0	0	0	0	2	0	1	0	2	//세크리드파이어바지
357	-1	7	26	0	0	0	0	2	0	1	0	2	//다크소울마스크
357	-1	8	26	0	0	0	0	2	0	1	0	2	//다크소울갑옷
357	-1	9	26	0	0	0	0	2	0	1	0	2	//다크소울바지
357	-1	7	93	0	0	0	0	2	0	1	0	2	//프린시헬멧
357	-1	8	93	0	0	0	0	2	0	1	0	2	//프린시갑옷
357	-1	9	93	0	0	0	0	2	0	1	0	2	//프린시바지
357	-1	11	93	0	0	0	0	2	0	1	0	2	//프린시부츠
357	-1	7	34	0	0	0	0	2	0	1	0	2	//애쉬크로우헬멧
357	-1	8	34	0	0	0	0	2	0	1	0	2	//애쉬크로우갑옷
357	-1	9	34	0	0	0	0	2	0	1	0	2	//애쉬크로우바지
357	-1	11	34	0	0	0	0	2	0	1	0	2	//애쉬크로우부츠
357	-1	7	35	0	0	0	0	2	0	1	0	2	//이클립스헬멧
357	-1	8	35	0	0	0	0	2	0	1	0	2	//이클립스갑옷
357	-1	9	35	0	0	0	0	2	0	1	0	2	//이클립스바지
357	-1	11	35	0	0	0	0	2	0	1	0	2	//이클립스부츠
357	-1	7	36	0	0	0	0	2	0	1	0	2	//아이리스헬멧
357	-1	8	36	0	0	0	0	2	0	1	0	2	//아이리스갑옷
357	-1	9	36	0	0	0	0	2	0	1	0	2	//아이리스바지
357	-1	11	36	0	0	0	0	2	0	1	0	2	//아이리스부츠
357	-1	7	41	0	0	0	0	2	0	1	0	2	//에이션트헬멧
357	-1	8	41	0	0	0	0	2	0	1	0	2	//에이션트갑옷
357	-1	9	41	0	0	0	0	2	0	1	0	2	//에이션트바지
357	-1	11	41	0	0	0	0	2	0	1	0	2	//에이션트부츠
357	-1	7	60	0	0	0	0	2	0	1	0	2	//스톰자하드투구
357	-1	9	60	0	0	0	0	2	0	1	0	2	//스톰자하드바지
357	-1	11	60	0	0	0	0	2	0	1	0	2	//스톰자하드부츠
357	-1	8	15	0	0	0	0	2	0	1	0	2	//아틀란스갑옷
357	-1	10	15	0	0	0	0	2	0	1	0	2	//아틀란스장갑
357	-1	9	15	0	0	0	0	2	0	1	0	2	//아틀란스바지
357	-1	11	15	0	0	0	0	2	0	1	0	2	//아틀란스부츠
357	-1	10	18	0	0	0	0	2	0	1	0	2	//그랜드소울장갑
357	-1	11	18	0	0	0	0	2	0	1	0	2	//그랜드소울부츠
357	-1	10	42	0	0	0	0	2	0	1	0	2	//데모닉장갑
357	-1	11	42	0	0	0	0	2	0	1	0	2	//데모닉부츠
357	-1	10	19	0	0	0	0	2	0	1	0	2	//홀리스프릿장갑
357	-1	10	27	0	0	0	0	2	0	1	0	2	//다크브리즌장갑
357	-1	10	16	0	0	0	0	2	0	1	0	2	//블랙드라곤장갑
357	-1	11	16	0	0	0	0	2	0	1	0	2	//블랙드라곤부츠
//버서커워리어 123													180
553	-1	4	22	0	0	0	2	2	0	0	0	5886	//알바트로스보우
553	-1	0	18	0	0	0	2	2	0	0	0	5886	//선더블레이드
553	-1	0	24	0	0	0	2	2	0	0	0	5886	//데이브레이크
553	-1	0	25	0	0	0	2	2	0	0	0	5886	//소드댄서
553	-1	0	34	0	0	0	2	2	0	0	0	5886	//피어싱블레이드글러브
553	-1	5	13	0	0	0	2	2	0	0	0	5886	//플라티나윙스태프
553	-1	2	15	0	0	0	2	2	0	0	0	5886	//샤이닝셉터
553	-1	8	38	0	0	0	0	2	0	0	0	5886	//글로리어스갑옷
553	-1	9	21	0	0	0	0	2	0	0	0	5886	//그레이트드라곤바지
553	-1	8	37	0	0	0	0	2	0	0	0	5886	//발리언트갑옷
553	-1	8	20	0	0	0	0	2	0	0	0	5886	//선더호크갑옷
553	-1	8	24	0	0	0	0	2	0	0	0	5886	//레드스피릿갑옷
553	-1	9	23	0	0	0	0	2	0	0	0	5886	//아스릴바지
553	-1	11	23	0	0	0	0	2	0	0	0	5886	//아스릴부츠
553	-1	7	28	0	0	0	0	2	0	0	0	5886	//다크마스터마스크
553	-1	8	28	0	0	0	0	2	0	0	0	5886	//다크마스터갑옷
553	-1	9	28	0	0	0	0	2	0	0	0	5886	//다크마스터바지
553	-1	7	22	0	0	0	0	2	0	0	0	5886	//블랙소울헬멧
553	-1	8	22	0	0	0	0	2	0	0	0	5886	//블랙소울갑옷
553	-1	9	22	0	0	0	0	2	0	0	0	5886	//블랙소울바지
553	-1	0	22	0	0	0	0	2	0	0	0	5886	//본블레이드
553	-1	0	23	0	0	0	0	2	0	0	0	5886	//익스플로전블레이드
553	-1	0	35	0	0	0	0	2	0	0	0	5886	//피닉스소울스타
553	-1	2	14	0	0	0	0	2	0	0	0	5886	//솔레이유셉터
553	-1	4	21	0	0	0	0	2	0	0	0	5886	//실프윈드보우
553	-1	5	12	0	0	0	0	2	0	0	0	5886	//그랜드바이퍼지팡이
553	-1	5	19	0	0	0	0	2	0	0	0	5886	//스톰블리츠스틱
//553	-1	12	73	0	0	0	0	0	0	0	0	500	//스피어(테트라)
//버서커워리어 엑설런트													
553	-1	2	7	0	0	0	0	2	0	1	0	2	//엘리멘탈메이스
553	-1	4	16	0	0	0	0	2	0	1	0	2	//세인트크로스석궁
553	-1	4	17	0	0	0	0	2	0	1	0	2	//홀리사이트보우
553	-1	0	16	0	0	0	0	2	0	1	0	2	//파괴의검
553	-1	0	33	0	0	0	0	2	0	1	0	2	//홀리스톰클로
553	-1	3	15	0	0	0	0	2	0	1	0	2	//플루마랜스
553	-1	3	16	0	0	0	0	2	0	1	0	2	//비스랜스
553	-1	3	10	0	0	0	0	2	0	1	0	2	//드라곤스피어
553	-1	5	8	0	0	0	0	2	0	1	0	2	//파멸의지팡이
553	-1	2	10	0	0	0	0	2	0	1	0	2	//그레이트셉터
553	-1	2	11	0	0	0	0	2	0	1	0	2	//로드셉터
553	-1	8	93	0	0	0	0	2	0	1	0	2	//프린시갑옷
553	-1	8	60	0	0	0	0	2	0	1	0	2	//스톰자하드갑옷
553	-1	8	15	0	0	0	0	2	0	1	0	2	//아틀란스갑옷
553	-1	7	18	0	0	0	0	2	0	1	0	2	//그랜드소울헬멧
553	-1	8	18	0	0	0	0	2	0	1	0	2	//그랜드소울갑옷
553	-1	9	18	0	0	0	0	2	0	1	0	2	//그랜드소울바지
553	-1	7	42	0	0	0	0	2	0	1	0	2	//데모닉헬멧
553	-1	8	42	0	0	0	0	2	0	1	0	2	//데모닉갑옷
553	-1	9	42	0	0	0	0	2	0	1	0	2	//데모닉바지
553	-1	7	19	0	0	0	0	2	0	1	0	2	//홀리스프릿헬멧
553	-1	8	19	0	0	0	0	2	0	1	0	2	//홀리스프릿갑옷
553	-1	9	19	0	0	0	0	2	0	1	0	2	//홀리스프릿바지
553	-1	7	27	0	0	0	0	2	0	1	0	2	//다크브리즌마스크
553	-1	8	27	0	0	0	0	2	0	1	0	2	//다크브리즌갑옷
553	-1	9	27	0	0	0	0	2	0	1	0	2	//다크브리즌바지
553	-1	11	27	0	0	0	0	2	0	1	0	2	//다크브리즌부츠
553	-1	7	16	0	0	0	0	2	0	1	0	2	//블랙드라곤투구
553	-1	8	16	0	0	0	0	2	0	1	0	2	//블랙드라곤갑옷
553	-1	9	16	0	0	0	0	2	0	1	0	2	//블랙드라곤바지
553	-1	7	94	0	0	0	0	2	0	1	0	2	//히라트헬멧
553	-1	10	94	0	0	0	0	2	0	1	0	2	//히라트장갑
553	-1	9	94	0	0	0	0	2	0	1	0	2	//히라트바지
553	-1	11	94	0	0	0	0	2	0	1	0	2	//히라트부츠
553	-1	7	95	0	0	0	0	2	0	1	0	2	//세이트헬멧
553	-1	10	95	0	0	0	0	2	0	1	0	2	//세이트장갑
553	-1	9	95	0	0	0	0	2	0	1	0	2	//세이트바지
553	-1	11	95	0	0	0	0	2	0	1	0	2	//세이트부츠
553	-1	7	61	0	0	0	0	2	0	1	0	2	//피어싱그로브투구
553	-1	9	61	0	0	0	0	2	0	1	0	2	//피어싱그로브바지
553	-1	11	61	0	0	0	0	2	0	1	0	2	//피어싱그로브부츠
553	-1	7	17	0	0	0	0	2	0	1	0	2	//다크피닉스투구
553	-1	10	17	0	0	0	0	2	0	1	0	2	//다크피닉스장갑
553	-1	9	17	0	0	0	0	2	0	1	0	2	//다크피닉스바지
553	-1	11	17	0	0	0	0	2	0	1	0	2	//다크피닉스부츠
553	-1	10	22	0	0	0	0	2	0	1	0	2	//블랙소울장갑
553	-1	11	22	0	0	0	0	2	0	1	0	2	//블랙소울부츠
553	-1	10	20	0	0	0	0	2	0	1	0	2	//선더호크장갑
553	-1	11	20	0	0	0	0	2	0	1	0	2	//선더호크부츠
553	-1	10	28	0	0	0	0	2	0	1	0	2	//다크마스터장갑
553	-1	11	28	0	0	0	0	2	0	1	0	2	//다크마스터부츠
553	-1	10	37	0	0	0	0	2	0	1	0	2	//발리언트장갑
553	-1	11	37	0	0	0	0	2	0	1	0	2	//발리언트부츠
553	-1	7	38	0	0	0	0	2	0	1	0	2	//글로리어스마스크
553	-1	10	38	0	0	0	0	2	0	1	0	2	//글로리어스장갑
553	-1	11	38	0	0	0	0	2	0	1	0	2	//글로리어스부츠
553	-1	7	24	0	0	0	0	2	0	1	0	2	//레드스피릿헬멧
553	-1	10	24	0	0	0	0	2	0	1	0	2	//레드스피릿장갑
553	-1	11	24	0	0	0	0	2	0	1	0	2	//레드스피릿부츠
553	-1	11	21	0	0	0	0	2	0	1	0	2	//그레이트드라곤부츠
553	-1	10	21	0	0	0	0	2	0	1	0	2	//그레이트드라곤장갑
//켄타우로스워리어 126													180
554	-1	4	22	0	0	0	2	2	0	0	0	8413	//알바트로스보우
554	-1	0	24	0	0	0	2	2	0	0	0	8413	//데이브레이크
554	-1	0	25	0	0	0	2	2	0	0	0	8413	//소드댄서
554	-1	5	13	0	0	0	2	2	0	0	0	8413	//플라티나윙스태프
554	-1	2	15	0	0	0	2	2	0	0	0	8413	//샤이닝셉터
554	-1	8	21	0	0	0	0	2	0	0	0	8413	//그레이트드라곤갑옷
554	-1	9	21	0	0	0	0	2	0	0	0	8413	//그레이트드라곤바지
554	-1	8	24	0	0	0	0	2	0	0	0	8413	//레드스피릿갑옷
554	-1	9	23	0	0	0	0	2	0	0	0	8413	//아스릴바지
554	-1	11	23	0	0	0	0	2	0	0	0	8413	//아스릴부츠
554	-1	8	28	0	0	0	0	2	0	0	0	8413	//다크마스터갑옷
554	-1	9	28	0	0	0	0	2	0	0	0	8413	//다크마스터바지
554	-1	7	22	0	0	0	0	2	0	0	0	8413	//블랙소울헬멧
554	-1	8	22	0	0	0	0	2	0	0	0	8413	//블랙소울갑옷
554	-1	9	22	0	0	0	0	2	0	0	0	8413	//블랙소울바지
554	-1	0	22	0	0	0	0	2	0	0	0	8413	//본블레이드
554	-1	0	23	0	0	0	0	2	0	0	0	8413	//익스플로전블레이드
554	-1	0	35	0	0	0	0	2	0	0	0	8413	//피닉스소울스타
554	-1	2	14	0	0	0	0	2	0	0	0	8413	//솔레이유셉터
554	-1	4	21	0	0	0	0	2	0	0	0	8413	//실프윈드보우
554	-1	5	12	0	0	0	0	2	0	0	0	8413	//그랜드바이퍼지팡이
554	-1	5	19	0	0	0	0	2	0	0	0	8413	//스톰블리츠스틱
//554	-1	12	73	0	0	0	0	0	0	0	0	500	//스피어(테트라)
//켄타우로스워리어 엑설런트													
554	-1	2	7	0	0	0	0	2	0	1	0	2	//엘리멘탈메이스
554	-1	4	16	0	0	0	0	2	0	1	0	2	//세인트크로스석궁
554	-1	4	17	0	0	0	0	2	0	1	0	2	//홀리사이트보우
554	-1	4	19	0	0	0	0	2	0	1	0	2	//그레이트레인석궁
554	-1	0	31	0	0	0	0	2	0	1	0	2	//데스브로드
554	-1	3	15	0	0	0	0	2	0	1	0	2	//플루마랜스
554	-1	3	16	0	0	0	0	2	0	1	0	2	//비스랜스
554	-1	3	10	0	0	0	0	2	0	1	0	2	//드라곤스피어
554	-1	5	8	0	0	0	0	2	0	1	0	2	//파멸의지팡이
554	-1	5	9	0	0	0	0	2	0	1	0	2	//드래곤소울지팡이
554	-1	5	18	0	0	0	0	2	0	1	0	2	//데모닉스틱
554	-1	2	11	0	0	0	0	2	0	1	0	2	//로드셉터
554	-1	8	18	0	0	0	0	2	0	1	0	2	//그랜드소울갑옷
554	-1	9	18	0	0	0	0	2	0	1	0	2	//그랜드소울바지
554	-1	8	42	0	0	0	0	2	0	1	0	2	//데모닉갑옷
554	-1	9	42	0	0	0	0	2	0	1	0	2	//데모닉바지
554	-1	7	19	0	0	0	0	2	0	1	0	2	//홀리스프릿헬멧
554	-1	8	19	0	0	0	0	2	0	1	0	2	//홀리스프릿갑옷
554	-1	9	19	0	0	0	0	2	0	1	0	2	//홀리스프릿바지
554	-1	7	27	0	0	0	0	2	0	1	0	2	//다크브리즌마스크
554	-1	8	27	0	0	0	0	2	0	1	0	2	//다크브리즌갑옷
554	-1	9	27	0	0	0	0	2	0	1	0	2	//다크브리즌바지
554	-1	11	27	0	0	0	0	2	0	1	0	2	//다크브리즌부츠
554	-1	8	16	0	0	0	0	2	0	1	0	2	//블랙드라곤갑옷
554	-1	9	16	0	0	0	0	2	0	1	0	2	//블랙드라곤바지
554	-1	7	94	0	0	0	0	2	0	1	0	2	//히라트헬멧
554	-1	8	94	0	0	0	0	2	0	1	0	2	//히라트갑옷
554	-1	9	94	0	0	0	0	2	0	1	0	2	//히라트바지
554	-1	11	94	0	0	0	0	2	0	1	0	2	//히라트부츠
554	-1	7	95	0	0	0	0	2	0	1	0	2	//세이트헬멧
554	-1	8	95	0	0	0	0	2	0	1	0	2	//세이트갑옷
554	-1	9	95	0	0	0	0	2	0	1	0	2	//세이트바지
554	-1	11	95	0	0	0	0	2	0	1	0	2	//세이트부츠
554	-1	7	61	0	0	0	0	2	0	1	0	2	//피어싱그로브투구
554	-1	8	61	0	0	0	0	2	0	1	0	2	//피어싱그로브갑옷
554	-1	9	61	0	0	0	0	2	0	1	0	2	//피어싱그로브바지
554	-1	7	17	0	0	0	0	2	0	1	0	2	//다크피닉스투구
554	-1	8	17	0	0	0	0	2	0	1	0	2	//다크피닉스갑옷
554	-1	10	17	0	0	0	0	2	0	1	0	2	//다크피닉스장갑
554	-1	9	17	0	0	0	0	2	0	1	0	2	//다크피닉스바지
554	-1	11	17	0	0	0	0	2	0	1	0	2	//다크피닉스부츠
554	-1	10	22	0	0	0	0	2	0	1	0	2	//블랙소울장갑
554	-1	11	22	0	0	0	0	2	0	1	0	2	//블랙소울부츠
554	-1	10	20	0	0	0	0	2	0	1	0	2	//선더호크장갑
554	-1	9	20	0	0	0	0	2	0	1	0	2	//선더호크바지
554	-1	11	20	0	0	0	0	2	0	1	0	2	//선더호크부츠
554	-1	10	28	0	0	0	0	2	0	1	0	2	//다크마스터장갑
554	-1	11	28	0	0	0	0	2	0	1	0	2	//다크마스터부츠
554	-1	10	37	0	0	0	0	2	0	1	0	2	//발리언트장갑
554	-1	9	37	0	0	0	0	2	0	1	0	2	//발리언트바지
554	-1	11	37	0	0	0	0	2	0	1	0	2	//발리언트부츠
554	-1	7	38	0	0	0	0	2	0	1	0	2	//글로리어스마스크
554	-1	10	38	0	0	0	0	2	0	1	0	2	//글로리어스장갑
554	-1	9	38	0	0	0	0	2	0	1	0	2	//글로리어스바지
554	-1	11	38	0	0	0	0	2	0	1	0	2	//글로리어스부츠
554	-1	7	24	0	0	0	0	2	0	1	0	2	//레드스피릿헬멧
554	-1	10	24	0	0	0	0	2	0	1	0	2	//레드스피릿장갑
554	-1	9	24	0	0	0	0	2	0	1	0	2	//레드스피릿바지
554	-1	11	24	0	0	0	0	2	0	1	0	2	//레드스피릿부츠
554	-1	11	21	0	0	0	0	2	0	1	0	2	//그레이트드라곤부츠
554	-1	10	21	0	0	0	0	2	0	1	0	2	//그레이트드라곤장갑
//기간티스워리어 128													180
555	-1	4	22	0	0	0	2	2	0	0	0	8967	//알바트로스보우
555	-1	0	24	0	0	0	2	2	0	0	0	8967	//데이브레이크
555	-1	0	25	0	0	0	2	2	0	0	0	8967	//소드댄서
555	-1	5	13	0	0	0	2	2	0	0	0	8967	//플라티나윙스태프
555	-1	2	15	0	0	0	2	2	0	0	0	8967	//샤이닝셉터
555	-1	8	21	0	0	0	0	2	0	0	0	8967	//그레이트드라곤갑옷
555	-1	9	21	0	0	0	0	2	0	0	0	8967	//그레이트드라곤바지
555	-1	8	23	0	0	0	0	2	0	0	0	8967	//아스릴갑옷
555	-1	9	23	0	0	0	0	2	0	0	0	8967	//아스릴바지
555	-1	11	23	0	0	0	0	2	0	0	0	8967	//아스릴부츠
555	-1	8	28	0	0	0	0	2	0	0	0	8967	//다크마스터갑옷
555	-1	9	28	0	0	0	0	2	0	0	0	8967	//다크마스터바지
555	-1	7	22	0	0	0	0	2	0	0	0	8967	//블랙소울헬멧
555	-1	8	22	0	0	0	0	2	0	0	0	8967	//블랙소울갑옷
555	-1	9	22	0	0	0	0	2	0	0	0	8967	//블랙소울바지
555	-1	0	22	0	0	0	0	2	0	0	0	8967	//본블레이드
555	-1	0	23	0	0	0	0	2	0	0	0	8967	//익스플로전블레이드
555	-1	0	35	0	0	0	0	2	0	0	0	8967	//피닉스소울스타
555	-1	2	14	0	0	0	0	2	0	0	0	8967	//솔레이유셉터
555	-1	4	21	0	0	0	0	2	0	0	0	8967	//실프윈드보우
555	-1	5	12	0	0	0	0	2	0	0	0	8967	//그랜드바이퍼지팡이
555	-1	5	19	0	0	0	0	2	0	0	0	8967	//스톰블리츠스틱
//555	-1	12	73	0	0	0	0	0	0	0	0	500	//스피어(테트라)
//기간티스워리어 엑설런트													
555	-1	2	7	0	0	0	0	2	0	1	0	2	//엘리멘탈메이스
555	-1	4	17	0	0	0	0	2	0	1	0	2	//홀리사이트보우
555	-1	4	19	0	0	0	0	2	0	1	0	2	//그레이트레인석궁
555	-1	0	31	0	0	0	0	2	0	1	0	2	//데스브로드
555	-1	3	15	0	0	0	0	2	0	1	0	2	//플루마랜스
555	-1	3	16	0	0	0	0	2	0	1	0	2	//비스랜스
555	-1	3	10	0	0	0	0	2	0	1	0	2	//드라곤스피어
555	-1	5	8	0	0	0	0	2	0	1	0	2	//파멸의지팡이
555	-1	5	9	0	0	0	0	2	0	1	0	2	//드래곤소울지팡이
555	-1	5	18	0	0	0	0	2	0	1	0	2	//데모닉스틱
555	-1	2	11	0	0	0	0	2	0	1	0	2	//로드셉터
555	-1	8	18	0	0	0	0	2	0	1	0	2	//그랜드소울갑옷
555	-1	9	18	0	0	0	0	2	0	1	0	2	//그랜드소울바지
555	-1	8	42	0	0	0	0	2	0	1	0	2	//데모닉갑옷
555	-1	9	42	0	0	0	0	2	0	1	0	2	//데모닉바지
555	-1	7	19	0	0	0	0	2	0	1	0	2	//홀리스프릿헬멧
555	-1	8	19	0	0	0	0	2	0	1	0	2	//홀리스프릿갑옷
555	-1	9	19	0	0	0	0	2	0	1	0	2	//홀리스프릿바지
555	-1	7	27	0	0	0	0	2	0	1	0	2	//다크브리즌마스크
555	-1	8	27	0	0	0	0	2	0	1	0	2	//다크브리즌갑옷
555	-1	9	27	0	0	0	0	2	0	1	0	2	//다크브리즌바지
555	-1	8	16	0	0	0	0	2	0	1	0	2	//블랙드라곤갑옷
555	-1	7	94	0	0	0	0	2	0	1	0	2	//히라트헬멧
555	-1	8	94	0	0	0	0	2	0	1	0	2	//히라트갑옷
555	-1	9	94	0	0	0	0	2	0	1	0	2	//히라트바지
555	-1	11	94	0	0	0	0	2	0	1	0	2	//히라트부츠
555	-1	7	95	0	0	0	0	2	0	1	0	2	//세이트헬멧
555	-1	8	95	0	0	0	0	2	0	1	0	2	//세이트갑옷
555	-1	9	95	0	0	0	0	2	0	1	0	2	//세이트바지
555	-1	11	95	0	0	0	0	2	0	1	0	2	//세이트부츠
555	-1	7	61	0	0	0	0	2	0	1	0	2	//피어싱그로브투구
555	-1	8	61	0	0	0	0	2	0	1	0	2	//피어싱그로브갑옷
555	-1	9	61	0	0	0	0	2	0	1	0	2	//피어싱그로브바지
555	-1	7	17	0	0	0	0	2	0	1	0	2	//다크피닉스투구
555	-1	8	17	0	0	0	0	2	0	1	0	2	//다크피닉스갑옷
555	-1	10	17	0	0	0	0	2	0	1	0	2	//다크피닉스장갑
555	-1	9	17	0	0	0	0	2	0	1	0	2	//다크피닉스바지
555	-1	11	17	0	0	0	0	2	0	1	0	2	//다크피닉스부츠
555	-1	10	22	0	0	0	0	2	0	1	0	2	//블랙소울장갑
555	-1	11	22	0	0	0	0	2	0	1	0	2	//블랙소울부츠
555	-1	10	20	0	0	0	0	2	0	1	0	2	//선더호크장갑
555	-1	9	20	0	0	0	0	2	0	1	0	2	//선더호크바지
555	-1	11	20	0	0	0	0	2	0	1	0	2	//선더호크부츠
555	-1	10	28	0	0	0	0	2	0	1	0	2	//다크마스터장갑
555	-1	11	28	0	0	0	0	2	0	1	0	2	//다크마스터부츠
555	-1	10	37	0	0	0	0	2	0	1	0	2	//발리언트장갑
555	-1	9	37	0	0	0	0	2	0	1	0	2	//발리언트바지
555	-1	11	37	0	0	0	0	2	0	1	0	2	//발리언트부츠
555	-1	7	38	0	0	0	0	2	0	1	0	2	//글로리어스마스크
555	-1	10	38	0	0	0	0	2	0	1	0	2	//글로리어스장갑
555	-1	9	38	0	0	0	0	2	0	1	0	2	//글로리어스바지
555	-1	11	38	0	0	0	0	2	0	1	0	2	//글로리어스부츠
555	-1	10	23	0	0	0	0	2	0	1	0	2	//아스릴장갑
555	-1	7	24	0	0	0	0	2	0	1	0	2	//레드스피릿헬멧
555	-1	9	24	0	0	0	0	2	0	1	0	2	//레드스피릿바지
555	-1	11	24	0	0	0	0	2	0	1	0	2	//레드스피릿부츠
555	-1	11	21	0	0	0	0	2	0	1	0	2	//그레이트드라곤부츠
555	-1	10	21	0	0	0	0	2	0	1	0	2	//그레이트드라곤장갑
//제노사이더워리어 129													180
556	-1	0	24	0	0	0	2	2	0	0	0	13446	//데이브레이크
556	-1	0	25	0	0	0	2	2	0	0	0	13446	//소드댄서
556	-1	8	21	0	0	0	0	2	0	0	0	13446	//그레이트드라곤갑옷
556	-1	9	21	0	0	0	0	2	0	0	0	13446	//그레이트드라곤바지
556	-1	8	23	0	0	0	0	2	0	0	0	13446	//아스릴갑옷
556	-1	9	23	0	0	0	0	2	0	0	0	13446	//아스릴바지
556	-1	8	28	0	0	0	0	2	0	0	0	13446	//다크마스터갑옷
556	-1	8	22	0	0	0	0	2	0	0	0	13446	//블랙소울갑옷
556	-1	9	22	0	0	0	0	2	0	0	0	13446	//블랙소울바지
556	-1	0	22	0	0	0	0	2	0	0	0	13446	//본블레이드
556	-1	0	23	0	0	0	0	2	0	0	0	13446	//익스플로전블레이드
556	-1	0	35	0	0	0	0	2	0	0	0	13446	//피닉스소울스타
556	-1	2	14	0	0	0	0	2	0	0	0	13446	//솔레이유셉터
556	-1	4	21	0	0	0	0	2	0	0	0	13446	//실프윈드보우
556	-1	5	12	0	0	0	0	2	0	0	0	13446	//그랜드바이퍼지팡이
556	-1	5	19	0	0	0	0	2	0	0	0	13446	//스톰블리츠스틱
//556	-1	12	73	0	0	0	0	0	0	0	0	500	//스피어(테트라)
//제노사이더워리어 엑설런트													
556	-1	2	7	0	0	0	0	2	0	1	0	2	//엘리멘탈메이스
556	-1	4	17	0	0	0	0	2	0	1	0	2	//홀리사이트보우
556	-1	4	19	0	0	0	0	2	0	1	0	2	//그레이트레인석궁
556	-1	0	31	0	0	0	0	2	0	1	0	2	//데스브로드
556	-1	0	17	0	0	0	0	2	0	1	0	2	//다크브레이커
556	-1	3	16	0	0	0	0	2	0	1	0	2	//비스랜스
556	-1	3	10	0	0	0	0	2	0	1	0	2	//드라곤스피어
556	-1	5	8	0	0	0	0	2	0	1	0	2	//파멸의지팡이
556	-1	5	9	0	0	0	0	2	0	1	0	2	//드래곤소울지팡이
556	-1	5	18	0	0	0	0	2	0	1	0	2	//데모닉스틱
556	-1	2	11	0	0	0	0	2	0	1	0	2	//로드셉터
556	-1	8	18	0	0	0	0	2	0	1	0	2	//그랜드소울갑옷
556	-1	9	18	0	0	0	0	2	0	1	0	2	//그랜드소울바지
556	-1	8	42	0	0	0	0	2	0	1	0	2	//데모닉갑옷
556	-1	9	42	0	0	0	0	2	0	1	0	2	//데모닉바지
556	-1	8	19	0	0	0	0	2	0	1	0	2	//홀리스프릿갑옷
556	-1	9	19	0	0	0	0	2	0	1	0	2	//홀리스프릿바지
556	-1	7	27	0	0	0	0	2	0	1	0	2	//다크브리즌마스크
556	-1	8	27	0	0	0	0	2	0	1	0	2	//다크브리즌갑옷
556	-1	9	27	0	0	0	0	2	0	1	0	2	//다크브리즌바지
556	-1	8	16	0	0	0	0	2	0	1	0	2	//블랙드라곤갑옷
556	-1	7	94	0	0	0	0	2	0	1	0	2	//히라트헬멧
556	-1	8	94	0	0	0	0	2	0	1	0	2	//히라트갑옷
556	-1	9	94	0	0	0	0	2	0	1	0	2	//히라트바지
556	-1	7	95	0	0	0	0	2	0	1	0	2	//세이트헬멧
556	-1	8	95	0	0	0	0	2	0	1	0	2	//세이트갑옷
556	-1	9	95	0	0	0	0	2	0	1	0	2	//세이트바지
556	-1	7	61	0	0	0	0	2	0	1	0	2	//피어싱그로브투구
556	-1	8	61	0	0	0	0	2	0	1	0	2	//피어싱그로브갑옷
556	-1	9	61	0	0	0	0	2	0	1	0	2	//피어싱그로브바지
556	-1	7	17	0	0	0	0	2	0	1	0	2	//다크피닉스투구
556	-1	8	17	0	0	0	0	2	0	1	0	2	//다크피닉스갑옷
556	-1	10	17	0	0	0	0	2	0	1	0	2	//다크피닉스장갑
556	-1	9	17	0	0	0	0	2	0	1	0	2	//다크피닉스바지
556	-1	11	17	0	0	0	0	2	0	1	0	2	//다크피닉스부츠
556	-1	10	22	0	0	0	0	2	0	1	0	2	//블랙소울장갑
556	-1	11	22	0	0	0	0	2	0	1	0	2	//블랙소울부츠
556	-1	10	20	0	0	0	0	2	0	1	0	2	//선더호크장갑
556	-1	9	20	0	0	0	0	2	0	1	0	2	//선더호크바지
556	-1	11	20	0	0	0	0	2	0	1	0	2	//선더호크부츠
556	-1	10	28	0	0	0	0	2	0	1	0	2	//다크마스터장갑
556	-1	11	28	0	0	0	0	2	0	1	0	2	//다크마스터부츠
556	-1	10	37	0	0	0	0	2	0	1	0	2	//발리언트장갑
556	-1	9	37	0	0	0	0	2	0	1	0	2	//발리언트바지
556	-1	11	37	0	0	0	0	2	0	1	0	2	//발리언트부츠
556	-1	7	38	0	0	0	0	2	0	1	0	2	//글로리어스마스크
556	-1	10	38	0	0	0	0	2	0	1	0	2	//글로리어스장갑
556	-1	9	38	0	0	0	0	2	0	1	0	2	//글로리어스바지
556	-1	11	38	0	0	0	0	2	0	1	0	2	//글로리어스부츠
556	-1	10	23	0	0	0	0	2	0	1	0	2	//아스릴장갑
556	-1	7	24	0	0	0	0	2	0	1	0	2	//레드스피릿헬멧
556	-1	9	24	0	0	0	0	2	0	1	0	2	//레드스피릿바지
556	-1	7	21	0	0	0	0	2	0	1	0	2	//그레이트드라곤투구
556	-1	11	21	0	0	0	0	2	0	1	0	2	//그레이트드라곤부츠
556	-1	10	21	0	0	0	0	2	0	1	0	2	//그레이트드라곤장갑
end													
