////////////////////////////////////////////////////////////////////////////////																																															
// Text Ver. 0.0.1.9	0.0.2.5																																														
// Version - T서버																																															
// Version - M서버																																															
// 최종 작업자	사재일																																														
// 최종 작업일 - 	2016-07-13 14:31																																														
// 내용	마스터리 3차 등록																																														
////////////////////////////////////////////////////////////////////////////////																																															
// Link Index 254 까지 사용 가능																																															
																																															
//link Index	name	option 2-1	Value	option 2-2	Value	option 3-1	Value	option 3-2	Value	option 4-1	Value	option 4-2	Value	option 5-1	Value	option 5-2	Value	option 6-1	Value	option 6-2	Value	option 7-1	Value	option 7-2	Value	option 8	Value	option 9	Value	Full 1	Value	Full 2	Value	Full 3	Value	Full 4	Value	Full 5	Value	흑마법사	흑기사	요정	마검사	다크로드	소환술사	레이지파이터	그로우랜서
	// 흑기사 or 마검사 or 레이지파이터																																														
1	"무도가의"	0	10	-1	-1	19	10	-1	-1	13	20	-1	-1	14	5	-1	-1	10	20	-1	-1	1	10	-1	-1	-1	-1	-1	-1	15	5	17	5	0	25	-1	-1	-1	-1	0	0	0	0	0	0	0	0
2	"무명의"	11	50	-1	-1	1	50	-1	-1	22	25	-1	-1	-1	-1	-1	-1	-1	-1	-1	-1	-1	-1	-1	-1	-1	-1	-1	-1	8	30	-1	-1	-1	-1	-1	-1	-1	-1	0	0	0	0	0	0	0	0
3	"하이페리온의"	2	15	-1	-1	1	15	-1	-1	-1	-1	-1	-1	-1	-1	-1	-1	-1	-1	-1	-1	-1	-1	-1	-1	-1	-1	-1	-1	19	20	12	30	-1	-1	-1	-1	-1	-1	0	0	0	0	0	0	0	0
4	"미스트의"	3	20	-1	-1	19	30	-1	-1	-1	-1	-1	-1	-1	-1	-1	-1	-1	-1	-1	-1	-1	-1	-1	-1	-1	-1	-1	-1	20	10	1	20	-1	-1	-1	-1	-1	-1	0	0	0	0	0	0	0	0
5	"이플리트의"	19	15	-1	-1	9	50	-1	-1	7	5	-1	-1	11	50	-1	-1	-1	-1	-1	-1	-1	-1	-1	-1	-1	-1	-1	-1	13	30	15	10	17	10	-1	-1	-1	-1	0	0	0	0	0	0	0	0
6	"버서커의"	6	10	-1	-1	6	20	-1	-1	6	30	-1	-1	6	40	-1	-1	-1	-1	-1	-1	-1	-1	-1	-1	-1	-1	-1	-1	19	40	0	40	-1	-1	-1	-1	-1	-1	0	0	0	0	0	0	0	0
7	"가루다의"	13	30	-1	-1	20	5	-1	-1	2	15	-1	-1	11	50	-1	-1	-1	-1	-1	-1	-1	-1	-1	-1	-1	-1	-1	-1	19	25	7	15	-1	-1	-1	-1	-1	-1	0	0	0	0	0	0	0	0
8	"클라우드의"	15	20	-1	-1	-1	-1	-1	-1	-1	-1	-1	-1	-1	-1	-1	-1	-1	-1	-1	-1	-1	-1	-1	-1	-1	-1	-1	-1	16	50	-1	-1	-1	-1	-1	-1	-1	-1	0	0	0	0	0	0	0	0
9	"칸타타의"	2	15	-1	-1	3	30	-1	-1	7	10	-1	-1	0	15	-1	-1	-1	-1	-1	-1	-1	-1	-1	-1	-1	-1	-1	-1	19	25	17	10	18	20	-1	-1	-1	-1	0	0	0	0	0	0	0	0
10	"레이브의"	19	20	-1	-1	20	10	-1	-1	-1	-1	-1	-1	-1	-1	-1	-1	-1	-1	-1	-1	-1	-1	-1	-1	-1	-1	-1	-1	23	30	21	5	-1	-1	-1	-1	-1	-1	0	0	0	0	0	0	0	0
	// 흑기사																																														
11	"하이온의"	10	25	-1	-1	20	10	-1	-1	19	20	-1	-1	-1	-1	-1	-1	-1	-1	-1	-1	-1	-1	-1	-1	-1	-1	-1	-1	15	15	17	15	16	20	18	20	-1	-1	0	0	0	0	0	0	0	0
12	"비셔스의"	19	15	-1	-1	8	15	-1	-1	20	10	-1	-1	-1	-1	-1	-1	-1	-1	-1	-1	-1	-1	-1	-1	-1	-1	-1	-1	5	20	6	30	21	5	-1	-1	-1	-1	0	0	0	0	0	0	0	0
	// 흑마법사 or 마검사																																														
13	"아폴로의"	2	10	-1	-1	7	5	-1	-1	19	10	-1	-1	12	30	-1	-1	11	30	-1	-1	13	20	-1	-1	-1	-1	-1	-1	15	10	17	10	2	30	-1	-1	-1	-1	0	0	0	0	0	0	0	0
14	"바네크의"	7	10	-1	-1	2	20	-1	-1	-1	-1	-1	-1	-1	-1	-1	-1	-1	-1	-1	-1	-1	-1	-1	-1	-1	-1	-1	-1	19	30	12	100	-1	-1	-1	-1	-1	-1	0	0	0	0	0	0	0	0
15	"에비스의"	19	15	-1	-1	3	20	-1	-1	7	10	-1	-1	-1	-1	-1	-1	-1	-1	-1	-1	-1	-1	-1	-1	-1	-1	-1	-1	20	5	9	50	14	5	-1	-1	-1	-1	0	0	0	0	0	0	0	0
16	"실리온의"	20	5	-1	-1	15	5	-1	-1	10	20	-1	-1	-1	-1	-1	-1	-1	-1	-1	-1	-1	-1	-1	-1	-1	-1	-1	-1	0	50	1	50	3	50	2	50	-1	-1	0	0	0	0	0	0	0	0
17	"헤라스의"	0	15	-1	-1	7	10	-1	-1	22	5	-1	-1	2	15	-1	-1	9	50	-1	-1	-1	-1	-1	-1	-1	-1	-1	-1	15	10	17	10	11	50	12	50	-1	-1	0	0	0	0	0	0	0	0
18	"미네의"	2	30	-1	-1	10	30	-1	-1	-1	-1	-1	-1	-1	-1	-1	-1	-1	-1	-1	-1	-1	-1	-1	-1	-1	-1	-1	-1	12	100	19	15	-1	-1	-1	-1	-1	-1	0	0	0	0	0	0	0	0
	// 흑마법사																																														
19	"아누비스의"	20	10	-1	-1	12	50	-1	-1	7	10	-1	-1	-1	-1	-1	-1	-1	-1	-1	-1	-1	-1	-1	-1	-1	-1	-1	-1	15	15	17	15	16	20	18	20	-1	-1	0	0	0	0	0	0	0	0
20	"이시스의"	19	10	-1	-1	20	10	-1	-1	2	30	-1	-1	-1	-1	-1	-1	-1	-1	-1	-1	-1	-1	-1	-1	-1	-1	-1	-1	7	10	21	5	-1	-1	-1	-1	-1	-1	0	0	0	0	0	0	0	0
	// 요정																																														
21	"세토의"	1	10	-1	-1	11	50	-1	-1	10	20	-1	-1	22	5	-1	-1	2	10	-1	-1	-1	-1	-1	-1	-1	-1	-1	-1	11	50	0	20	-1	-1	-1	-1	-1	-1	0	0	0	0	0	0	0	0
22	"드라크의"	1	20	-1	-1	8	25	-1	-1	20	20	-1	-1	-1	-1	-1	-1	-1	-1	-1	-1	-1	-1	-1	-1	-1	-1	-1	-1	10	40	15	10	-1	-1	-1	-1	-1	-1	0	0	0	0	0	0	0	0
23	"가이아의"	19	10	-1	-1	12	25	-1	-1	0	10	-1	-1	20	5	-1	-1	-1	-1	-1	-1	-1	-1	-1	-1	-1	-1	-1	-1	1	30	17	10	18	10	-1	-1	-1	-1	0	0	0	0	0	0	0	0
24	"페이즈의"	11	100	-1	-1	12	100	-1	-1	-1	-1	-1	-1	-1	-1	-1	-1	-1	-1	-1	-1	-1	-1	-1	-1	-1	-1	-1	-1	10	100	-1	-1	-1	-1	-1	-1	-1	-1	0	0	0	0	0	0	0	0
25	"오딘의"	2	15	-1	-1	11	50	-1	-1	9	50	-1	-1	1	30	-1	-1	-1	-1	-1	-1	-1	-1	-1	-1	-1	-1	-1	-1	12	50	21	5	13	50	-1	-1	-1	-1	0	0	0	0	0	0	0	0
26	"앨비안의"	1	30	-1	-1	-1	-1	-1	-1	-1	-1	-1	-1	-1	-1	-1	-1	-1	-1	-1	-1	-1	-1	-1	-1	-1	-1	-1	-1	21	5	-1	-1	-1	-1	-1	-1	-1	-1	0	0	0	0	0	0	0	0
27	"아르고의"	6	20	-1	-1	19	25	-1	-1	-1	-1	-1	-1	-1	-1	-1	-1	-1	-1	-1	-1	-1	-1	-1	-1	-1	-1	-1	-1	13	50	20	5	-1	-1	-1	-1	-1	-1	0	0	0	0	0	0	0	0
28	"카리스의"	19	15	-1	-1	20	10	-1	-1	-1	-1	-1	-1	-1	-1	-1	-1	-1	-1	-1	-1	-1	-1	-1	-1	-1	-1	-1	-1	15	10	1	40	-1	-1	-1	-1	-1	-1	0	0	0	0	0	0	0	0
29	"가이웬의"	1	30	-1	-1	5	20	-1	20	10	20	-1	-1	6	20	-1	-1	-1	-1	-1	-1	-1	-1	-1	-1	-1	-1	-1	-1	15	15	17	15	16	20	18	20	-1	-1	0	0	0	0	0	0	0	0
30	"아루안의"	8	10	-1	-1	20	10	-1	-1	19	20	-1	-1	-1	-1	-1	-1	-1	-1	-1	-1	-1	-1	-1	-1	-1	-1	-1	-1	15	15	17	15	21	5	-1	-1	-1	-1	0	0	0	0	0	0	0	0
	// 마검사																																														
31	"가이온의"	21	5	-1	-1	20	15	-1	-1	19	15	-1	-1	-1	-1	-1	-1	-1	-1	-1	-1	-1	-1	-1	-1	-1	-1	-1	-1	17	15	18	30	7	10	0	30	-1	-1	0	0	0	0	0	0	0	0
32	"뮤렌의"	19	10	-1	-1	7	10	-1	-1	20	10	-1	-1	-1	-1	-1	-1	-1	-1	-1	-1	-1	-1	-1	-1	-1	-1	-1	-1	15	15	17	15	10	25	23	20	-1	-1	0	0	0	0	0	0	0	0
	// 다크로드																																														
33	"아그니스의"	20	10	-1	-1	10	40	-1	-1	19	20	-1	-1	-1	-1	-1	-1	-1	-1	-1	-1	-1	-1	-1	-1	-1	-1	-1	-1	15	15	17	15	16	20	18	20	-1	-1	0	0	0	0	0	0	0	0
34	"브로이의"	8	20	-1	-1	19	20	-1	-1	2	30	-1	-1	-1	-1	-1	-1	-1	-1	-1	-1	-1	-1	-1	-1	-1	-1	-1	-1	15	15	17	15	21	5	4	30	-1	-1	0	0	0	0	0	0	0	0
	// 소환술사																																														
35	"크로노의"	20	20	-1	-1	10	60	-1	-1	19	30	-1	-1	-1	-1	-1	-1	-1	-1	-1	-1	-1	-1	-1	-1	-1	-1	-1	-1	15	15	17	15	16	20	18	20	-1	-1	0	0	0	0	0	0	0	0
36	"세메덴의"	7	15	-1	-1	19	25	-1	-1	2	30	-1	-1	-1	-1	-1	-1	-1	-1	-1	-1	-1	-1	-1	-1	-1	-1	-1	-1	15	15	17	15	21	5	-1	-1	-1	-1	0	0	0	0	0	0	0	0
	// 레이지파이터																																														
37	"베가의"	9	50	-1	-1	3	50	-1	-1	6	30	-1	-1	-1	-1	-1	-1	-1	-1	-1	-1	-1	-1	-1	-1	-1	-1	-1	-1	17	15	20	5	21	5	-1	-1	-1	-1	0	0	0	0	0	0	0	0
38	"차메르의"	10	50	-1	-1	20	5	-1	-1	8	30	-1	-1	-1	-1	-1	-1	-1	-1	-1	-1	-1	-1	-1	-1	-1	-1	-1	-1	16	30	17	15	19	30	18	20	-1	-1	0	0	0	0	0	0	0	0
	// 럭키1차																																														
	//모로스의 비늘세트(기사)																																														
39	"모로스의"	11	30	-1	-1	19	25	-1	-1	10	20	-1	-1	20	10	-1	-1	-1	-1	-1	-1	-1	-1	-1	-1	-1	-1	-1	-1	15	10	17	10	16	10	18	10	-1	-1	0	0	0	0	0	0	0	0
	//디오네의 실크세트																																														
40	"디오네의"	11	30	-1	-1	19	25	-1	-1	10	20	-1	-1	20	10	-1	-1	-1	-1	-1	-1	-1	-1	-1	-1	-1	-1	-1	-1	15	10	17	10	16	10	18	10	-1	-1	0	0	0	0	0	0	0	0
	//하데스의 스핑스크세트																																														
41	"하데스의"	11	30	-1	-1	19	25	-1	-1	10	20	-1	-1	20	10	-1	-1	-1	-1	-1	-1	-1	-1	-1	-1	-1	-1	-1	-1	15	10	17	10	16	10	18	10	-1	-1	0	0	0	0	0	0	0	0
	//오피온의 바이올렌윈드세트																																														
42	"오피온의"	11	30	-1	-1	19	25	-1	-1	10	20	-1	-1	20	10	-1	-1	-1	-1	-1	-1	-1	-1	-1	-1	-1	-1	-1	-1	15	10	17	10	16	10	18	10	-1	-1	0	0	0	0	0	0	0	0
	// 럭키2차																																														
	//메테르의 다크소울세트																																														
43	"메테르의"	11	50	-1	-1	10	40	-1	-1	20	15	-1	-1	15	15	-1	-1	-1	-1	-1	-1	-1	-1	-1	-1	-1	-1	-1	-1	17	15	16	20	18	20	21	5	-1	-1	0	0	0	0	0	0	0	0
	//헤가톤의 드라곤세트																																														
44	"헤가톤의"	11	50	-1	-1	10	40	-1	-1	20	15	-1	-1	15	15	-1	-1	-1	-1	-1	-1	-1	-1	-1	-1	-1	-1	-1	-1	17	15	16	20	18	20	21	5	-1	-1	0	0	0	0	0	0	0	0
	//카스톨의 수호세트																																														
45	"카스톨의"	11	50	-1	-1	10	40	-1	-1	20	15	-1	-1	15	15	-1	-1	-1	-1	-1	-1	-1	-1	-1	-1	-1	-1	-1	-1	17	15	16	20	18	20	21	5	-1	-1	0	0	0	0	0	0	0	0
	//타로스의 전설세트																																														
46	"타로스의"	11	50	-1	-1	10	40	-1	-1	20	15	-1	-1	15	15	-1	-1	-1	-1	-1	-1	-1	-1	-1	-1	-1	-1	-1	-1	17	15	16	20	18	20	21	5	-1	-1	0	0	0	0	0	0	0	0
	//네메시스의 레드윙세트																																														
47	"네메시스의"	11	50	-1	-1	10	40	-1	-1	20	15	-1	-1	15	15	-1	-1	-1	-1	-1	-1	-1	-1	-1	-1	-1	-1	-1	-1	17	15	16	20	18	20	21	5	-1	-1	0	0	0	0	0	0	0	0
	//아미스의 아틀란스세트																																														
48	"아미스의"	11	50	-1	-1	10	40	-1	-1	20	15	-1	-1	-1	-1	-1	-1	-1	-1	-1	-1	-1	-1	-1	-1	-1	-1	-1	-1	15	15	17	15	16	20	18	20	21	5	0	0	0	0	0	0	0	0
	//트리테의 스톰자하드세트																																														
49	"트리테의"	11	50	-1	-1	10	40	-1	-1	20	15	-1	-1	-1	-1	-1	-1	-1	-1	-1	-1	-1	-1	-1	-1	-1	-1	-1	-1	15	15	17	15	16	20	18	20	21	5	0	0	0	0	0	0	0	0
	// 일본 전용 하위세트																																														
	// 순서 : 흑기사, 흑마법사, 요정, 마검사, 다크로드, 소환술사, 레이지파이터																																														
//50	"마헤스의"	11	100	-1	-1	-1	-1	-1	-1	-1	-1	-1	-1	-1	-1	-1	-1	-1	-1	-1	-1	-1	-1	-1	-1	-1	-1	-1	-1	21	6	22	17	-1	-1	-1	-1	-1	-1	0	0	0	0	0	0	0	0
//51	"베스의"	2	200	-1	-1	-1	-1	-1	-1	-1	-1	-1	-1	-1	-1	-1	-1	-1	-1	-1	-1	-1	-1	-1	-1	-1	-1	-1	-1	7	9	19	80	-1	-1	-1	-1	-1	-1	0	0	0	0	0	0	0	0
//52	"세르케트의"	1	40	-1	-1	-1	-1	-1	-1	-1	-1	-1	-1	-1	-1	-1	-1	-1	-1	-1	-1	-1	-1	-1	-1	-1	-1	-1	-1	10	90	8	40	-1	-1	-1	-1	-1	-1	0	0	0	0	0	0	0	0
//53	"아피스의"	0	60	-1	-1	-1	-1	-1	-1	-1	-1	-1	-1	-1	-1	-1	-1	-1	-1	-1	-1	-1	-1	-1	-1	-1	-1	-1	-1	16	40	18	40	-1	-1	-1	-1	-1	-1	0	0	0	0	0	0	0	0
//54	"콘수의"	11	200	-1	-1	-1	-1	-1	-1	-1	-1	-1	-1	-1	-1	-1	-1	-1	-1	-1	-1	-1	-1	-1	-1	-1	-1	-1	-1	15	3	17	3	-1	-1	-1	-1	-1	-1	0	0	0	0	0	0	0	0
//55	"하피의"	1	10	-1	-1	-1	-1	-1	-1	-1	-1	-1	-1	-1	-1	-1	-1	-1	-1	-1	-1	-1	-1	-1	-1	-1	-1	-1	-1	21	1	10	40	-1	-1	-1	-1	-1	-1	0	0	0	0	0	0	0	0
//56	"호루스의"	5	80	-1	-1	-1	-1	-1	-1	-1	-1	-1	-1	-1	-1	-1	-1	-1	-1	-1	-1	-1	-1	-1	-1	-1	-1	-1	-1	19	60	20	4	-1	-1	-1	-1	-1	-1	0	0	0	0	0	0	0	0
	// 일본 전용 상위세트																																														
//57	"브라기의"	0	10	-1	-1	0	20	-1	-1	0	30	-1	-1	11	50	-1	-1	-1	-1	-1	-1	-1	-1	-1	-1	-1	-1	-1	-1	5	30	23	6	20	3	19	50	-1	-1	0	0	0	0	0	0	0	0
//58	"알비스의"	20	1	-1	-1	20	2	-1	-1	20	3	-1	-1	2	10	-1	-1	-1	-1	-1	-1	-1	-1	-1	-1	-1	-1	-1	-1	21	1	15	8	17	8	22	8	-1	-1	0	0	0	0	0	0	0	0
//59	"프리그의"	5	40	-1	-1	6	40	-1	-1	5	50	-1	-1	6	50	-1	-1	-1	-1	-1	-1	-1	-1	-1	-1	-1	-1	-1	-1	15	7	17	7	11	50	10	20	-1	-1	0	0	0	0	0	0	0	0
//60	"티르의"	0	20	-1	-1	1	20	-1	-1	3	20	-1	-1	3	20	-1	-1	-1	-1	-1	-1	-1	-1	-1	-1	-1	-1	-1	-1	20	1	7	1	23	6	17	12	-1	-1	0	0	0	0	0	0	0	0
//61	"수르트의"	22	2	-1	-1	10	20	-1	-1	0	30	-1	-1	11	70	-1	-1	-1	-1	-1	-1	-1	-1	-1	-1	-1	-1	-1	-1	19	40	16	80	15	11	2	60	-1	-1	0	0	0	0	0	0	0	0
//62	"엘룬의"	17	8	-1	-1	17	9	-1	-1	17	10	-1	-1	20	12	-1	-1	-1	-1	-1	-1	-1	-1	-1	-1	-1	-1	-1	-1	19	80	10	40	12	200	7	13	-1	-1	0	0	0	0	0	0	0	0
//63	"마그니의"	6	5	-1	-1	6	10	-1	-1	6	15	-1	-1	11	100	-1	-1	-1	-1	-1	-1	-1	-1	-1	-1	-1	-1	-1	-1	10	50	18	10	17	8	8	60	-1	-1	0	0	0	0	0	0	0	0
// 3차 럭키 아이템 (2013-11-22)																																															
//64	"모모스의"	11	70	-1	-1	10	60	-1	-1	19	25	-1	-1	15	17	-1	-1	-1	-1	-1	-1	-1	-1	-1	-1	-1	-1	-1	-1	17	17	16	25	18	25	20	15	-1	-1	0	0	0	0	0	0	0	0
//65	"모로스의"	11	70	-1	-1	10	60	-1	-1	19	25	-1	-1	15	17	-1	-1	-1	-1	-1	-1	-1	-1	-1	-1	-1	-1	-1	-1	17	17	16	25	18	25	20	15	-1	-1	0	0	0	0	0	0	0	0
//66	"헤라의"	11	70	-1	-1	10	60	-1	-1	19	25	-1	-1	15	17	-1	-1	-1	-1	-1	-1	-1	-1	-1	-1	-1	-1	-1	-1	17	17	16	25	18	25	20	15	-1	-1	0	0	0	0	0	0	0	0
//67	"에오스의"	11	70	-1	-1	10	60	-1	-1	19	25	-1	-1	15	17	-1	-1	-1	-1	-1	-1	-1	-1	-1	-1	-1	-1	-1	-1	17	17	16	25	18	25	20	15	-1	-1	0	0	0	0	0	0	0	0
//68	"우라노스의"	11	70	-1	-1	10	60	-1	-1	19	25	-1	-1	-1	-1	-1	-1	-1	-1	-1	-1	-1	-1	-1	-1	-1	-1	-1	-1	15	17	17	17	16	25	18	25	20	15	0	0	0	0	0	0	0	0
//69	"닉스의"	11	70	-1	-1	10	60	-1	-1	19	25	-1	-1	15	17	-1	-1	-1	-1	-1	-1	-1	-1	-1	-1	-1	-1	-1	-1	17	17	16	25	18	25	20	15	-1	-1	0	0	0	0	0	0	0	0
//70	"티탄의"	11	70	-1	-1	10	60	-1	-1	19	25	-1	-1	-1	-1	-1	-1	-1	-1	-1	-1	-1	-1	-1	-1	-1	-1	-1	-1	15	17	17	17	16	25	18	25	20	15	0	0	0	0	0	0	0	0
	// 그로우랜서																																														
71	"도로프의"	8	20	19	20	11	100	12	100	22	5	-1	-1	-1	-1	-1	-1	-1	-1	-1	-1	-1	-1	-1	-1	-1	-1	-1	-1	15	10	17	10	-1	-1	-1	-1	-1	-1	0	0	0	0	0	0	0	0
72	"아나스의"	19	20	-1	-1	10	40	-1	-1	20	10	-1	-1	-1	-1	-1	-1	-1	-1	-1	-1	-1	-1	-1	-1	-1	-1	-1	-1	8	20	15	15	17	15	22	5	-1	-1	0	0	0	0	0	0	0	0
73	"아키르의"	19	30	-1	-1	0	30	-1	-1	18	20	-1	-1	-1	-1	-1	-1	-1	-1	-1	-1	-1	-1	-1	-1	-1	-1	-1	-1	16	20	15	15	17	15	21	5	-1	-1	0	0	0	0	0	0	0	0
74	"가밀의"	5	30	-1	-1	6	50	-1	-1	20	10	-1	-1	-1	-1	-1	-1	-1	-1	-1	-1	-1	-1	-1	-1	-1	-1	-1	-1	8	20	15	15	17	15	22	5	-1	-1	0	0	0	0	0	0	0	0
75	"가르디의"	19	30	-1	-1	1	30	-1	-1	18	20	-1	-1	-1	-1	-1	-1	-1	-1	-1	-1	-1	-1	-1	-1	-1	-1	-1	-1	16	20	15	15	17	15	21	5	-1	-1	0	0	0	0	0	0	0	0
	// 그로우랜서 럭키1차																																														
	//드리아의 로우버스트 세트																																														
76	"드리아의"	11	30	-1	-1	19	25	-1	-1	10	20	-1	-1	20	10	-1	-1	-1	-1	-1	-1	-1	-1	-1	-1	-1	-1	-1	-1	15	10	17	10	16	10	18	10	-1	-1	0	0	0	0	0	0	0	0
	// 그로우랜서 럭키2차																																														
	//디러프의 프린시 세트																																														
77	"디러프의"	11	50	-1	-1	10	40	-1	-1	20	15	-1	-1	15	15	-1	-1	-1	-1	-1	-1	-1	-1	-1	-1	-1	-1	-1	-1	17	15	16	20	18	20	21	5	-1	-1	0	0	0	0	0	0	0	0
// 마스터리 장비 세트 아이템 - 보상용 (2014-11-13 홍승욱)																																															
// 블레이드마스터																																															
78	"분노의"	19	25	0	50	20	10	26	50	15	15	17	15	-1	-1	-1	-1	-1	-1	-1	-1	-1	-1	-1	-1	-1	-1	-1	-1	21	5	24	10	25	20	16	30	18	30	0	0	0	0	0	0	0	0
//79	"용맹의"	19	25	0	50	20	10	26	50	15	15	17	15	-1	-1	-1	-1	-1	-1	-1	-1	-1	-1	-1	-1	-1	-1	-1	-1	21	5	24	10	25	20	16	30	18	30	0	0	0	0	0	0	0	0
// 그랜드마스터																																															
80	"초월의"	19	25	2	50	20	10	27	50	15	15	17	15	-1	-1	-1	-1	-1	-1	-1	-1	-1	-1	-1	-1	-1	-1	-1	-1	21	5	24	10	25	20	16	30	18	30	0	0	0	0	0	0	0	0
//81	"지혜의"	19	25	2	50	20	10	27	50	15	15	17	15	-1	-1	-1	-1	-1	-1	-1	-1	-1	-1	-1	-1	-1	-1	-1	-1	21	5	24	10	25	20	16	30	18	30	0	0	0	0	0	0	0	0
// 하이엘프																																															
82	"질풍의"	19	25	1	50	20	10	26	50	15	15	17	15	-1	-1	-1	-1	-1	-1	-1	-1	-1	-1	-1	-1	-1	-1	-1	-1	21	5	24	10	25	20	16	30	18	30	0	0	0	0	0	0	0	0
//83	"구원의"	19	25	1	50	20	10	26	50	15	15	17	15	-1	-1	-1	-1	-1	-1	-1	-1	-1	-1	-1	-1	-1	-1	-1	-1	21	5	24	10	25	20	16	30	18	30	0	0	0	0	0	0	0	0
// 블러디서머너																																															
84	"명예의"	19	25	2	50	20	10	27	50	15	15	17	15	-1	-1	-1	-1	-1	-1	-1	-1	-1	-1	-1	-1	-1	-1	-1	-1	21	5	24	10	25	20	16	30	18	30	0	0	0	0	0	0	0	0
//85	"혼돈의"	19	25	2	50	20	10	27	50	15	15	17	15	-1	-1	-1	-1	-1	-1	-1	-1	-1	-1	-1	-1	-1	-1	-1	-1	21	5	24	10	25	20	16	30	18	30	0	0	0	0	0	0	0	0
// 듀얼마스터																																															
86	"궁극의"	19	25	0	50	20	10	26	50	15	15	17	15	-1	-1	-1	-1	-1	-1	-1	-1	-1	-1	-1	-1	-1	-1	-1	-1	21	5	24	10	25	20	16	30	18	30	0	0	0	0	0	0	0	0
//87	"투지의"	19	25	0	50	20	10	27	50	15	15	17	15	-1	-1	-1	-1	-1	-1	-1	-1	-1	-1	-1	-1	-1	-1	-1	-1	21	5	24	10	25	20	16	30	18	30	0	0	0	0	0	0	0	0
// 로드엠퍼러																																															
88	"정복의"	19	25	0	50	20	10	26	50	15	15	17	15	-1	-1	-1	-1	-1	-1	-1	-1	-1	-1	-1	-1	-1	-1	-1	-1	21	5	24	10	25	20	16	30	18	30	0	0	0	0	0	0	0	0
//89	"정의의"	19	25	0	50	20	10	26	50	15	15	17	15	-1	-1	-1	-1	-1	-1	-1	-1	-1	-1	-1	-1	-1	-1	-1	-1	21	5	24	10	25	20	16	30	18	30	0	0	0	0	0	0	0	0
// 피스트마스터																																															
90	"파괴의"	19	25	0	50	20	10	26	50	15	15	17	15	-1	-1	-1	-1	-1	-1	-1	-1	-1	-1	-1	-1	-1	-1	-1	-1	21	5	24	10	25	20	16	30	18	30	0	0	0	0	0	0	0	0
//91	"의지의"	19	25	0	50	20	10	26	50	15	15	17	15	-1	-1	-1	-1	-1	-1	-1	-1	-1	-1	-1	-1	-1	-1	-1	-1	21	5	24	10	25	20	16	30	18	30	0	0	0	0	0	0	0	0
// 미라쥬랜서																																															
92	"집념의"	19	25	0	50	20	10	26	50	15	15	17	15	-1	-1	-1	-1	-1	-1	-1	-1	-1	-1	-1	-1	-1	-1	-1	-1	21	5	24	10	25	20	16	30	18	30	0	0	0	0	0	0	0	0
//93	"응징의"	19	25	0	50	20	10	26	50	15	15	17	15	-1	-1	-1	-1	-1	-1	-1	-1	-1	-1	-1	-1	-1	-1	-1	-1	21	5	24	10	25	20	16	30	18	30	0	0	0	0	0	0	0	0
// 점핑 이벤트 정착지원 세트 아이템 (2015-02-09 사재일)																																															
// 흑기사																																															
94	"견습기사의"	19	5	-1	-1	8	7	-1	-1	20	1	-1	-1	26	30	-1	-1	-1	-1	-1	-1	-1	-1	-1	-1	-1	-1	-1	-1	25	20	-1	-1	-1	-1	-1	-1	-1	-1	0	0	0	0	0	0	0	0
95	"흑기사의"	19	7	-1	-1	8	10	-1	-1	20	3	-1	-1	26	50	-1	-1	-1	-1	-1	-1	-1	-1	-1	-1	-1	-1	-1	-1	25	40	21	3	-1	-1	-1	-1	-1	-1	0	0	0	0	0	0	0	0
// 흑마법사																																															
96	"견습마법사의"	7	7	-1	-1	19	7	-1	-1	20	1	-1	-1	27	30	-1	-1	-1	-1	-1	-1	-1	-1	-1	-1	-1	-1	-1	-1	25	20	-1	-1	-1	-1	-1	-1	-1	-1	0	0	0	0	0	0	0	0
97	"흑마법사의"	7	10	-1	-1	19	10	-1	-1	20	3	-1	-1	27	50	-1	-1	-1	-1	-1	-1	-1	-1	-1	-1	-1	-1	-1	-1	25	40	21	3	-1	-1	-1	-1	-1	-1	0	0	0	0	0	0	0	0
// 요정																																															
98	"어린요정의"	19	5	-1	-1	8	7	-1	-1	20	1	-1	-1	26	30	-1	-1	-1	-1	-1	-1	-1	-1	-1	-1	-1	-1	-1	-1	25	20	-1	-1	-1	-1	-1	-1	-1	-1	0	0	0	0	0	0	0	0
99	"요정의"	19	7	-1	-1	8	10	-1	-1	20	3	-1	-1	26	50	-1	-1	-1	-1	-1	-1	-1	-1	-1	-1	-1	-1	-1	-1	25	40	21	3	-1	-1	-1	-1	-1	-1	0	0	0	0	0	0	0	0
// 마검사																																															
100	"견습마검사의"	8	7	-1	-1	19	5	-1	-1	20	1	-1	-1	-1	-1	-1	-1	-1	-1	-1	-1	-1	-1	-1	-1	-1	-1	-1	-1	26	30	27	30	25	20	-1	-1	-1	-1	0	0	0	0	0	0	0	0
101	"마검사의"	8	10	-1	-1	19	7	-1	-1	20	3	-1	-1	-1	-1	-1	-1	-1	-1	-1	-1	-1	-1	-1	-1	-1	-1	-1	-1	26	50	27	50	25	40	21	3	-1	-1	0	0	0	0	0	0	0	0
// 다크로드																																															
102	"하급로드의"	19	5	-1	-1	8	7	-1	-1	20	1	-1	-1	26	30	-1	-1	-1	-1	-1	-1	-1	-1	-1	-1	-1	-1	-1	-1	25	20	-1	-1	-1	-1	-1	-1	-1	-1	0	0	0	0	0	0	0	0
103	"다크로드의"	19	7	-1	-1	8	10	-1	-1	20	3	-1	-1	26	50	-1	-1	-1	-1	-1	-1	-1	-1	-1	-1	-1	-1	-1	-1	25	40	21	3	-1	-1	-1	-1	-1	-1	0	0	0	0	0	0	0	0
// 소환술사																																															
104	"견습술사의"	7	7	-1	-1	19	7	-1	-1	20	1	-1	-1	27	30	-1	-1	-1	-1	-1	-1	-1	-1	-1	-1	-1	-1	-1	-1	25	20	-1	-1	-1	-1	-1	-1	-1	-1	0	0	0	0	0	0	0	0
105	"소환술사의"	7	10	-1	-1	19	10	-1	-1	20	3	-1	-1	27	50	-1	-1	-1	-1	-1	-1	-1	-1	-1	-1	-1	-1	-1	-1	25	40	21	3	-1	-1	-1	-1	-1	-1	0	0	0	0	0	0	0	0
// 레이지파이터																																															
106	"견습파이터의"	10	20	-1	-1	8	7	-1	-1	20	1	-1	-1	-1	-1	-1	-1	-1	-1	-1	-1	-1	-1	-1	-1	-1	-1	-1	-1	26	30	25	20	-1	-1	-1	-1	-1	-1	0	0	0	0	0	0	0	0
107	"파이터의"	10	40	-1	-1	8	10	-1	-1	20	3	-1	-1	-1	-1	-1	-1	-1	-1	-1	-1	-1	-1	-1	-1	-1	-1	-1	-1	26	50	25	40	21	3	-1	-1	-1	-1	0	0	0	0	0	0	0	0
// 그로우랜서																																															
108	"견습랜서의"	22	7	-1	-1	8	7	-1	-1	20	1	-1	-1	26	30	-1	-1	-1	-1	-1	-1	-1	-1	-1	-1	-1	-1	-1	-1	25	20	-1	-1	-1	-1	-1	-1	-1	-1	0	0	0	0	0	0	0	0
109	"랜서의"	22	10	-1	-1	8	10	-1	-1	20	3	-1	-1	26	50	-1	-1	-1	-1	-1	-1	-1	-1	-1	-1	-1	-1	-1	-1	25	40	21	3	-1	-1	-1	-1	-1	-1	0	0	0	0	0	0	0	0
//link Index	name	option 2-1	Value	option 2-2	Value	option 3-1	Value	option 3-2	Value	option 4-1	Value	option 4-2	Value	option 5-1	Value	option 5-2	Value	option 6-1	Value	option 6-2	Value	option 7-1	Value	option 7-2	Value	option 8	Value	option 9	Value	Full 1	Value	Full 2	Value	Full 3	Value	Full 4	Value	Full 5	Value	흑마법사	흑기사	요정	마검사	다크로드	소환술사	레이지파이터	그로우랜서
// 마스터리 2차 세트 장기 구성 정보 등록 (2015-09-07 사재일)																																															
// 블레이드마스터																																															
110	"용맹의"	19	30	0	70	20	15	26	75	16	35	18	50	-1	-1	-1	-1	-1	-1	-1	-1	-1	-1	-1	-1	-1	-1	-1	-1	21	7	24	15	25	30	15	18	17	18	0	0	0	0	0	0	0	0
// 그랜드마스터																																															
111	"지혜의"	19	40	2	70	20	15	27	75	16	35	18	50	-1	-1	-1	-1	-1	-1	-1	-1	-1	-1	-1	-1	-1	-1	-1	-1	21	7	24	15	25	40	15	18	17	18	0	0	0	0	0	0	0	0
// 하이엘프																																															
112	"쾌속의"	19	30	1	70	20	15	26	75	16	35	18	50	-1	-1	-1	-1	-1	-1	-1	-1	-1	-1	-1	-1	-1	-1	-1	-1	21	7	24	15	25	30	15	18	17	18	0	0	0	0	0	0	0	0
// 블러디서머너																																															
113	"혼돈의"	19	40	2	70	20	15	27	75	16	35	18	50	-1	-1	-1	-1	-1	-1	-1	-1	-1	-1	-1	-1	-1	-1	-1	-1	21	7	24	15	25	40	15	18	17	18	0	0	0	0	0	0	0	0
// 듀얼마스터																																															
114	"투지의"	19	30	0	70	20	15	26	75	16	35	18	50	-1	-1	-1	-1	-1	-1	-1	-1	-1	-1	-1	-1	-1	-1	-1	-1	21	7	24	15	25	30	15	18	17	18	0	0	0	0	0	0	0	0
// 로드엠퍼러																																															
115	"정의의"	19	30	0	70	20	15	26	75	16	35	18	50	-1	-1	-1	-1	-1	-1	-1	-1	-1	-1	-1	-1	-1	-1	-1	-1	21	7	24	15	25	30	15	18	17	18	0	0	0	0	0	0	0	0
// 피스트마스터																																															
116	"의지의"	19	30	0	70	20	15	26	75	16	35	18	50	-1	-1	-1	-1	-1	-1	-1	-1	-1	-1	-1	-1	-1	-1	-1	-1	21	7	24	15	25	25	15	18	17	18	0	0	0	0	0	0	0	0
// 미라쥬랜서																																															
117	"응징의"	19	30	0	70	20	15	26	75	16	35	18	50	-1	-1	-1	-1	-1	-1	-1	-1	-1	-1	-1	-1	-1	-1	-1	-1	21	7	24	15	25	25	15	18	17	18	0	0	0	0	0	0	0	0
//link Index	name	option 2-1	Value	option 2-2	Value	option 3-1	Value	option 3-2	Value	option 4-1	Value	option 4-2	Value	option 5-1	Value	option 5-2	Value	option 6-1	Value	option 6-2	Value	option 7-1	Value	option 7-2	Value	option 8	Value	option 9	Value	Full 1	Value	Full 2	Value	Full 3	Value	Full 4	Value	Full 5	Value	흑마법사	흑기사	요정	마검사	다크로드	소환술사	레이지파이터	그로우랜서
// 마스터리 3차 세트 장기 구성 정보 등록 (2016-07-13 사재일)																																															
// 블레이드마스터																																															
118	"보호의"	19	35	0	90	20	18	26	100	16	40	18	70	-1	-1	-1	-1	-1	-1	-1	-1	-1	-1	-1	-1	-1	-1	-1	-1	21	9	24	20	25	40	15	20	17	20	0	0	0	0	0	0	0	0
// 그랜드마스터																																															
119	"평온의"	19	50	2	90	20	18	27	100	16	40	18	70	-1	-1	-1	-1	-1	-1	-1	-1	-1	-1	-1	-1	-1	-1	-1	-1	21	9	24	20	25	60	15	20	17	20	0	0	0	0	0	0	0	0
// 하이엘프																																															
120	"가호의"	19	35	1	90	20	18	26	100	16	40	18	70	-1	-1	-1	-1	-1	-1	-1	-1	-1	-1	-1	-1	-1	-1	-1	-1	21	9	24	20	25	40	15	20	17	20	0	0	0	0	0	0	0	0
// 블러디서머너																																															
121	"수호의"	19	50	2	90	20	18	27	100	16	40	18	70	-1	-1	-1	-1	-1	-1	-1	-1	-1	-1	-1	-1	-1	-1	-1	-1	21	9	24	20	25	60	15	20	17	20	0	0	0	0	0	0	0	0
// 듀얼마스터																																															
122	"견고한"	19	35	0	90	20	18	26	100	16	40	18	70	-1	-1	-1	-1	-1	-1	-1	-1	-1	-1	-1	-1	-1	-1	-1	-1	21	9	24	20	25	40	15	20	17	20	0	0	0	0	0	0	0	0
// 로드엠퍼러																																															
123	"단호한"	19	35	0	90	20	18	26	100	16	40	18	70	-1	-1	-1	-1	-1	-1	-1	-1	-1	-1	-1	-1	-1	-1	-1	-1	21	9	24	20	25	40	15	20	17	20	0	0	0	0	0	0	0	0
// 피스트마스터																																															
124	"근성의"	19	35	0	90	20	18	26	100	16	40	18	70	-1	-1	-1	-1	-1	-1	-1	-1	-1	-1	-1	-1	-1	-1	-1	-1	21	9	24	20	25	35	15	20	17	20	0	0	0	0	0	0	0	0
// 미라쥬랜서																																															
125	"신성한"	19	35	0	90	20	18	26	100	16	40	18	70	-1	-1	-1	-1	-1	-1	-1	-1	-1	-1	-1	-1	-1	-1	-1	-1	21	9	24	20	25	35	15	20	17	20	0	0	0	0	0	0	0	0
// Season12 P.1 마스터리 아이템 추가 - 법사형 마검사 / 에너지 요정 (2016-08-09 사재일)																																															
// 1차 마스터리 - 에너지 요정 (블러드엔젤)																																															
126	"구원의"	2	50	29	7	28	7	22	7	30	10	10	40	-1	-1	-1	-1	-1	-1	-1	-1	-1	-1	-1	-1	-1	-1	-1	-1	11	70	24	10	25	40	-1	-1	-1	-1	0	0	0	0	0	0	0	0
// 2차 마스터리 - 에너지 요정 (다크엔젤)																																															
127	"소생의"	2	70	29	16	28	16	22	14	30	20	10	80	-1	-1	-1	-1	-1	-1	-1	-1	-1	-1	-1	-1	-1	-1	-1	-1	11	150	24	15	25	65	-1	-1	-1	-1	0	0	0	0	0	0	0	0
// 3차 마스터리 - 에너지 요정 (홀리엔젤)																																															
128	"치유의"	2	100	29	35	28	35	22	25	30	35	10	150	-1	-1	-1	-1	-1	-1	-1	-1	-1	-1	-1	-1	-1	-1	-1	-1	11	300	24	20	25	100	-1	-1	-1	-1	0	0	0	0	0	0	0	0
// 1차 마스터리 - 법사형마검사 (블러드엔젤)																																															
129	"마력의"	19	25	2	50	20	10	27	50	15	15	17	15	-1	-1	-1	-1	-1	-1	-1	-1	-1	-1	-1	-1	-1	-1	-1	-1	21	5	24	10	25	20	16	30	18	30	0	0	0	0	0	0	0	0
// 2차 마스터리 - 법사형마검사 (다크엔젤)																																															
130	"타락의"	19	40	2	70	20	15	27	75	15	18	17	18	-1	-1	-1	-1	-1	-1	-1	-1	-1	-1	-1	-1	-1	-1	-1	-1	21	7	24	15	25	40	16	35	18	50	0	0	0	0	0	0	0	0
// 3차 마스터리 - 법사형마검사 (홀리 엔젤)																																															
131	"결단의"	19	50	2	90	20	18	27	100	15	20	17	20	-1	-1	-1	-1	-1	-1	-1	-1	-1	-1	-1	-1	-1	-1	-1	-1	21	9	24	20	25	60	16	40	18	70	0	0	0	0	0	0	0	0
end																																															
