////////////////////////////////////////////////////////////////////////////////												SkilluseType																																						
//	[ Text  Version ]	1.2.7.1_2																																			데미지 구분													
//	[ 최종 작업자 ]	김승태																																																
//	[ 최종 작업일 ]	2015-08-25 2:09 PM																																																
//	[ 작 업 내 용 ]	수호방패 <> 방패막기 스킬명 치환																																																
////////////////////////////////////////////////////////////////////////////////																																																		
//속성1 - 펜타그램 속성과 동일 [0(없음). 1(불). 2(물). 3(땅). 4(바람). 5(암흑)]																																																		
//속성2 [-1(없음). 0(물리). 1(마법)]																																																		
// SkillBrand [특정 스킬이 있어야지만 사용이 가능]. 마스터레벨의 경우 액티브 강화 스킬은 선행스킬 조건을 같은 스킬로 넣어야함																																																		
// SkillUsetype [0(일반스킬). 1(직책스킬). 3(마스터레벨:패시브). 4(마스터레벨:액티브), 5(이벤트 맵 스킬/스킬각인UI에서 표시되지 않음), 6(캐릭터 사용불가스킬/스킬각인UI에서 표시되지 않음)]																																																		
// 스킬 타입 : [0(일반스킬). 1(버프:아군에게 이로운 효과). 2(디버프:적군에게 해로운 효과). 3(치료:대상을 회복시킴)]																																																		
//번호	Name	레벨	데미지	사용마나량	어빌리티	거리	Delay	Eng	Cha	속성1	속성2	SkilluseType	SkillBrand	KillCout	길마	부길마	베틀마스터	흑마법사	흑기사	요정	마검사	다크로드	소환술사	레이지파이터	그로우랜서	스킬랭크	스킬그룹	필요마스터레벨포인트	소모체력	소모SD	지속시간	필요힘	필요민첩	아이콘번호	스킬 타입	무기 스킬	데미지 구분	버프 인덱스	타겟 대상	타겟 영역	사거리 내 장애물	타겟 쫓기	탈것 체크	장비 체크	데미지 스탯1	스탯 나눔값2	데미지 스탯2	스탯 나눔값2	속성 각인 가중치	추가 데미지 효과
17	"에너지볼"	2	3	1	0	6	0	0	0	4	1	0	0	0	0	0	0	1	0	0	0	0	0	0	0	0	0	0	0	0	0	0	0	17	0	0	2	0	0	0	0	0	0	0	3	30	-1	-1	200	0
4	"파이어볼"	5	8	3	0	6	0	100	0	1	1	0	0	0	0	0	0	1	0	0	1	0	1	0	0	0	0	0	0	0	0	0	0	4	0	0	2	0	0	0	0	0	0	0	3	30	-1	-1	197	0
11	"파워웨이브"	9	14	5	0	6	0	100	0	4	1	0	0	0	0	0	0	1	0	0	1	0	1	0	0	0	0	0	0	0	0	0	0	11	0	0	2	0	0	0	0	0	0	0	3	30	-1	-1	195	0
3	"번개"	13	17	15	0	6	0	100	0	4	1	0	0	0	0	0	0	1	0	0	1	0	0	0	0	0	0	0	0	0	0	0	0	3	0	0	2	0	0	0	0	0	0	0	3	40	-1	-1	180	0
6	"순간이동"	17	0	30	0	6	0	100	0	0	1	0	0	0	0	0	0	1	0	0	0	0	0	0	0	0	0	0	0	0	0	0	0	6	0	0	0	0	1	0	2	1	0	0	-1	-1	-1	-1	100	0
2	"운석"	21	21	12	0	6	0	100	0	3	1	0	0	0	0	0	0	1	0	0	1	0	1	0	0	0	0	0	0	0	0	0	0	2	0	0	2	0	0	0	0	0	0	0	3	45	-1	-1	190	0
7	"얼음"	25	10	38	0	6	0	100	0	2	1	0	0	0	0	0	0	1	0	0	1	0	1	0	0	0	0	0	0	0	0	0	0	7	0	0	2	0	0	0	0	0	0	0	3	45	-1	-1	150	0
1	"포이즌"	30	12	42	0	6	0	100	0	5	1	0	0	0	0	0	0	1	0	0	1	0	0	0	0	0	0	0	0	0	0	0	0	1	0	0	2	0	0	0	0	0	0	0	3	50	-1	-1	150	0
5	"불기둥"	35	25	50	0	6	0	100	0	1	1	0	0	0	0	0	0	1	0	0	1	0	0	0	0	0	0	0	0	0	0	0	0	5	0	0	2	0	1	0	0	0	0	0	3	100	-1	-1	120	0
8	"회오리"	40	35	60	0	6	0	100	0	4	1	0	0	0	0	0	0	1	0	0	1	0	0	0	0	0	0	0	0	0	0	0	0	8	0	0	2	0	1	0	0	0	0	0	3	90	-1	-1	140	0
9	"악령"	50	45	90	0	6	0	100	0	5	1	0	0	0	0	0	0	1	0	0	1	0	0	0	0	0	0	0	0	0	0	0	0	9	0	0	2	0	1	0	0	0	0	0	3	150	-1	-1	110	0
10	"헬파이어"	60	120	160	0	0	0	100	0	1	1	0	0	0	0	0	0	1	0	0	1	0	0	0	0	0	0	0	0	0	0	0	0	10	0	0	2	0	1	1	0	1	0	0	3	200	-1	-1	130	0
12	"아쿠아플래쉬"	74	80	140	0	6	0	110	0	2	1	0	0	0	0	0	0	1	0	0	1	0	0	0	0	0	0	0	0	0	0	0	0	12	0	0	2	0	1	0	0	0	0	0	3	200	-1	-1	140	0
16	"소울바리어"	77	0	70	22	6	0	126	0	0	1	0	0	0	0	0	0	1	0	0	0	0	0	0	0	0	0	0	0	0	0	0	0	16	1	0	0	4	3	0	0	0	0	0	-1	-1	-1	-1	100	0
13	"블래스트"	80	70	150	0	6	0	150	0	4	1	0	0	0	0	0	0	1	0	0	1	0	0	0	0	0	0	0	0	0	0	0	0	13	0	0	2	0	0	0	0	0	0	0	3	150	-1	-1	130	0
15	"텔레키네시스"	83	0	90	25	6	0	188	0	0	1	0	0	0	0	0	0	2	0	0	0	0	0	0	0	0	0	0	0	0	0	0	0	15	0	0	0	0	3	0	2	0	0	0	-1	-1	-1	-1	100	0
14	"인페르노"	88	100	200	0	0	0	200	0	1	1	0	0	0	0	0	0	1	0	0	1	0	0	0	0	0	0	0	0	0	0	0	0	14	0	0	2	0	1	1	0	1	0	0	3	90	-1	-1	110	0
39	"서든아이스"	93	80	100	5	6	0	223	0	2	1	0	0	0	0	0	0	2	0	0	0	0	0	0	0	0	0	0	0	0	0	0	0	39	0	0	2	0	1	0	0	0	0	0	3	90	-1	-1	115	0
38	"데쓰포이즌"	96	95	110	7	6	0	243	0	5	1	0	0	0	0	0	0	2	0	0	0	0	0	0	0	0	0	0	0	0	0	0	0	38	0	0	2	0	1	0	0	0	0	0	3	100	-1	-1	110	0
40	"헬버스트"	100	0	180	45	6	0	258	0	1	1	0	0	0	0	0	0	2	0	0	0	0	0	0	0	0	0	0	0	0	0	0	0	40	0	0	2	0	1	1	0	1	0	0	-1	-1	-1	-1	160	0
45	"표창"	0	90	150	10	6	0	0	0	0	-1	0	75	0	0	0	0	1	0	0	0	0	1	0	0	0	0	0	0	0	0	0	0	45	0	0	0	0	0	0	0	0	0	0	-1	-1	-1	-1	100	0
																																																		
18	"방어"	0	0	30	0	0	0	0	0	0	-1	0	0	0	0	0	0	0	1	0	1	1	0	0	1	0	0	0	0	0	0	0	0	18	0	1	0	0	1	1	0	1	2	1	-1	-1	-1	-1	100	0
19	"내려찍기"	0	0	9	0	3	0	0	0	4	0	0	0	0	0	0	0	0	1	0	1	1	0	1	0	0	0	0	0	0	0	0	0	19	0	1	1	0	0	0	0	0	2	1	1	30	-1	-1	180	0
20	"찌르기"	0	0	9	0	2	0	0	0	4	0	0	0	0	0	0	0	0	1	0	1	1	0	0	1	0	0	0	0	0	0	0	0	20	0	1	1	0	0	0	0	0	2	1	1	30	-1	-1	170	0
21	"올려치기"	0	0	8	0	2	0	0	0	4	0	0	0	0	0	0	0	0	1	0	1	1	0	0	0	0	0	0	0	0	0	0	0	21	0	1	1	0	0	0	0	0	2	1	1	30	-1	-1	190	0
22	"돌려치기"	0	0	9	0	2	0	0	0	4	0	0	0	0	0	0	0	0	1	0	1	1	0	0	0	0	0	0	0	0	0	0	0	22	0	1	1	0	0	0	0	0	2	1	1	30	-1	-1	165	0
23	"베기"	0	0	10	0	2	0	0	0	4	0	0	0	0	0	0	0	0	1	0	1	0	0	0	0	0	0	0	0	0	0	0	0	23	0	1	1	0	0	0	0	0	2	1	1	30	-1	-1	185	0
																																																		
41	"회오리베기"	0	0	10	10	2	0	0	0	4	0	0	0	0	0	0	0	0	1	0	1	0	0	0	0	0	0	0	0	0	0	0	0	41	0	0	1	0	1	1	0	1	0	2	1	40	-1	-1	150	0
47	"창찌르기"	28	15	8	0	3	0	0	0	4	0	0	0	0	0	0	0	0	1	0	1	0	0	0	0	0	0	0	0	0	0	0	0	47	0	0	1	0	0	0	0	0	1	4	1	35	-1	-1	170	0
49	"레이드 슛"	110	30	9	0	3	0	0	0	4	0	0	0	0	0	0	0	0	1	0	0	0	0	0	0	0	0	0	0	0	0	0	0	49	0	0	1	0	0	0	0	0	0	0	-1	-1	-1	-1	150	0
48	"스웰라이프"	120	0	22	24	0	0	0	0	0	-1	0	0	0	0	0	0	0	1	0	0	0	0	0	0	0	0	0	0	0	0	0	0	48	1	0	0	8	2	1	0	1	0	0	-1	-1	-1	-1	100	0
43	"블로우"	160	70	15	12	2	0	0	0	4	0	0	0	0	0	0	0	0	2	0	0	0	0	0	0	0	0	0	0	0	0	0	0	43	0	0	1	0	0	0	0	0	0	2	1	150	-1	-1	105	0
42	"분노의 일격"	170	60	25	20	3	0	0	0	3	0	0	0	0	0	0	0	0	2	0	0	0	0	0	0	0	0	0	0	0	0	0	0	42	0	0	1	0	1	0	2	1	0	2	1	150	-1	-1	125	0
44	"반월베기"	0	90	22	15	4	0	0	0	0	-1	0	75	0	0	0	0	0	1	0	0	0	0	0	0	0	0	0	0	0	0	0	0	44	0	0	0	0	0	0	0	0	2	2	-1	-1	-1	-1	100	0
																																																		
24	"다발"	0	0	5	0	6	0	0	0	4	0	0	0	0	0	0	0	0	0	1	0	0	0	0	0	0	0	0	0	0	0	0	0	24	0	1	1	0	1	0	0	0	0	1	2	100	-1	-1	160	0
26	"치료"	8	0	20	0	6	0	100	0	0	0	0	0	0	0	0	0	0	0	1	0	0	0	0	0	0	0	0	0	0	0	0	0	26	3	0	4	0	4	0	0	0	0	0	-1	-1	-1	-1	100	0
27	"방어력향상"	13	0	30	0	6	0	100	0	0	-1	0	0	0	0	0	0	0	0	1	0	0	0	0	0	0	0	0	0	0	0	0	0	27	1	0	4	2	4	0	0	0	0	0	-1	-1	-1	-1	100	0
28	"공격력향상"	18	0	40	0	6	0	100	0	0	-1	0	0	0	0	0	0	0	0	1	0	0	0	0	0	0	0	0	0	0	0	0	0	28	1	0	4	1	4	0	0	0	0	0	-1	-1	-1	-1	100	0
52	"관통"	130	70	7	9	6	0	0	0	4	0	0	0	0	0	0	0	0	0	1	0	0	0	0	0	0	0	0	0	0	0	0	0	52	0	0	1	0	1	0	2	0	0	5	2	200	-1	-1	130	0
51	"아이스애로우"	0	105	10	12	8	0	0	0	2	0	0	0	0	0	0	0	0	0	2	0	0	0	0	0	0	0	0	0	0	0	0	646	51	0	0	1	0	0	0	0	0	0	5	2	150	-1	-1	115	0
//53	"__요정추가스킬"	84	0	70	40	0	0	0	0	0	-1	0	0	0	0	0	0	0	0	2	0	0	0	0	0	0	0	0	0	0	0	0	0	0	0	0		0	0	0	0	0	0	0	-1	-1	-1	-1	100	0
46	"디센트애로우"	0	120	20	15	8	0	0	0	0	-1	0	75	0	0	0	0	0	0	1	0	0	0	0	0	0	0	0	0	0	0	0	0	46	0	0	0	0	0	0	0	0	0	5	-1	-1	-1	-1	100	0
																																																		
30	"고블린소환"	0	0	40	0	0	0	90	0	0	-1	0	0	0	0	0	0	0	0	1	0	0	0	0	0	0	0	0	0	0	0	0	0	30	4	0	0	0	1	1	0	1	0	0	-1	-1	-1	-1	100	0
31	"돌괴물소환"	0	0	70	0	0	0	170	0	0	-1	0	0	0	0	0	0	0	0	1	0	0	0	0	0	0	0	0	0	0	0	0	0	31	4	0	0	0	1	1	0	1	0	0	-1	-1	-1	-1	100	0
32	"암살자소환"	0	0	110	0	0	0	190	0	0	-1	0	0	0	0	0	0	0	0	1	0	0	0	0	0	0	0	0	0	0	0	0	0	32	4	0	0	0	1	1	0	1	0	0	-1	-1	-1	-1	100	0
33	"설인대장소환"	0	0	160	0	0	0	230	0	0	-1	0	0	0	0	0	0	0	0	1	0	0	0	0	0	0	0	0	0	0	0	0	0	33	4	0	0	0	1	1	0	1	0	0	-1	-1	-1	-1	100	0
34	"다크나이트소환"	0	0	200	0	0	0	250	0	0	-1	0	0	0	0	0	0	0	0	1	0	0	0	0	0	0	0	0	0	0	0	0	0	34	4	0	0	0	1	1	0	1	0	0	-1	-1	-1	-1	100	0
35	"발리소환"	0	0	250	0	0	0	260	0	0	-1	0	0	0	0	0	0	0	0	1	0	0	0	0	0	0	0	0	0	0	0	0	0	35	4	0	0	0	1	1	0	1	0	0	-1	-1	-1	-1	100	0
36	"솔져소환"	0	0	350	0	0	0	280	0	0	-1	0	0	0	0	0	0	0	0	1	0	0	0	0	0	0	0	0	0	0	0	0	0	36	4	0	0	0	1	1	0	1	0	0	-1	-1	-1	-1	100	0
																																																		
55	"블러드어택"	0	80	15	20	2	0	0	0	5	-1	0	0	0	0	0	0	0	0	0	1	0	0	0	0	0	0	0	0	0	0	596	0	55	0	0	1	0	1	0	2	0	0	2	1	150	-1	-1	105	0
56	"파워슬래쉬"	0	0	15	0	5	0	100	0	4	-1	0	0	0	0	0	0	0	0	0	1	0	0	0	0	0	0	0	0	0	0	0	0	56	0	1	1	0	1	0	2	0	2	1	1	100	-1	-1	125	0
57	"나선베기"	0	75	20	15	5	0	0	0	0	-1	0	75	0	0	0	0	0	0	0	1	0	0	0	0	0	0	0	0	0	0	0	0	57	0	0	0	0	0	0	0	0	2	3	-1	-1	-1	-1	100	0
73	"광살포"	0	85	130	7	6	0	0	0	0	-1	0	75	0	0	0	0	0	0	0	1	0	0	0	0	0	0	0	0	0	0	0	0	73	0	0	0	0	0	0	0	0	0	6	-1	-1	-1	-1	100	0
																																																		
50	"악의불꽃(몬스터)"	60	120	160	0	0	0	100	0	0	-1	6	0	0	0	0	0	0	0	0	0	0	0	0	0	0	0	0	0	0	0	0	0	50	0	0	0	0	0	0	0	0	0	0	-1	-1	-1	-1	100	0
																																																		
//다크로드																																																		
60	"포스"	0	10	10	0	4	0	0	0	4	1	0	0	0	0	0	0	0	0	0	0	1	0	0	0	0	0	0	0	0	0	0	0	60	0	0	1	0	0	0	0	0	0	0	1	40	-1	-1	160	0
61	"파이어 버스트"	74	100	25	0	6	0	20	0	1	1	0	0	0	0	0	0	0	0	0	0	1	0	0	0	0	0	0	0	0	0	0	0	61	0	0	1	0	0	0	0	0	0	0	1	100	-1	-1	135	0
62	"어스 쉐이크"	0	150	0	50	10	10000	0	0	3	0	0	0	0	0	0	0	0	0	0	0	1	0	0	0	0	0	0	0	0	0	0	0	62	0	0	1	0	1	1	0	1	0	0	-1	-1	-1	-1	100	0
63	"셔먼"	98	0	70	30	0	30000	34	400	0	-1	0	0	0	0	0	0	0	0	0	0	1	0	0	0	0	0	0	0	0	0	0	0	63	0	0	0	0	1	1	0	1	0	0	-1	-1	-1	-1	100	0
64	"크리티컬데미지증가"	82	0	50	50	0	0	25	300	0	-1	0	0	0	0	0	0	0	0	0	0	1	0	0	0	0	0	0	0	0	0	0	0	64	1	0	0	5	2	1	0	1	0	0	-1	-1	-1	-1	100	0
65	"일렉트릭 스파이크"	92	250	0	100	10	5000	29	340	4	1	0	0	0	0	0	0	0	0	0	0	1	0	0	0	0	0	0	0	0	0	0	0	65	0	0	1	0	0	0	0	0	0	0	1	100	-1	-1	100	0
66	"포스 웨이브"	0	50	10	0	4	0	0	0	4	1	0	0	0	0	0	0	0	0	0	0	1	0	0	0	0	0	0	0	0	0	0	0	66	0	1	1	0	0	0	0	0	0	0	1	40	-1	-1	160	0
74	"파이어 브래스트"	0	150	30	10	6	0	0	0	0	-1	0	75	0	0	0	0	0	0	0	0	1	0	0	0	0	0	0	0	0	0	0	0	74	0	0	0	0	0	0	0	0	0	0	-1	-1	-1	-1	100	0
//75	"세크리파이스"	120	0	100	35	0	0	37	450	0	-1	0	0	0	0	0	0	0	0	0	0	1	0	0	0	0	0	0	0	0	0	0	0	0	0	0	0	0	0	0	0	0	0	0	-1	-1	-1	-1	100	0
78	"파이어 스크림"	102	130	45	10	6	0	32	70	1	1	0	0	0	0	0	0	0	0	0	0	1	0	0	0	0	0	0	0	0	0	0	0	78	0	0	1	0	1	0	2	0	0	0	1	150	-1	-1	115	0
79	"폭발"	0	0	0	0	2	0	0	0	0	1	6	0	0	0	0	0	0	0	0	0	1	0	0	0	0	0	0	0	0	0	0	0	79	0	0	0	0	0	0	0	0	0	0	-1	-1	-1	-1	100	0
//직책스킬																																																		
67	"스턴"	0	0	70	50	2	0	0	0	0	-1	1	0	4	0	0	1	1	1	1	1	1	1	0	0	0	0	0	0	0	0	0	0	67	2	0	0	0	1	0	0	0	0	0	-1	-1	-1	-1	100	0
68	"스턴해제"	0	0	25	30	0	0	0	0	0	-1	1	0	2	0	0	1	1	1	1	1	1	1	0	0	0	0	0	0	0	0	0	0	68	3	0	0	0	4	0	0	0	0	0	-1	-1	-1	-1	100	0
69	"스웰마나"	0	0	35	30	0	0	0	0	0	-1	1	0	4	0	0	1	1	1	1	1	1	1	0	0	0	0	0	0	0	0	0	0	69	1	0	0	9	2	1	0	1	0	0	-1	-1	-1	-1	100	0
70	"투명"	0	0	80	60	0	0	0	0	0	-1	1	0	5	1	1	0	1	1	1	1	1	1	0	0	0	0	0	0	0	0	0	0	70	1	0	0	0	2	1	0	1	0	0	-1	-1	-1	-1	100	0
71	"투명해제"	0	0	40	30	0	0	0	0	0	-1	1	0	2	1	1	0	1	1	1	1	1	1	0	0	0	0	0	0	0	0	0	0	71	3	0	0	0	4	0	0	0	0	0	-1	-1	-1	-1	100	0
72	"마법해제"	0	0	90	70	0	0	0	0	0	-1	1	0	8	1	0	0	0	0	0	0	1	0	0	0	0	0	0	0	0	0	0	0	72	3	0	0	0	4	0	0	0	0	0	-1	-1	-1	-1	100	0
																																																		
//펜릴																																																		
76	"플라즈마스톰"	110	60	50	20	6	1500	0	0	0	0	0	0	0	0	0	0	2	2	2	1	1	2	1	1	0	0	0	0	0	0	0	0	76	0	0	0	0	0	0	0	0	0	0	-1	-1	-1	-1	100	0
																																																		
//몬스터스킬																																																		
200	"몬스터소환"	0	0	40	0	0	0	90	0	0	-1	6	0	0	0	0	0	0	0	0	0	0	0	0	0	0	0	0	0	0	0	0	0	200	0	0	0	0	0	0	0	0	0	0	-1	-1	-1	-1	100	0
201	"마법공격무적"	0	0	40	0	0	0	90	0	0	-1	6	0	0	0	0	0	0	0	0	0	0	0	0	0	0	0	0	0	0	0	0	0	201	0	0	0	0	0	0	0	0	0	0	-1	-1	-1	-1	100	0
202	"물리공격무적"	0	0	40	0	0	0	90	0	0	-1	6	0	0	0	0	0	0	0	0	0	0	0	0	0	0	0	0	0	0	0	0	0	202	0	0	0	0	0	0	0	0	0	0	-1	-1	-1	-1	100	0
203	"축복의물약"	0	0	40	0	0	0	90	0	0	-1	6	0	0	0	0	0	0	0	0	0	0	0	0	0	0	0	0	0	0	0	0	0	203	0	0	0	0	0	0	0	0	0	0	-1	-1	-1	-1	100	0
204	"영혼의물약"	0	0	40	0	0	0	90	0	0	-1	6	0	0	0	0	0	0	0	0	0	0	0	0	0	0	0	0	0	0	0	0	0	204	0	0	0	0	0	0	0	0	0	0	-1	-1	-1	-1	100	0
// 요정 추가 스킬																																																		
77	"인피니티 애로우"	220	0	50	10	6	0	0	0	0	-1	0	0	0	0	0	0	0	0	2	0	0	0	0	0	0	0	0	0	0	0	0	0	77	1	0	0	6	2	1	0	1	0	0	-1	-1	-1	-1	100	0
																																																		
// 210번 미만 인덱스 사용 불가 (뭔가 쓰이는 곳이 있다고 함)																																																		
// 신규 이벤트맵 전용 스킬																																																		
210	"보호의 주문"	0	0	30	0	0	60000	0	0	0	0	5	0	0	0	0	0	1	1	1	1	1	1	1	1	0	0	0	0	0	0	0	0	210	1	0	0	0	2	1	0	0	0	0	-1	-1	-1	-1	100	0
211	"속박의 주문"	0	0	30	0	3	60000	0	0	0	0	5	0	0	0	0	0	1	1	1	1	1	1	1	1	0	0	0	0	0	0	0	0	211	2	0	0	0	0	0	0	1	0	0	-1	-1	-1	-1	100	0
212	"추적의 주문"	0	0	30	0	0	120000	0	0	0	0	5	0	0	0	0	0	1	1	1	1	1	1	1	1	0	0	0	0	0	0	0	0	212	0	0	0	0	2	0	0	0	0	0	-1	-1	-1	-1	100	0
213	"쉴드번"	0	0	30	0	3	60000	0	0	0	0	5	0	0	0	0	0	1	1	1	1	1	1	1	1	0	0	0	0	0	0	0	0	213	0	0	0	0	0	0	0	1	0	0	-1	-1	-1	-1	100	0
// 소환술사 스킬																																																		
214	"드레인 라이프"	35	35	50	0	6	0	93	0	5	1	0	0	0	0	0	0	0	0	0	0	0	1	0	0	0	0	0	0	0	0	0	0	214	0	0	2	0	0	0	0	0	0	0	-1	-1	-1	-1	100	0
219	"슬립"	40	0	20	3	6	0	100	0	0	1	0	0	0	0	0	0	0	0	0	0	0	1	0	0	0	0	0	0	0	0	0	0	219	2	0	0	0	0	0	0	0	0	0	-1	-1	-1	-1	100	0
223	"익스플로젼"	50	40	90	5	6	4000	100	0	1	1	0	0	0	0	0	0	0	0	0	0	0	1	0	0	0	0	0	0	0	0	0	0	223	0	0	3	0	1	0	2	1	0	1	3	150	-1	-1	120	0
215	"체인 라이트닝"	75	70	85	0	6	0	75	0	4	1	0	0	0	0	0	0	0	0	0	0	0	1	0	0	0	0	0	0	0	0	0	0	215	0	0	2	0	0	0	0	0	0	0	3	200	-1	-1	105	0
224	"레퀴엠"	75	65	110	10	6	4000	99	0	3	1	0	0	0	0	0	0	0	0	0	0	0	1	0	0	0	0	0	0	0	0	0	0	224	0	1	3	0	1	0	2	1	0	1	3	150	-1	-1	125	0
217	"데미지반사"	80	0	40	10	5	5000	111	0	0	1	0	0	0	0	0	0	0	0	0	0	0	1	0	0	0	0	0	0	0	0	0	0	217	1	0	0	71	4	0	0	0	0	0	-1	-1	-1	-1	100	0
225	"펄루션"	85	80	120	15	6	4000	115	0	4	1	0	0	0	0	0	0	0	0	0	0	0	1	0	0	0	0	0	0	0	0	0	0	225	0	1	3	0	1	0	2	1	0	1	3	150	-1	-1	125	0
//224	"환수4"	72	100	130	20	0	0	164	0	0	0	0	0	0	0	0	0	0	0	0	0	0	1	0	0	0	0	0	0	0	0	0	0	0	0	1	0	0	0	0	0	0	0	0	-1	-1	-1	-1	100	0
//216	"라이트닝 오브"	93	95	120	7	6	0	216	0	2	1	0	0	0	0	0	0	0	0	0	0	0	1	0	0	0	0	0	0	0	0	0	0	0	0	0	0	0	0	0	0	0	0	0	-1	-1	-1	-1	100	0
230	"라이트닝쇼크"	93	95	115	7	6	0	216	0	4	1	0	0	0	0	0	0	0	0	0	0	0	1	0	0	0	0	0	0	0	0	0	0	230	0	0	2	0	1	0	2	0	0	0	3	200	-1	-1	105	0
218	"버서커"	83	0	100	50	5	5000	181	0	0	1	0	0	0	0	0	0	0	0	0	0	0	1	0	0	0	0	0	0	0	0	0	0	218	1	0	0	81	2	1	0	1	0	0	-1	-1	-1	-1	100	0
//225	"환수5"	88	115	140	20	0	0	191	0	0	0	0	0	0	0	0	0	0	0	0	0	0	1	0	0	0	0	0	0	0	0	0	0	0	2	1	0	0	0	0	0	0	0	0	-1	-1	-1	-1	100	0
221	"위크니스"	93	0	50	15	6	4000	173	0	0	1	0	0	0	0	0	0	0	0	0	0	0	1	0	0	0	0	0	0	0	0	0	0	221	2	0	0	0	1	0	2	0	0	0	-1	-1	-1	-1	100	0
//226	"환수6"	97	0	0	0	0	0	211	0	0	0	0	0	0	0	0	0	0	0	0	0	0	1	0	0	0	0	0	0	0	0	0	0	0	0	1	0	0	0	0	0	0	0	0	-1	-1	-1	-1	100	0
//227	"환수7"	102	0	0	0	0	0	220	0	0	0	0	0	0	0	0	0	0	0	0	0	0	1	0	0	0	0	0	0	0	0	0	0	0	0	1	0	0	0	0	0	0	0	0	-1	-1	-1	-1	100	0
//228	"환수8"	106	0	0	0	0	0	231	0	0	0	0	0	0	0	0	0	0	0	0	0	0	1	0	0	0	0	0	0	0	0	0	0	0	2	1	0	0	0	0	0	0	0	0	-1	-1	-1	-1	100	0
222	"이너베이션"	111	0	70	15	6	4000	201	0	0	1	0	0	0	0	0	0	0	0	0	0	0	1	0	0	0	0	0	0	0	0	0	0	222	2	0	0	0	1	0	2	0	0	0	-1	-1	-1	-1	100	0
//229	"환수9"	116	0	0	0	0	0	249	0	0	0	0	0	0	0	0	0	0	0	0	0	0	1	0	0	0	0	0	0	0	0	0	0	0	0	1	0	0	0	0	0	0	0	0	-1	-1	-1	-1	100	0
//220	"블라인드"	0	0	20	10	6	0	0	0	0	1	0	0	0	0	0	0	0	0	0	0	0	1	0	0	0	0	0	0	0	0	0	0	0	2	0	0	0	1	0	0	0	0	0	-1	-1	-1	-1	100	0
// 신규 추가 스킬																																																		
232	"파괴의일격"	100	110	30	24	5	0	0	0	2	0	0	0	0	0	0	0	0	2	0	0	0	0	0	0	0	0	0	0	0	0	0	0	232	0	0	1	0	1	0	2	1	0	2	1	150	-1	-1	135	0
233	"마력증대"	220	0	200	50	6	0	118	0	0	1	0	0	0	0	0	0	2	0	0	0	0	0	0	0	0	0	0	0	0	0	0	0	233	1	0	0	82	2	1	0	1	0	0	-1	-1	-1	-1	100	0
234	"회복"	100	0	40	10	6	0	37	0	0	0	0	0	0	0	0	0	0	0	2	0	0	0	0	0	0	0	0	0	0	0	0	0	234	3	0	0	0	4	0	0	0	0	0	-1	-1	-1	-1	100	0
235	"회복"	100	40	10	7	6	0	0	0	4	0	0	0	0	0	0	0	0	0	2	0	0	0	0	0	0	0	0	0	0	0	0	0	235	0	0	1	0	1	0	0	0	0	5	2	200	-1	-1	105	0
236	"플레임스트라이크"	100	140	20	25	3	0	0	0	1	1	0	0	0	0	0	0	0	0	0	1	0	0	0	0	0	0	0	0	0	0	0	0	236	0	0	1	0	1	0	2	0	0	2	1	200	-1	-1	135	0
237	"기간틱스톰"	220	110	120	10	6	0	118	0	4	1	0	0	0	0	0	0	0	0	0	1	0	0	0	0	0	0	0	0	0	0	0	0	237	0	0	2	0	1	0	2	0	0	0	3	250	-1	-1	115	0
238	"카오틱디세이어"	100	190	50	15	6	0	16	0	5	1	0	0	0	0	0	0	0	0	0	0	1	0	0	0	0	0	0	0	0	0	0	0	238	0	0	1	0	1	0	2	0	0	0	1	150	-1	-1	105	0
// 도플갱어 공격 스킬																																																		
239	"도플갱어 자폭 스킬"	100	140	20	25	3	0	0	0	1	1	6	0	0	0	0	0	0	0	0	1	0	0	0	0	0	0	0	0	0	0	0	0	239	0	0	0	0	0	0	0	0	0	0	-1	-1	-1	-1	100	0
// 레이지파이터스킬																																																		
260	"클링블로우"	0	0	9	0	2	0	0	0	3	1	0	0	0	0	0	0	0	0	0	0	0	0	1	0	0	0	0	0	0	0	0	0	260	0	1	1	0	0	0	1	0	2	0	4	200	-1	-1	155	0
261	"비스트어퍼"	0	0	9	0	2	0	0	0	1	1	0	0	0	0	0	0	0	0	0	0	0	0	1	0	0	0	0	0	0	0	0	0	261	0	1	1	0	0	0	1	0	2	0	4	200	-1	-1	155	0
262	"체인드라이브"	150	0	15	20	4	700	0	0	2	1	0	0	0	0	0	0	0	0	0	0	0	0	1	0	0	0	0	0	0	0	0	0	262	0	0	1	0	0	0	1	0	2	7	-1	-1	-1	-1	105	0
263	"다크사이드"	180	0	70	0	5	0	0	0	3	1	0	0	0	0	0	0	0	0	0	0	0	0	1	0	0	0	0	0	0	0	0	0	263	0	0	1	0	1	0	0	0	0	0	-1	-1	-1	-1	115	0
264	"드레곤로어"	150	0	50	30	3	700	0	0	3	1	0	0	0	0	0	0	0	0	0	0	0	0	1	0	0	0	0	0	0	0	0	0	264	0	0	1	0	0	0	0	0	0	7	-1	-1	-1	-1	100	0
265	"드레곤슬레셔"	200	0	100	100	4	3000	0	0	4	1	0	0	0	0	0	0	0	0	0	0	0	0	1	0	0	0	0	0	0	0	0	0	265	0	0	1	0	0	0	0	0	2	7	-1	-1	-1	-1	100	0
266	"적방어력무시"	120	0	50	10	3	0	80	0	0	1	0	0	0	0	0	0	0	0	0	0	0	0	1	0	0	0	0	0	0	0	0	0	266	1	0	0	129	2	1	0	1	0	0	-1	-1	-1	-1	100	0
267	"체력향상"	80	0	50	10	7	0	35	0	0	1	0	0	0	0	0	0	0	0	0	0	0	0	1	0	0	0	0	0	0	0	0	0	267	1	0	0	130	2	1	0	1	0	0	-1	-1	-1	-1	100	0
268	"방어성공율향상"	50	0	50	10	7	0	30	0	0	1	0	0	0	0	0	0	0	0	0	0	0	0	1	0	0	0	0	0	0	0	0	0	268	1	0	0	131	2	1	0	1	0	0	-1	-1	-1	-1	100	0
269	"차지"	0	90	20	15	4	0	0	0	0	1	0	75	0	0	0	0	0	0	0	0	0	0	1	0	0	0	0	0	0	0	0	0	269	0	0	0	0	0	0	1	0	2	0	-1	-1	-1	-1	100	0
270	"피닉스 샷"	0	0	30	0	4	1200	0	0	4	1	0	0	0	0	0	0	0	0	0	0	0	0	1	0	0	0	0	0	0	0	0	0	270	0	1	1	0	0	0	0	0	0	0	4	200	-1	-1	125	0
// 그로우랜서 스킬																																																		
271	"스핀스텝"	83	100	12	0	2	500	0	0	2	0	0	0	0	0	0	0	0	0	0	0	0	0	0	1	0	0	0	0	0	0	0	150	271	0	0	1	0	0	0	0	0	0	4	2	-1	-1	-1	100	0
272	"서클실드"	220	0	100	50	0	0	0	0	0	0	0	0	0	0	0	0	0	0	0	0	0	0	0	1	0	0	0	0	0	0	0	0	272	1	0	0	216	2	0	0	0	0	8	2	-1	-1	-1	100	0
273	"옵시디언"	74	0	50	50	0	0	61	0	0	0	0	0	0	0	0	0	0	0	0	0	0	0	0	1	0	0	0	0	0	0	0	0	273	1	0	0	217	3	0	0	0	0	0	1	-1	-1	-1	100	0
274	"매직핀"	30	80	30	20	2	500	0	0	2	0	0	0	0	0	0	0	0	0	0	0	0	0	0	1	0	0	0	0	0	0	300	300	274	0	0	1	0	0	0	0	0	0	4	2	-1	-1	-1	100	0
275	"격돌"	0	50	50	50	6	10000	0	0	0	0	0	75	0	0	0	0	0	0	0	0	0	0	0	1	0	0	0	0	0	0	0	0	275	0	0	0	0	0	0	0	0	2	0	1	-1	-1	-1	100	0
276	"하쉬스트라이크"	74	100	12	0	3	500	0	0	1	0	0	0	0	0	0	0	0	0	0	0	0	0	0	1	0	0	0	0	0	0	150	0	276	0	0	1	0	0	0	0	0	0	4	1	30	-1	-1	110	0
277	"샤이닝픽"	92	70	50	20	4	500	49	0	4	0	0	0	0	0	0	0	0	0	0	0	0	0	0	1	0	0	0	0	0	0	0	0	277	0	0	1	0	1	0	0	0	0	4	1	-1	-1	-1	110	0
278	"격노"	66	0	100	50	0	60000	0	0	0	0	0	0	0	0	0	0	0	0	0	0	0	0	0	1	0	0	0	0	0	0	200	200	278	1	0	0	218	2	0	0	0	2	0	2	-1	-1	-1	100	0
279	"브레쉬"	300	400	40	20	3	500	0	0	1	0	0	0	0	0	0	0	0	0	0	0	0	0	0	1	0	0	0	0	0	0	0	0	279	0	0	1	0	1	0	0	0	2	4	2	-1	-1	-1	110	0
280	"폭발"	0	50	0	0	2	0	0	0	0	1	6	0	0	0	0	0	0	0	0	0	0	0	0	1	0	0	0	0	0	0	0	0	280	0	0	0	0	0	0	0	0	0	0	-1	-1	-1	-1	110	0
281	"매직핀 폭발"	0	0	0	0	0	0	0	0	0	1	6	0	0	0	0	0	0	0	0	0	0	0	0	1	0	0	0	0	0	0	0	0	281	0	0	0	0	0	0	0	0	0	0	-1	-1	-1	-1	100	0
//번호	Name	레벨	데미지	사용마나량	어빌리티	거리	Delay	Eng	Cha	속성1	속성2	SkilluseType	SkillBrand	KillCout	길마	부길마	베틀마스터	흑마법사	흑기사	요정	마검사	다크로드	소환술사	레이지파이터	그로우랜서	스킬랭크	스킬그룹	필요마스터레벨포인트	소모체력	소모SD	지속시간	필요힘	필요민첩	아이콘번호	스킬 타입	무기 스킬	데미지 구분	버프 인덱스	타겟 대상	타겟 영역	사거리 내 장애물	타겟 쫓기	탈것 체크	장비 체크	데미지 스탯1	스탯 나눔값2	데미지 스탯2	스탯 나눔값2	속성 각인 가중치	추가 데미지 효과
// 마스터레벨 스킬																																																		
// 패시브 스킬 (흑기사, 흑마법사, 요정, 소환술사, 마검사, 다크로드)																																																		
300	"내구 감소 (1)"	0	37	0	0	0	0	0	0	0	-1	3	0	0	0	0	0	3	3	3	3	3	3	0	3	1	1	1	0	0	0	0	0	0	0	0	0	0	0	0	0	0	0	0	-1	-1	-1	-1	100	0
301	"대인 방어율 증가"	0	12	0	0	0	0	0	0	0	-1	3	0	0	0	0	0	3	3	3	3	3	3	0	3	1	2	1	0	0	0	0	0	1	0	0	0	0	0	0	0	0	0	0	-1	-1	-1	-1	100	0
302	"최대 SD 증가"	0	13	0	0	0	0	0	0	0	-1	3	0	0	0	0	0	3	3	3	3	3	3	0	3	2	3	1	0	0	0	0	0	2	0	0	0	0	0	0	0	0	0	0	-1	-1	-1	-1	100	0
303	"자동 마나 회복력 증가"	0	7	0	0	0	0	0	0	0	-1	3	0	0	0	0	0	3	3	3	3	3	3	0	3	2	4	1	0	0	0	0	0	3	0	0	0	0	0	0	0	0	0	0	-1	-1	-1	-1	100	0
304	"독 저항력 상승"	0	1	0	0	0	0	0	0	5	-1	3	0	0	0	0	0	3	3	3	3	3	3	0	3	2	5	1	0	0	0	0	0	4	0	0	0	0	0	0	0	0	0	0	-1	-1	-1	-1	100	0
305	"내구 감소 (2)"	0	17	0	0	0	0	0	0	0	-1	3	0	0	0	0	0	3	3	3	3	3	3	0	3	3	6	1	0	0	0	0	0	5	0	0	0	0	0	0	0	0	0	0	-1	-1	-1	-1	100	0
306	"SD 회복 속도 상승"	0	1	0	0	0	0	0	0	0	-1	3	0	0	0	0	0	3	3	3	3	3	3	0	3	3	7	1	0	0	0	0	0	6	0	0	0	0	0	0	0	0	0	0	-1	-1	-1	-1	100	0
307	"자동 생명 회복력 증가"	0	1	0	0	0	0	0	0	0	-1	3	0	0	0	0	0	3	3	3	3	3	3	0	3	3	8	1	0	0	0	0	0	7	0	0	0	0	0	0	0	0	0	0	-1	-1	-1	-1	100	0
308	"번개 저항력 상승"	0	1	0	0	0	0	0	0	2	-1	3	0	0	0	0	0	3	3	3	3	3	3	0	3	3	9	1	0	0	0	0	0	8	0	0	0	0	0	0	0	0	0	0	-1	-1	-1	-1	100	0
309	"방어력 증가"	0	16	0	0	0	0	0	0	0	-1	3	0	0	0	0	0	3	3	3	3	3	3	0	3	4	10	1	0	0	0	0	0	9	0	0	0	0	0	0	0	0	0	0	-1	-1	-1	-1	100	0
310	"자동 AG 회복력 증가"	0	1	0	0	0	0	0	0	0	-1	3	0	0	0	0	0	3	3	3	3	3	3	0	3	4	11	1	0	0	0	0	0	10	0	0	0	0	0	0	0	0	0	0	-1	-1	-1	-1	100	0
311	"얼음 저항력 상승"	0	1	0	0	0	0	0	0	0	-1	3	0	0	0	0	0	3	3	3	3	3	3	0	3	4	12	1	0	0	0	0	0	11	0	0	0	0	0	0	0	0	0	0	-1	-1	-1	-1	100	0
312	"내구 감소 (3)"	0	17	0	0	0	0	0	0	0	-1	3	0	0	0	0	0	3	3	3	3	3	3	0	3	5	13	1	0	0	0	0	0	12	0	0	0	0	0	0	0	0	0	0	-1	-1	-1	-1	100	0
313	"방어 성공율 상승"	0	1	0	0	0	0	0	0	0	-1	3	0	0	0	0	0	3	3	3	3	3	3	0	3	5	14	1	0	0	0	0	0	13	0	0	0	0	0	0	0	0	0	0	-1	-1	-1	-1	100	0
314	"무적 시전"	0	38	0	0	0	0	0	0	0	-1	3	0	0	0	0	0	3	3	3	3	3	3	0	3	6	15	1	0	0	0	0	0	14	0	0	0	0	0	0	0	0	0	0	-1	-1	-1	-1	100	0
315	"세트 방어력 증가"	0	3	0	0	0	0	0	0	0	-1	3	0	0	0	0	0	3	3	3	3	3	3	0	3	6	16	1	0	0	0	0	0	15	0	0	0	0	0	0	0	0	0	0	-1	-1	-1	-1	100	0
316	"복수"	0	38	0	0	0	0	0	0	0	-1	3	0	0	0	0	0	3	3	3	3	3	3	0	3	6	17	1	0	0	0	0	0	16	0	0	0	0	0	0	0	0	0	0	-1	-1	-1	-1	100	0
317	"에너지 스탯 증가"	0	40	0	0	0	0	0	0	0	-1	3	0	0	0	0	0	3	3	3	3	3	3	0	3	7	18	1	0	0	0	0	0	17	0	0	0	0	0	0	0	0	0	0	-1	-1	-1	-1	100	0
318	"체력 스탯 증가"	0	40	0	0	0	0	0	0	0	-1	3	0	0	0	0	0	3	3	3	3	3	3	0	3	7	19	1	0	0	0	0	0	18	0	0	0	0	0	0	0	0	0	0	-1	-1	-1	-1	100	0
319	"민첩 스탯 증가"	0	40	0	0	0	0	0	0	0	-1	3	0	0	0	0	0	3	3	3	3	3	3	0	3	7	20	1	0	0	0	0	0	19	0	0	0	0	0	0	0	0	0	0	-1	-1	-1	-1	100	0
320	"힘 스탯 증가"	0	40	0	0	0	0	0	0	0	-1	3	0	0	0	0	0	3	3	3	3	3	3	0	3	7	21	1	0	0	0	0	0	20	0	0	0	0	0	0	0	0	0	0	-1	-1	-1	-1	100	0
// 블레이드 마스터																																																		
// 보호 - 패시브 스킬 (블레이드 마스터)																																																		
321	"폭풍의 날개 흡수 강화"	0	38	0	0	0	0	0	0	0	-1	3	0	0	0	0	0	0	3	0	0	0	0	0	0	8	22	1	0	0	0	0	0	21	0	0	0	0	0	0	0	0	0	0	-1	-1	-1	-1	100	0
322	"폭풍의 날개 방어 강화"	0	17	0	0	0	0	0	0	0	-1	3	0	0	0	0	0	0	3	0	0	0	0	0	0	8	23	1	0	0	0	0	0	22	0	0	0	0	0	0	0	0	0	0	-1	-1	-1	-1	100	0
323	"무적 시전"	0	1	0	0	0	0	0	0	0	-1	3	0	0	0	0	0	3	3	3	3	3	3	3	3	6	15	1	0	0	0	0	0	14	0	0	0	0	0	0	0	0	0	0	-1	-1	-1	-1	100	0
324	"폭풍의 날개 공격 강화"	0	17	0	0	0	0	0	0	0	-1	3	0	0	0	0	0	0	3	0	0	0	0	0	0	9	35	1	0	0	0	0	0	24	0	0	0	0	0	0	0	0	0	0	-1	-1	-1	-1	100	0
// 용맹 - 스킬 강화 (블레이드 마스터)																																																		
325	"공격 성공율 상승"	0	13	0	0	0	0	0	0	0	-1	3	0	0	0	0	0	3	3	3	3	3	3	0	3	1	36	1	0	0	0	0	0	25	0	0	0	0	0	0	0	0	0	0	-1	-1	-1	-1	100	0
326	"돌려치기 강화"	0	4	9	0	2	0	0	0	4	0	4	22	0	0	0	0	0	3	0	0	0	0	0	0	2	37	1	0	0	0	0	0	26	0	1	1	0	0	0	0	0	0	0	1	30	-1	-1	165	0
327	"베기 강화"	0	40	10	0	2	0	0	0	4	0	4	23	0	0	0	0	0	3	0	0	0	0	0	0	2	38	1	0	0	0	0	0	27	0	1	1	0	0	0	0	0	0	0	1	30	-1	-1	185	0
328	"내려찍기 강화"	0	17	9	0	3	0	0	0	4	0	4	19	0	0	0	0	0	3	0	0	0	0	0	0	2	39	1	0	0	0	0	0	28	0	1	1	0	0	0	0	0	0	0	1	30	-1	-1	180	0
329	"찌르기 강화"	0	17	9	0	2	0	0	0	4	0	4	20	0	0	0	0	0	3	0	0	0	0	0	3	2	40	1	0	0	0	0	0	29	0	1	1	0	0	0	0	0	0	0	1	30	-1	-1	170	0
330	"회오리베기 강화"	0	40	10	10	2	0	0	0	4	0	4	41	0	0	0	0	0	3	0	0	0	0	0	0	3	41	1	0	0	0	0	0	30	0	0	1	0	1	1	0	1	0	2	1	40	-1	-1	150	0
331	"분노의 일격 강화"	170	22	25	22	3	0	0	0	3	0	4	42	0	0	0	0	0	3	0	0	0	0	0	0	3	42	1	0	0	0	0	0	31	0	0	1	0	1	0	2	1	0	2	1	150	-1	-1	125	0
332	"회오리베기 마스터리"	0	1	22	20	2	0	0	0	4	0	4	330	0	0	0	0	0	3	0	0	0	0	0	0	4	41	1	0	0	0	0	0	32	0	0	0	0	1	1	0	1	0	0	1	40	-1	-1	150	0
333	"분노의 일격 마스터리"	170	1	50	30	3	0	0	0	3	0	4	331	0	0	0	0	0	3	0	0	0	0	0	0	4	42	1	0	0	0	0	0	33	0	0	0	0	1	0	2	1	0	2	1	150	-1	-1	125	0
334	"최대 생명력 증가"	0	9	0	0	0	0	0	0	0	-1	3	0	0	0	0	0	3	3	3	3	3	3	0	3	4	43	1	0	0	0	0	0	34	0	0	0	0	0	0	0	0	0	0	-1	-1	-1	-1	100	0
335	"웨폰 마스터리"	0	22	0	0	0	0	0	0	0	-1	3	0	0	0	0	0	0	3	0	0	0	0	0	0	4	44	1	0	0	0	0	0	35	0	0	0	0	0	0	0	0	0	0	-1	-1	-1	-1	100	0
336	"블로우 강화"	160	22	15	13	3	0	0	0	4	0	4	43	0	0	0	0	0	3	0	0	0	0	0	0	5	45	1	0	0	0	0	0	36	0	0	1	0	0	0	0	0	0	2	1	150	-1	-1	105	0
337	"파괴의일격 강화"	100	22	30	24	5	0	0	0	2	0	4	232	0	0	0	0	0	3	0	0	0	0	0	0	5	46	1	0	0	0	0	0	37	0	0	1	0	1	0	2	1	0	2	1	150	-1	-1	135	0
338	"최대 마나 증가"	0	9	0	0	0	0	0	0	0	-1	3	0	0	0	0	0	3	3	3	3	3	3	0	3	5	47	1	0	0	0	0	0	38	0	0	0	0	0	0	0	0	0	0	-1	-1	-1	-1	100	0
339	"블로우 숙련"	160	22	30	26	3	0	0	0	4	0	4	336	0	0	0	0	0	3	0	0	0	0	0	0	6	45	1	0	0	0	0	0	39	0	0	0	0	0	0	0	0	0	2	1	150	-1	-1	105	0
340	"파괴의 일격 숙련"	100	22	30	24	5	0	0	0	2	0	4	337	0	0	0	0	0	3	0	0	0	0	0	0	6	46	1	0	0	0	0	0	40	0	0	0	0	1	0	2	1	0	2	1	150	-1	-1	135	0
341	"최대 AG 증가"	0	8	0	0	0	0	0	0	0	-1	3	0	0	0	0	0	3	3	3	3	3	3	0	3	6	48	1	0	0	0	0	0	41	0	0	0	0	0	0	0	0	0	0	-1	-1	-1	-1	100	0
342	"블로우 마스터리"	160	7	30	26	3	0	0	0	4	0	4	339	0	0	0	0	0	3	0	0	0	0	0	0	7	45	1	0	0	0	0	0	42	0	0	0	0	0	0	0	0	0	2	1	150	-1	-1	105	0
343	"파괴의 일격 마스터리"	100	22	30	24	5	0	0	0	2	0	4	340	0	0	0	0	0	3	0	0	0	0	0	0	7	46	1	0	0	0	0	0	43	0	0	0	0	1	0	2	1	0	2	1	150	-1	-1	135	0
344	"블러드 스톰"	0	25	87	29	3	5000	0	0	4	0	4	0	0	0	0	0	0	3	0	3	0	0	0	0	8	49	10	0	0	0	0	0	44	0	0	0	0	1	0	2	1	0	2	1	200	-1	-1	138	0
345	"콤보 강화"	0	7	0	0	0	0	0	0	0	0	3	0	0	0	0	0	0	3	0	0	0	0	0	0	8	50	1	0	0	0	0	0	45	0	0	0	0	0	0	0	0	0	0	-1	-1	-1	-1	100	0
346	"블러드 스톰 강화"	0	5	95	31	3	3000	0	0	4	0	4	344	0	0	0	0	0	3	0	3	0	0	0	0	9	49	1	0	0	0	0	0	46	0	0	1	0	1	0	2	1	0	2	1	200	-1	-1	138	0
//번호	Name	레벨	데미지	사용마나량	어빌리티	거리	Delay	Eng	Cha	속성1	속성2	SkilluseType	SkillBrand	KillCout	길마	부길마	베틀마스터	흑마법사	흑기사	요정	마검사	다크로드	소환술사	레이지파이터	그로우랜서	스킬랭크	스킬그룹	필요마스터레벨포인트	소모체력	소모SD	지속시간	필요힘	필요민첩	아이콘번호	스킬 타입	무기 스킬	데미지 구분	버프 인덱스	타겟 대상	타겟 영역	사거리 내 장애물	타겟 쫓기	탈것 체크	장비 체크	데미지 스탯1	스탯 나눔값2	데미지 스탯2	스탯 나눔값2	속성 각인 가중치	추가 데미지 효과
// 분노 - 방어/공격 향상 (블레이드 마스터)																																																		
347	"대인 공격율 상승"	0	14	0	0	0	0	0	0	0	-1	3	0	0	0	0	0	3	3	3	3	3	3	0	3	1	51	1	0	0	0	0	0	47	0	0	0	0	0	0	0	0	0	0	-1	-1	-1	-1	100	0
348	"양손검 강화"	0	42	0	0	0	0	0	0	0	0	3	0	0	0	0	0	0	3	0	3	0	0	0	0	2	52	1	0	0	0	0	0	48	0	0	1	0	0	0	0	0	0	0	-1	-1	-1	-1	100	0
349	"한손검 강화"	0	22	0	0	0	0	0	0	0	0	3	0	0	0	0	0	0	3	0	3	0	0	0	0	2	53	1	0	0	0	0	0	49	0	0	1	0	0	0	0	0	0	0	-1	-1	-1	-1	100	0
350	"둔기류 강화"	0	3	0	0	0	0	0	0	0	0	3	0	0	0	0	0	0	3	0	0	0	0	0	0	2	54	1	0	0	0	0	0	50	0	0	1	0	0	0	0	0	0	0	-1	-1	-1	-1	100	0
351	"창류 강화"	0	41	0	0	0	0	0	0	0	0	3	0	0	0	0	0	0	3	0	0	0	0	0	0	2	55	1	0	0	0	0	0	51	0	0	1	0	0	0	0	0	0	0	-1	-1	-1	-1	100	0
352	"양손검 마스터리"	0	41	0	0	0	0	0	0	0	0	3	0	0	0	0	0	0	3	0	3	0	0	0	0	3	56	1	0	0	0	0	0	52	0	0	0	0	0	0	0	0	0	0	-1	-1	-1	-1	100	0
353	"한손검 마스터리"	0	23	0	0	0	0	0	0	0	0	3	0	0	0	0	0	0	3	0	3	0	0	0	0	3	57	1	0	0	0	0	0	53	0	0	0	0	0	0	0	0	0	0	-1	-1	-1	-1	100	0
354	"둔기류 마스터리"	0	1	0	0	0	0	0	0	0	0	3	0	0	0	0	0	0	3	0	0	0	0	0	0	3	58	1	0	0	0	0	0	54	0	0	0	0	0	0	0	0	0	0	-1	-1	-1	-1	100	0
355	"창류 마스터리"	0	1	0	0	0	0	0	0	0	0	3	0	0	0	0	0	0	3	0	0	0	0	0	0	3	59	1	0	0	0	0	0	55	0	0	0	0	0	0	0	0	0	0	-1	-1	-1	-1	100	0
356	"스웰라이프 강화"	120	7	24	26	0	0	0	0	0	-1	4	48	0	0	0	0	0	3	0	0	0	0	0	0	4	60	1	0	0	0	0	0	56	1	0	0	8	2	1	0	1	0	0	-1	-1	-1	-1	100	0
357	"마나 감소"	0	18	0	0	0	0	0	0	0	-1	3	0	0	0	0	0	3	3	3	3	3	3	0	3	4	61	1	0	0	0	0	0	57	0	0	0	0	0	0	0	0	0	0	-1	-1	-1	-1	100	0
358	"몬스터 킬시 SD 회복"	0	11	0	0	0	0	0	0	0	-1	3	0	0	0	0	0	3	3	3	3	3	3	0	3	4	62	1	0	0	0	0	0	58	0	0	0	0	0	0	0	0	0	0	-1	-1	-1	-1	100	0
359	"몬스터 킬시 생명력 회복"	0	6	0	0	0	0	0	0	0	-1	3	0	0	0	0	0	3	3	3	3	3	3	0	3	4	63	1	0	0	0	0	0	59	0	0	0	0	0	0	0	0	0	0	-1	-1	-1	-1	100	0
360	"스웰라이프 숙련"	120	7	26	28	0	0	0	0	0	-1	4	356	0	0	0	0	0	3	0	0	0	0	0	0	5	60	1	0	0	0	0	0	60	1	0	0	135	2	1	0	1	0	0	-1	-1	-1	-1	100	0
361	"최소 공격력 상승"	0	22	0	0	0	0	0	0	0	0	3	0	0	0	0	0	0	3	0	3	3	0	0	3	5	64	1	0	0	0	0	0	61	0	0	1	0	0	0	0	0	0	0	-1	-1	-1	-1	100	0
362	"몬스터 킬시 마나 회복"	0	6	0	0	0	0	0	0	0	-1	3	0	0	0	0	0	3	3	3	3	3	3	0	3	5	65	1	0	0	0	0	0	62	0	0	0	0	0	0	0	0	0	0	-1	-1	-1	-1	100	0
363	"스웰라이프 마스터리"	120	7	28	30	0	0	0	0	0	-1	4	360	0	0	0	0	0	3	0	0	0	0	0	0	6	60	1	0	0	0	0	0	63	1	0	0	136	2	1	0	1	0	0	-1	-1	-1	-1	100	0
364	"최대 공격력 상승"	0	3	0	0	0	0	0	0	0	0	3	0	0	0	0	0	0	3	0	3	3	0	0	3	6	66	1	0	0	0	0	0	64	0	0	1	0	0	0	0	0	0	0	-1	-1	-1	-1	100	0
//365		0	19	0	0	0	0	0	0	0	0	3	0	0	0	0	0	0	3	0	0	0	0	0	0	6	67	1	0	0	0	0	0	65	0	0	0	0	0	0	0	0	0	0						
366	"크리티컬 데미지 확률 상승"	0	38	0	0	0	0	0	0	0	-1	3	0	0	0	0	0	3	3	3	3	3	3	0	3	6	68	1	0	0	0	0	0	66	0	0	0	0	0	0	0	0	0	0	-1	-1	-1	-1	100	0
367	"마나 완전 회복"	0	38	0	0	0	0	0	0	0	-1	3	0	0	0	0	0	3	3	3	3	3	3	0	3	7	69	1	0	0	0	0	0	67	0	0	0	0	0	0	0	0	0	0	-1	-1	-1	-1	100	0
368	"생명력 완전 회복"	0	38	0	0	0	0	0	0	0	-1	3	0	0	0	0	0	3	3	3	3	3	3	0	3	7	70	1	0	0	0	0	0	68	0	0	0	0	0	0	0	0	0	0	-1	-1	-1	-1	100	0
369	"엑설런트 데미지 확률 상승"	0	38	0	0	0	0	0	0	0	-1	3	0	0	0	0	0	3	3	3	3	3	3	0	3	7	71	1	0	0	0	0	0	69	0	0	0	0	0	0	0	0	0	0	-1	-1	-1	-1	100	0
370	"더블 데미지 확률 상승"	0	38	0	0	0	0	0	0	0	-1	3	0	0	0	0	0	3	3	3	3	3	3	0	3	8	72	1	0	0	0	0	0	70	0	0	0	0	0	0	0	0	0	0	-1	-1	-1	-1	100	0
371	"적 방어력 무시 확률 상승"	0	38	0	0	0	0	0	0	0	-1	3	0	0	0	0	0	3	3	3	3	3	3	0	3	9	73	1	0	0	0	0	0	71	0	0	0	0	0	0	0	0	0	0	-1	-1	-1	-1	100	0
372	"SD 완전 회복"	0	38	0	0	0	0	0	0	0	-1	3	0	0	0	0	0	3	3	3	3	3	3	0	3	8	74	1	0	0	0	0	0	72	0	0	0	0	0	0	0	0	0	0	-1	-1	-1	-1	100	0
373	"트리플 데미지 확률 상승"	0	38	0	0	0	0	0	0	0	-1	3	0	0	0	0	0	3	3	3	3	3	3	0	0	9	75	1	0	0	0	0	0	73	0	0	0	0	0	0	0	0	0	0	-1	-1	-1	-1	100	0
// 그랜드 마스터																																																		
// 평온 - 패시브 스킬 (그랜드 마스터)																																																		
//번호	Name	레벨	데미지	사용마나량	어빌리티	거리	Delay	Eng	Cha	속성1	속성2	SkilluseType	SkillBrand	KillCout	길마	부길마	베틀마스터	흑마법사	흑기사	요정	마검사	다크로드	소환술사	레이지파이터	그로우랜서	스킬랭크	스킬그룹	필요마스터레벨포인트	소모체력	소모SD	지속시간	필요힘	필요민첩	아이콘번호	스킬 타입	무기 스킬	데미지 구분	버프 인덱스	타겟 대상	타겟 영역	사거리 내 장애물	타겟 쫓기	탈것 체크	장비 체크	데미지 스탯1	스탯 나눔값2	데미지 스탯2	스탯 나눔값2	속성 각인 가중치	추가 데미지 효과
374	"시공의 날개 흡수 강화"	0	38	0	0	0	0	0	0	0	-1	3	0	0	0	0	0	3	0	0	0	0	0	0	0	8	76	1	0	0	0	0	0	74	0	0	0	0	0	0	0	0	0	0	-1	-1	-1	-1	100	0
375	"시공의 날개 방어 강화"	0	17	0	0	0	0	0	0	0	-1	3	0	0	0	0	0	3	0	0	0	0	0	0	0	8	77	1	0	0	0	0	0	75	0	0	0	0	0	0	0	0	0	0	-1	-1	-1	-1	100	0
//376																																																		
377	"시공의 날개 공격 강화"	0	17	0	0	0	0	0	0	0	-1	3	0	0	0	0	0	3	0	0	0	0	0	0	0	9	79	1	0	0	0	0	0	77	0	0	0	0	0	0	0	0	0	0	-1	-1	-1	-1	100	0
// 지혜 - 스킬 강화 (그랜드 마스터)																																																		
378	"불기둥 강화"	35	17	55	0	6	0	100	0	1	1	4	5	0	0	0	0	3	0	0	0	0	0	0	0	2	80	1	0	0	0	0	0	78	0	0	2	0	1	0	0	0	0	0	3	100	-1	-1	120	0
379	"번개 강화"	13	40	20	0	6	0	100	0	4	1	4	3	0	0	0	0	3	0	0	0	0	0	0	0	2	81	1	0	0	0	0	0	79	0	0	2	0	0	0	0	0	0	0	3	40	-1	-1	180	0
380	"마력 증대 강화"	220	1	220	55	6	0	118	0	0	1	4	233	0	0	0	0	3	0	0	0	0	0	0	0	2	82	1	0	0	0	0	0	80	1	0	2	138	2	1	0	1	0	0	-1	-1	-1	-1	100	0
381	"인페르노 강화"	88	4	220	0	0	0	200	0	1	1	4	14	0	0	0	0	3	0	0	0	0	0	0	0	3	83	1	0	0	0	0	0	81	0	0	2	0	1	1	0	1	0	0	3	90	-1	-1	110	0
382	"블래스트 강화"	80	17	165	0	6	0	150	0	4	1	4	13	0	0	0	0	3	0	0	0	0	0	0	0	3	84	1	0	0	0	0	0	82	0	0	2	0	0	0	0	0	0	0	3	150	-1	-1	130	0
383	"마력 증대 마스터리"	220	1	220	55	6	0	118	0	0	1	4	380	0	0	0	0	3	0	0	0	0	0	0	0	3	82	1	0	0	0	0	0	83	1	0	0	139	2	1	0	1	0	0	-1	-1	-1	-1	100	0
384	"포이즌 강화"	30	40	46	0	6	0	100	0	5	1	4	1	0	0	0	0	3	0	0	0	0	0	0	0	3	85	1	0	0	0	0	0	84	0	0	2	0	0	0	0	0	0	0	3	50	-1	-1	150	0
385	"악령 강화"	50	4	108	0	6	0	100	0	5	1	4	9	0	0	0	0	3	0	0	0	0	0	0	0	4	86	1	0	0	0	0	0	85	0	0	2	0	1	0	0	0	0	0	3	150	-1	-1	110	0
386	"매직 마스터리"	50	22	0	0	0	0	0	0	0	-1	3	0	0	0	0	0	3	0	0	0	0	0	0	0	4	87	1	0	0	0	0	0	86	0	0	2	0	0	0	0	0	0	0	-1	-1	-1	-1	100	0
387	"데쓰 포이즌 강화"	96	17	120	10	6	0	243	0	5	1	4	38	0	0	0	0	3	0	0	0	0	0	0	0	4	88	1	0	0	0	0	0	87	0	0	2	0	1	0	0	0	0	0	3	100	-1	-1	110	0
388	"헬파이어 강화"	60	40	176	0	0	0	100	0	1	1	4	10	0	0	0	0	3	0	0	0	0	0	0	0	5	89	1	0	0	0	0	0	88	0	0	2	0	1	1	0	1	0	0	3	200	-1	-1	130	0
389	"얼음 강화"	25	40	42	0	6	0	100	0	2	1	4	7	0	0	0	0	3	0	0	0	0	0	0	0	5	90	1	0	0	0	0	0	89	0	0	2	0	0	0	0	0	0	0	3	45	-1	-1	150	0
390	"운석 강화"	21	40	13	0	6	0	100	0	3	1	4	2	0	0	0	0	3	0	0	0	0	0	0	0	6	210	1	0	0	0	0	0	90	0	0	2	0	0	0	0	0	0	0	3	45	-1	-1	190	0
391	"서든 아이스 강화"	93	17	110	5	6	0	223	0	2	1	4	39	0	0	0	0	3	0	0	0	0	0	0	0	6	92	1	0	0	0	0	0	91	0	0	2	0	1	0	0	0	0	0	3	90	-1	-1	115	0
392	"헬버스트 강화"	100	17	198	49	6	0	258	0	1	1	4	40	0	0	0	0	3	0	0	0	0	0	0	0	7	93	1	0	0	0	0	0	92	0	0	2	0	1	1	0	1	0	0	-1	-1	-1	-1	160	0
393	"서든 아이스 마스터리"	93	22	110	5	6	0	223	0	2	1	4	391	0	0	0	0	3	0	0	0	0	0	0	0	7	92	1	0	0	0	0	0	93	0	0	0	0	1	0	0	0	0	0	3	90	-1	-1	115	0
394	"운석 마스터리"	21	1	14	0	6	0	100	0	3	1	4	390	0	0	0	0	3	0	0	0	0	0	0	0	8	210	1	0	0	0	0	0	95	0	0	0	0	0	0	0	0	0	0	3	45	-1	-1	190	0
395	"헬버스트 강화 시전 시작"	100	22	198	49	6	0	258	0	1	1	4	58	0	0	0	0	3	0	0	0	0	0	0	0	7	93	1	0	0	0	0	0	92	0	0	2	0	1	1	0	1	0	0	-1	-1	-1	-1	160	0
//396																																																		
//번호	Name	레벨	데미지	사용마나량	어빌리티	거리	Delay	Eng	Cha	속성1	속성2	SkilluseType	SkillBrand	KillCout	길마	부길마	베틀마스터	흑마법사	흑기사	요정	마검사	다크로드	소환술사	레이지파이터	그로우랜서	스킬랭크	스킬그룹	필요마스터레벨포인트	소모체력	소모SD	지속시간	필요힘	필요민첩	아이콘번호	스킬 타입	무기 스킬	데미지 구분	버프 인덱스	타겟 대상	타겟 영역	사거리 내 장애물	타겟 쫓기	탈것 체크	장비 체크	데미지 스탯1	스탯 나눔값2	데미지 스탯2	스탯 나눔값2	속성 각인 가중치	추가 데미지 효과
// 초원 - 방어/공격 향상 (그랜드 마스터)																																																		
397	"한손 지팡이 강화"	0	22	0	0	0	0	0	0	0	1	3	0	0	0	0	0	3	0	0	3	0	0	0	0	2	96	1	0	0	0	0	0	97	0	0	2	0	0	0	0	0	0	0	-1	-1	-1	-1	100	0
398	"양손 지팡이 강화"	0	42	0	0	0	0	0	0	0	1	3	0	0	0	0	0	3	0	0	3	0	0	0	0	2	97	1	0	0	0	0	0	98	0	0	2	0	0	0	0	0	0	0	-1	-1	-1	-1	100	0
399	"방패 강화"	0	10	0	0	0	0	0	0	0	-1	3	0	0	0	0	0	3	0	0	0	0	0	0	0	2	98	1	0	0	0	0	0	99	0	0	0	0	0	0	0	0	0	0	-1	-1	-1	-1	100	0
400	"한손 지팡이 마스터리"	0	23	0	0	0	0	0	0	0	-1	3	0	0	0	0	0	3	0	0	3	0	0	0	0	3	99	1	0	0	0	0	0	100	0	0	0	0	0	0	0	0	0	0	-1	-1	-1	-1	100	0
401	"양손 지팡이 마스터리"	0	42	0	0	0	0	0	0	0	1	3	0	0	0	0	0	3	0	0	3	0	0	0	0	3	100	1	0	0	0	0	0	101	0	0	0	0	0	0	0	0	0	0	-1	-1	-1	-1	100	0
402	"방패 마스터리"	0	17	0	0	0	0	0	0	0	-1	3	0	0	0	0	0	3	0	0	0	0	0	0	0	3	101	1	0	0	0	0	0	102	0	0	0	0	0	0	0	0	0	0	-1	-1	-1	-1	100	0
403	"소울바리어 강화"	77	7	77	24	6	0	126	0	0	1	4	16	0	0	0	0	3	0	0	0	0	0	0	0	4	102	1	0	0	0	0	0	103	1	0	0	4	3	0	0	0	0	0	-1	-1	-1	-1	100	0
404	"소울바리어 숙련"	77	10	84	26	6	0	126	0	0	1	4	403	0	0	0	0	3	0	0	0	0	0	0	0	5	102	1	0	0	0	0	0	104	1	0	0	4	3	0	0	0	0	0	-1	-1	-1	-1	100	0
405	"최소 마력 상승"	0	22	0	0	0	0	0	0	0	-1	3	0	0	0	0	0	3	0	0	3	0	0	0	0	5	103	1	0	0	0	0	0	105	0	0	2	0	0	0	0	0	0	0	-1	-1	-1	-1	100	0
406	"소울바리어 마스터리"	77	7	92	28	6	0	126	0	0	1	4	404	0	0	0	0	3	0	0	0	0	0	0	0	6	102	1	0	0	0	0	0	106	1	0	0	140	3	0	0	0	0	0	-1	-1	-1	-1	100	0
407	"최대 마력 상승"	0	3	0	0	0	0	0	0	0	-1	3	0	0	0	0	0	3	0	0	3	0	0	0	0	6	104	1	0	0	0	0	0	107	0	0	2	0	0	0	0	0	0	0	-1	-1	-1	-1	100	0
//408		0	19	0	0	0	0	0	0	0	-1	3	0	0	0	0	0	3	0	0	0	0	0	0	0	6	105	1	0	0	0	0	0	108	0	0	0	0	0	0	0	0	0	0						
// 하이 엘프																																																		
// 가호 - 패시브 스킬 (하이 엘프)																																																		
//번호	Name	레벨	데미지	사용마나량	어빌리티	거리	Delay	Eng	Cha	속성1	속성2	SkilluseType	SkillBrand	KillCout	길마	부길마	베틀마스터	흑마법사	흑기사	요정	마검사	다크로드	소환술사	레이지파이터	그로우랜서	스킬랭크	스킬그룹	필요마스터레벨포인트	소모체력	소모SD	지속시간	필요힘	필요민첩	아이콘번호	스킬 타입	무기 스킬	데미지 구분	버프 인덱스	타겟 대상	타겟 영역	사거리 내 장애물	타겟 쫓기	탈것 체크	장비 체크	데미지 스탯1	스탯 나눔값2	데미지 스탯2	스탯 나눔값2	속성 각인 가중치	추가 데미지 효과
409	"환영의 날개 흡수 강화"	0	38	0	0	0	0	0	0	0	-1	3	0	0	0	0	0	0	0	3	0	0	0	0	0	8	106	1	0	0	0	0	0	109	0	0	0	0	0	0	0	0	0	0	-1	-1	-1	-1	100	0
410	"환영의 날개 방어 강화"	0	17	0	0	0	0	0	0	0	-1	3	0	0	0	0	0	0	0	3	0	0	0	0	0	8	107	1	0	0	0	0	0	110	0	0	0	0	0	0	0	0	0	0	-1	-1	-1	-1	100	0
411	"멀티샷 강화"	100	22	11	7	6	0	0	0	4	0	4	235	0	0	0	0	0	0	3	0	0	0	0	0	6	211	1	0	0	0	0	0	111	0	0	1	0	1	0	0	0	0	5	2	100	-1	-1	105	0
412	"환영의 날개 공격 강화"	0	17	0	0	0	0	0	0	0	-1	3	0	0	0	0	0	0	0	3	0	0	0	0	0	9	109	1	0	0	0	0	0	112	0	0	0	0	0	0	0	0	0	0	-1	-1	-1	-1	100	0
// 구원 - 스킬 강화 (하이 엘프)																																																		
413	"치료 강화"	8	22	22	0	6	0	100	0	0	0	4	26	0	0	0	0	0	0	3	0	0	0	0	0	2	110	1	0	0	0	0	0	113	3	0	4	0	4	0	0	0	0	0	-1	-1	-1	-1	100	0
414	"다발 강화"	0	4	5	0	6	0	0	0	4	0	4	24	0	0	0	0	0	0	3	0	0	0	0	0	2	111	1	0	0	0	0	0	114	0	1	1	0	1	0	0	0	0	5	2	100	-1	-1	160	0
415	"소환 몬스터 강화 (1)"	0	16	0	0	0	0	0	0	0	-1	3	0	0	0	0	0	0	0	3	0	0	0	0	0	2	112	1	0	0	0	0	0	115	0	0	0	0	0	0	0	0	0	0	-1	-1	-1	-1	100	0
416	"관통 강화"	130	17	10	11	6	0	0	0	4	0	4	52	0	0	0	0	0	0	3	0	0	0	0	0	3	113	1	0	0	0	0	0	116	0	0	1	0	1	0	2	0	0	5	2	200	-1	-1	130	0
417	"방어력 향상 강화"	13	22	33	0	6	0	100	0	0	-1	4	27	0	0	0	0	0	0	3	0	0	0	0	0	3	114	1	0	0	0	0	0	117	1	0	4	2	4	0	0	0	0	0	-1	-1	-1	-1	100	0
418	"다발 마스터리"	0	0	9	0	6	0	0	0	4	0	4	414	0	0	0	0	0	0	3	0	0	0	0	0	3	111	10	0	0	0	0	0	118	0	1	0	0	1	0	0	0	0	5	2	100	-1	-1	160	0
419	"소환 몬스터 강화 (2)"	0	16	0	0	0	0	0	0	0	-1	3	0	0	0	0	0	0	0	3	0	0	0	0	0	3	115	1	0	0	0	0	0	119	0	0	0	0	0	0	0	0	0	0	-1	-1	-1	-1	100	0
420	"공격력 향상 강화"	18	22	44	0	6	0	100	0	0	-1	4	28	0	0	0	0	0	0	3	0	0	0	0	0	4	116	1	0	0	0	0	0	120	1	0	4	1	4	0	0	0	0	0	-1	-1	-1	-1	100	0
421	"웨폰 마스터리"	0	22	0	0	0	0	0	0	0	-1	3	0	0	0	0	0	0	0	3	0	0	0	0	0	4	117	1	0	0	0	0	0	121	0	0	1	0	0	0	0	0	0	0	-1	-1	-1	-1	100	0
422	"공격력 향상 마스터리"	18	22	48	0	6	0	100	0	0	-1	4	420	0	0	0	0	0	0	3	0	0	0	0	0	5	116	1	0	0	0	0	0	122	1	0	4	1	4	0	0	0	0	0	-1	-1	-1	-1	100	0
423	"방어력 향상 마스터리"	13	22	36	0	6	0	100	0	0	-1	4	417	0	0	0	0	0	0	3	0	0	0	0	0	5	114	1	0	0	0	0	0	123	1	0	4	2	4	0	0	0	0	0	-1	-1	-1	-1	100	0
424	"아이스 애로우 강화"	0	22	15	18	8	0	0	0	2	0	4	51	0	0	0	0	0	0	3	0	0	0	0	0	5	118	1	0	0	0	0	0	124	0	0	1	0	0	0	0	0	0	5	2	150	-1	-1	115	0
425	"큐어"	0	0	72	10	6	3000	0	0	0	-1	4	0	0	0	0	0	0	0	3	0	0	0	0	0	6	119	10	0	0	0	0	0	125	3	0	0	0	4	0	0	0	0	0	-1	-1	-1	-1	100	0
426	"파티 치료"	0	0	66	12	6	5000	100	0	0	-1	4	0	0	0	0	0	0	0	3	0	0	0	0	0	7	120	10	0	0	0	0	0	126	3	0	4	0	4	0	0	0	0	0	-1	-1	-1	-1	100	0
427	"포이즌 애로우"	0	27	50	50	6	1000	0	0	5	0	4	0	0	0	0	0	0	0	3	0	0	0	0	0	8	121	10	0	0	0	0	0	127	0	0	0	0	0	0	0	0	0	5	2	100	-1	-1	165	0
428	"소환 몬스터 강화 (3)"	0	16	0	0	0	0	0	0	0	-1	3	0	0	0	0	0	0	0	3	0	0	0	0	0	7	122	1	0	0	0	0	0	128	0	0	0	0	0	0	0	0	0	0	-1	-1	-1	-1	100	0
429	"파티 치료 강화"	0	22	72	13	6	3000	100	0	0	-1	4	426	0	0	0	0	0	0	3	0	0	0	0	0	8	120	1	0	0	0	0	0	129	3	0	4	0	4	0	0	0	0	0	-1	-1	-1	-1	100	0
430	"블레스"	0	0	108	18	6	3000	100	0	0	-1	4	0	0	0	0	0	0	0	3	0	0	0	0	0	8	123	10	0	0	300	0	0	130	1	0	4	142	4	0	0	0	0	0	-1	-1	-1	-1	100	0
431	"멀티샷 마스터리"	100	1	12	8	6	0	0	0	4	0	4	411	0	0	0	0	0	0	3	0	0	0	0	0	7	211	1	0	0	0	0	0	243	0	0	0	0	1	0	0	0	0	5	2	100	-1	-1	105	0
432	"사티로스 소환"	0	0	525	52	0	0	280	0	0	-1	4	0	0	0	0	0	0	0	3	0	0	0	0	0	8	125	10	0	0	0	0	0	132	4	0	0	0	1	1	0	1	0	0	-1	-1	-1	-1	100	0
433	"블레스 강화"	0	10	118	20	6	3000	100	0	0	-1	4	430	0	0	0	0	0	0	3	0	0	0	0	0	9	123	1	0	0	300	0	0	133	1	0	4	142	4	0	0	0	0	0	-1	-1	-1	-1	100	0
434	"포이즌 애로우 강화"	0	40	50	50	6	500	0	0	5	0	4	427	0	0	0	0	0	0	3	0	0	0	0	0	9	121	1	0	0	0	0	0	131	0	0	1	0	0	0	0	0	0	5	2	100	-1	-1	165	0
//번호	Name	레벨	데미지	사용마나량	어빌리티	거리	Delay	Eng	Cha	속성1	속성2	SkilluseType	SkillBrand	KillCout	길마	부길마	베틀마스터	흑마법사	흑기사	요정	마검사	다크로드	소환술사	레이지파이터	그로우랜서	스킬랭크	스킬그룹	필요마스터레벨포인트	소모체력	소모SD	지속시간	필요힘	필요민첩	아이콘번호	스킬 타입	무기 스킬	데미지 구분	버프 인덱스	타겟 대상	타겟 영역	사거리 내 장애물	타겟 쫓기	탈것 체크	장비 체크	데미지 스탯1	스탯 나눔값2	데미지 스탯2	스탯 나눔값2	속성 각인 가중치	추가 데미지 효과
// 질풍 - 방어/공격 향상 (하이 엘프)																																																		
435	"활류 강화"	0	3	0	0	0	0	0	0	0	-1	3	0	0	0	0	0	0	0	3	0	0	0	0	0	2	126	1	0	0	0	0	0	135	0	0	1	0	0	0	0	0	0	0	-1	-1	-1	-1	100	0
436	"석궁류 강화"	0	4	0	0	0	0	0	0	0	-1	3	0	0	0	0	0	0	0	3	0	0	0	0	0	2	127	1	0	0	0	0	0	136	0	0	1	0	0	0	0	0	0	0	-1	-1	-1	-1	100	0
437	"방패류 강화"	0	10	0	0	0	0	0	0	0	-1	3	0	0	0	0	0	0	0	3	0	0	0	0	0	2	128	1	0	0	0	0	0	137	0	0	0	0	0	0	0	0	0	0	-1	-1	-1	-1	100	0
438	"활류 마스터리"	0	23	0	0	0	0	0	0	0	-1	3	0	0	0	0	0	0	0	3	0	0	0	0	0	3	129	1	0	0	0	0	0	138	0	0	0	0	0	0	0	0	0	0	-1	-1	-1	-1	100	0
439	"석궁류 마스터리"	0	5	0	0	0	0	0	0	0	-1	3	0	0	0	0	0	0	0	3	0	0	0	0	0	3	130	1	0	0	0	0	0	139	0	0	0	0	0	0	0	0	0	0	-1	-1	-1	-1	100	0
440	"방패류 마스터리"	0	15	0	0	0	0	0	0	0	-1	3	0	0	0	0	0	0	0	3	0	0	0	0	0	3	131	1	0	0	0	0	0	140	0	0	0	0	0	0	0	0	0	0	-1	-1	-1	-1	100	0
441	"인피니티 애로우 강화"	220	1	55	11	6	0	0	0	0	-1	4	77	0	0	0	0	0	0	3	0	0	0	0	0	5	132	1	0	0	0	0	0	141	1	0	0	143	2	1	0	1	0	0	-1	-1	-1	-1	100	0
442	"최소 공격력 상승"	0	22	0	0	0	0	0	0	0	0	3	0	0	0	0	0	0	0	3	0	0	0	0	0	5	133	1	0	0	0	0	0	61	0	0	1	0	0	0	0	0	0	0	-1	-1	-1	-1	100	0
443	"최대 공격력 상승"	0	3	0	0	0	0	0	0	0	0	3	0	0	0	0	0	0	0	3	0	0	0	0	0	6	134	1	0	0	0	0	0	143	0	0	1	0	0	0	0	0	0	0	-1	-1	-1	-1	100	0
//444																																																		
// 디멘션 마스터																																																		
// 수호 - 패시브 (디멘션 마스터)																																																		
//번호	Name	레벨	데미지	사용마나량	어빌리티	거리	Delay	Eng	Cha	속성1	속성2	SkilluseType	SkillBrand	KillCout	길마	부길마	베틀마스터	흑마법사	흑기사	요정	마검사	다크로드	소환술사	레이지파이터	그로우랜서	스킬랭크	스킬그룹	필요마스터레벨포인트	소모체력	소모SD	지속시간	필요힘	필요민첩	아이콘번호	스킬 타입	무기 스킬	데미지 구분	버프 인덱스	타겟 대상	타겟 영역	사거리 내 장애물	타겟 쫓기	탈것 체크	장비 체크	데미지 스탯1	스탯 나눔값2	데미지 스탯2	스탯 나눔값2	속성 각인 가중치	추가 데미지 효과
445	"차원의 날개 흡수 강화"	0	38	0	0	0	0	0	0	0	-1	3	0	0	0	0	0	0	0	0	0	0	3	0	0	8	136	1	0	0	0	0	0	145	0	0	0	0	0	0	0	0	0	0	-1	-1	-1	-1	100	0
446	"차원의 날개 방어 강화"	0	17	0	0	0	0	0	0	0	-1	3	0	0	0	0	0	0	0	0	0	0	3	0	0	8	137	1	0	0	0	0	0	146	0	0	0	0	0	0	0	0	0	0	-1	-1	-1	-1	100	0
447	"차원의 날개 공격 강화"	0	17	0	0	0	0	0	0	0	-1	3	0	0	0	0	0	0	0	0	0	0	3	0	0	9	138	1	0	0	0	0	0	147	0	0	0	0	0	0	0	0	0	0	-1	-1	-1	-1	100	0
// 혼돈 - 스킬 강화 (디멘션 마스터)																																																		
448	"불속성 서 강화"	0	3	0	0	0	0	0	0	0	1	3	0	0	0	0	0	0	0	0	0	0	3	0	0	2	139	1	0	0	0	0	0	148	0	0	3	0	0	0	0	0	0	0	-1	-1	-1	-1	100	0
449	"땅속성 서 강화"	0	3	0	0	0	0	0	0	0	1	3	0	0	0	0	0	0	0	0	0	0	3	0	0	2	140	1	0	0	0	0	0	149	0	0	3	0	0	0	0	0	0	0	-1	-1	-1	-1	100	0
450	"바람속성 서 강화"	0	3	0	0	0	0	0	0	0	1	3	0	0	0	0	0	0	0	0	0	0	3	0	0	2	141	1	0	0	0	0	0	150	0	0	3	0	0	0	0	0	0	0	-1	-1	-1	-1	100	0
451	"불속성 서 마스터리"	0	7	0	0	0	0	0	0	0	1	3	0	0	0	0	0	0	0	0	0	0	3	0	0	3	139	1	0	0	0	0	0	151	0	0	0	0	0	0	0	0	0	0	-1	-1	-1	-1	100	0
452	"땅속성 서 마스터리"	0	1	0	0	0	0	0	0	0	-1	3	0	0	0	0	0	0	0	0	0	0	3	0	0	3	140	1	0	0	3	0	0	152	0	0	0	0	0	0	0	0	0	0	-1	-1	-1	-1	100	0
453	"바람속성 서 마스터리"	0	7	0	0	0	0	0	0	0	1	3	0	0	0	0	0	0	0	0	0	0	3	0	0	3	141	1	0	0	0	0	0	153	0	0	0	0	0	0	0	0	0	0	-1	-1	-1	-1	100	0
454	"슬립 강화"	40	1	30	7	6	0	100	0	0	1	4	219	0	0	0	0	0	0	0	0	0	3	0	0	3	142	1	0	0	0	0	0	154	2	0	0	0	0	0	0	0	0	0	-1	-1	-1	-1	100	0
455	"체인 라이트닝 강화"	75	22	103	0	6	0	75	0	4	1	4	215	0	0	0	0	0	0	0	0	0	3	0	0	4	143	1	0	0	0	0	0	155	0	0	2	0	0	0	0	0	0	0	3	200	-1	-1	105	0
456	"라이트닝 쇼크 강화"	93	22	125	10	6	0	216	0	4	1	4	230	0	0	0	0	0	0	0	0	0	3	0	0	4	144	1	0	0	0	0	0	156	0	0	2	0	1	0	2	0	0	0	3	200	-1	-1	105	0
457	"매직 마스터리"	0	22	0	0	0	0	0	0	0	1	3	0	0	0	0	0	0	0	0	0	0	3	0	0	5	145	1	0	0	0	0	0	157	0	0	0	0	0	0	0	0	0	0	-1	-1	-1	-1	100	0
458	"드레인 라이프 강화"	35	22	57	0	6	0	93	0	5	1	4	214	0	0	0	0	0	0	0	0	0	3	0	0	5	146	1	0	0	0	0	0	158	0	0	2	0	0	0	0	0	0	0	-1	-1	-1	-1	100	0
459	"위크니스 강화"	93	3	55	17	6	4000	173	0	0	1	4	221	0	0	0	0	0	0	0	0	0	3	0	0	7	147	1	0	0	0	0	0	159	2	0	0	0	1	0	2	0	0	0	-1	-1	-1	-1	100	0
460	"이너베이션 강화"	111	3	77	17	6	4000	201	0	0	1	4	222	0	0	0	0	0	0	0	0	0	3	0	0	6	148	1	0	0	0	0	0	160	2	0	0	0	1	0	2	0	0	0	-1	-1	-1	-1	100	0
461	"블라인드"	0	0	115	25	3	5000	201	0	0	1	4	0	0	0	0	0	0	0	0	0	0	3	0	0	8	149	10	0	0	7	0	0	161	2	0	0	0	0	0	0	0	0	0	-1	-1	-1	-1	100	0
462	"드레인 라이프 마스터리"	35	9	62	0	6	0	93	0	5	1	4	458	0	0	0	0	0	0	0	0	0	3	0	0	7	146	1	0	0	0	0	0	162	0	0	2	0	0	0	0	0	0	0	-1	-1	-1	-1	100	0
463	"블라인드 강화"	0	1	126	27	3	5000	201	0	0	1	4	461	0	0	0	0	0	0	0	0	0	3	0	0	9	149	1	0	0	7	0	0	163	2	0	0	0	1	0	0	0	0	0	-1	-1	-1	-1	100	0
//464		0																																164		0	0													
//번호	Name	레벨	데미지	사용마나량	어빌리티	거리	Delay	Eng	Cha	속성1	속성2	SkilluseType	SkillBrand	KillCout	길마	부길마	베틀마스터	흑마법사	흑기사	요정	마검사	다크로드	소환술사	레이지파이터	그로우랜서	스킬랭크	스킬그룹	필요마스터레벨포인트	소모체력	소모SD	지속시간	필요힘	필요민첩	아이콘번호	스킬 타입	무기 스킬	데미지 구분	버프 인덱스	타겟 대상	타겟 영역	사거리 내 장애물	타겟 쫓기	탈것 체크	장비 체크	데미지 스탯1	스탯 나눔값2	데미지 스탯2	스탯 나눔값2	속성 각인 가중치	추가 데미지 효과
// 명예 - 방어/공격 향상 (디멘션 마스터)																																																		
465	"스틱 강화"	0	22	0	0	0	0	0	0	0	1	3	0	0	0	0	0	0	0	0	0	0	3	0	0	2	150	1	0	0	0	0	0	165	0	0	2	0	0	0	0	0	0	0	-1	-1	-1	-1	100	0
466	"이계의 서 강화"	0	4	0	0	0	0	0	0	0	1	3	0	0	0	0	0	0	0	0	0	0	3	0	0	2	151	1	0	0	0	0	0	166	0	0	3	0	0	0	0	0	0	0	-1	-1	-1	-1	100	0
467	"스틱 마스터리"	0	5	0	0	0	0	0	0	0	1	3	0	0	0	0	0	0	0	0	0	0	3	0	0	3	152	1	0	0	0	0	0	167	0	0	0	0	0	0	0	0	0	0	-1	-1	-1	-1	100	0
468	"이계의 서 마스터리"	0	23	0	0	0	0	0	0	0	-1	3	0	0	0	0	0	0	0	0	0	0	3	0	0	3	153	1	0	0	0	0	0	168	0	0	0	0	0	0	0	0	0	0	-1	-1	-1	-1	100	0
469	"버서커 강화"	83	7	150	75	5	5000	181	0	0	1	4	218	0	0	0	0	0	0	0	0	0	3	0	0	4	154	1	0	0	0	0	0	169	1	0	0	150	2	1	0	1	0	0	-1	-1	-1	-1	100	0
470	"버서커 숙련"	83	7	165	82	5	5000	181	0	0	1	4	469	0	0	0	0	0	0	0	0	0	3	0	0	5	154	1	0	0	0	0	0	170	1	0	0	151	2	1	0	1	0	0	-1	-1	-1	-1	100	0
471	"최소 마력/저주력 상승"	0	22	0	0	0	0	0	0	0	-1	3	0	0	0	0	0	0	0	0	0	0	3	0	0	5	155	1	0	0	0	0	0	171	0	0	0	0	0	0	0	0	0	0	-1	-1	-1	-1	100	0
472	"버서커 마스터리"	83	10	181	90	5	5000	181	0	0	1	4	470	0	0	0	0	0	0	0	0	0	3	0	0	6	154	1	0	0	0	0	0	172	1	0	0	152	2	1	0	1	0	0	-1	-1	-1	-1	100	0
473	"최대 마력/저주력 상승"	0	3	0	0	0	0	0	0	0	-1	3	0	0	0	0	0	0	0	0	0	0	3	0	0	6	156	1	0	0	0	0	0	173	0	0	0	0	0	0	0	0	0	0	-1	-1	-1	-1	100	0
//474																																																		
// 듀얼 마스터																																																		
// 견고 - 패시브 (듀얼 마스터)																																																		
//번호	Name	레벨	데미지	사용마나량	어빌리티	거리	Delay	Eng	Cha	속성1	속성2	SkilluseType	SkillBrand	KillCout	길마	부길마	베틀마스터	흑마법사	흑기사	요정	마검사	다크로드	소환술사	레이지파이터	그로우랜서	스킬랭크	스킬그룹	필요마스터레벨포인트	소모체력	소모SD	지속시간	필요힘	필요민첩	아이콘번호	스킬 타입	무기 스킬	데미지 구분	버프 인덱스	타겟 대상	타겟 영역	사거리 내 장애물	타겟 쫓기	탈것 체크	장비 체크	데미지 스탯1	스탯 나눔값2	데미지 스탯2	스탯 나눔값2	속성 각인 가중치	추가 데미지 효과
475	"파멸의 날개 흡수 강화"	0	38	0	0	0	0	0	0	0	-1	3	0	0	0	0	0	0	0	0	3	0	0	0	0	8	158	1	0	0	0	0	0	175	0	0	0	0	0	0	0	0	0	0	-1	-1	-1	-1	100	0
476	"파멸의 날개 방어 강화"	0	17	0	0	0	0	0	0	0	-1	3	0	0	0	0	0	0	0	0	3	0	0	0	0	8	159	1	0	0	0	0	0	176	0	0	0	0	0	0	0	0	0	0	-1	-1	-1	-1	100	0
//477																																																		
478	"파멸의 날개 공격 강화"	0	17	0	0	0	0	0	0	0	-1	3	0	0	0	0	0	0	0	0	3	0	0	0	0	9	161	1	0	0	0	0	0	178	0	0	0	0	0	0	0	0	0	0	-1	-1	-1	-1	100	0
// 투지 - 스킬 강화 (듀얼 마스터)																																																		
479	"돌려치기 강화"	0	4	9	0	2	0	0	0	4	0	4	22	0	0	0	0	0	0	0	3	0	0	0	0	2	162	1	0	0	0	0	0	179	0	1	1	0	0	0	0	0	0	0	1	30	-1	-1	165	0
480	"번개 강화"	13	40	20	0	6	0	100	0	4	1	4	3	0	0	0	0	0	0	0	3	0	0	0	0	2	163	1	0	0	0	0	0	180	0	0	2	0	0	0	0	0	0	0	3	40	-1	-1	180	0
481	"회오리베기 강화"	0	40	10	10	2	0	0	0	4	0	4	41	0	0	0	0	0	0	0	3	0	0	0	0	2	164	1	0	0	0	0	0	181	0	0	1	0	1	1	0	1	0	2	1	40	-1	-1	150	0
482	"파워슬래쉬 강화"	0	17	15	0	5	0	100	0	4	-1	4	56	0	0	0	0	0	0	0	3	0	0	0	0	2	165	1	0	0	0	0	0	182	0	1	1	0	1	0	2	0	2	2	1	100	-1	-1	125	0
483	"불기둥 강화"	35	17	55	0	6	0	100	0	1	1	4	5	0	0	0	0	0	0	0	3	0	0	0	0	3	166	1	0	0	0	0	0	183	0	0	2	0	1	0	0	0	0	0	3	100	-1	-1	120	0
484	"블래스트 강화"	80	17	165	0	6	0	150	0	4	1	4	13	0	0	0	0	0	0	0	3	0	0	0	0	3	167	1	0	0	0	0	0	184	0	0	2	0	0	0	0	0	0	0	3	150	-1	-1	130	0
485	"웨폰 마스터리"	0	22	0	0	0	0	0	0	0	-1	3	0	0	0	0	0	0	0	0	3	0	0	0	0	3	168	1	0	0	0	0	0	185	0	0	1	0	0	0	0	0	0	0	-1	-1	-1	-1	100	0
486	"인페르노 강화"	88	4	220	0	0	0	200	0	1	1	4	14	0	0	0	0	0	0	0	3	0	0	0	0	4	169	1	0	0	0	0	0	186	0	0	2	0	1	1	0	1	0	0	3	90	-1	-1	110	0
487	"악령 강화"	50	4	108	0	6	0	100	0	5	1	4	9	0	0	0	0	0	0	0	3	0	0	0	0	4	170	1	0	0	0	0	0	187	0	0	2	0	1	0	0	0	0	0	3	150	-1	-1	110	0
488	"매직 마스터리"	0	22	0	0	0	0	0	0	0	-1	3	0	0	0	0	0	0	0	0	3	0	0	0	0	4	171	1	0	0	0	0	0	188	0	0	2	0	0	0	0	0	0	0	-1	-1	-1	-1	100	0
489	"얼음 강화"	25	40	42	0	6	0	100	0	2	1	4	7	0	0	0	0	0	0	0	3	0	0	0	0	5	172	1	0	0	0	0	0	189	0	0	2	0	0	0	0	0	0	0	3	45	-1	-1	150	0
490	"블러드어택 강화"	0	3	15	22	3	0	0	0	5	-1	4	55	0	0	0	0	0	0	0	3	0	0	0	0	5	173	1	0	0	0	596	0	190	0	0	1	0	1	0	2	0	0	2	1	150	-1	-1	105	0
491	"얼음 마스터리"	25	1	46	0	6	0	100	0	2	1	4	489	0	0	0	0	0	0	0	3	0	0	0	0	6	172	1	0	0	0	0	0	246	0	0	0	0	0	0	0	0	0	0	3	45	-1	-1	150	0
492	"플레임스트라이크 강화"	0	4	30	37	3	0	0	0	1	1	4	236	0	0	0	0	0	0	0	3	0	0	0	0	6	175	1	0	0	0	0	0	192	0	0	1	0	1	0	2	0	0	2	1	200	-1	-1	135	0
493	"블러드어택 마스터리"	0	7	17	24	3	0	0	0	5	-1	4	490	0	0	0	0	0	0	0	3	0	0	0	0	7	173	1	0	0	0	596	0	193	0	0	0	0	1	0	2	0	0	0	1	150	-1	-1	105	0
494	"플레임스트라이크 마스터리"	0	7	33	40	3	0	0	0	1	1	4	492	0	0	0	0	0	0	0	3	0	0	0	0	7	175	1	0	0	0	0	0	194	0	0	0	0	1	0	2	0	0	2	1	200	-1	-1	135	0
495	"어스프리즌"	0	26	180	15	0	5000	127	0	3	1	4	0	0	0	0	0	3	0	0	3	0	0	0	0	8	178	10	0	0	0	0	0	197	0	0	2	0	1	1	0	1	0	0	3	200	-1	-1	135	0
496	"기간틱 스톰 강화"	220	3	132	11	6	0	118	0	4	1	4	237	0	0	0	0	0	0	0	3	0	0	0	0	7	180	1	0	0	0	0	0	199	0	0	2	0	1	0	2	0	0	0	3	250	-1	-1	115	0
497	"어스프리즌 강화"	0	4	198	17	0	3000	127	0	3	1	4	495	0	0	0	0	3	0	0	3	0	0	0	0	9	178	1	0	0	0	0	0	201	0	0	2	0	1	1	0	1	0	0	1	200	-1	-1	135	0
//498																																																		
//499																																																		
//500																																																		
//501																																																		
//502																																																		
//번호	Name	레벨	데미지	사용마나량	어빌리티	거리	Delay	Eng	Cha	속성1	속성2	SkilluseType	SkillBrand	KillCout	길마	부길마	베틀마스터	흑마법사	흑기사	요정	마검사	다크로드	소환술사	레이지파이터	그로우랜서	스킬랭크	스킬그룹	필요마스터레벨포인트	소모체력	소모SD	지속시간	필요힘	필요민첩	아이콘번호	스킬 타입	무기 스킬	데미지 구분	버프 인덱스	타겟 대상	타겟 영역	사거리 내 장애물	타겟 쫓기	탈것 체크	장비 체크	데미지 스탯1	스탯 나눔값2	데미지 스탯2	스탯 나눔값2	속성 각인 가중치	추가 데미지 효과
// 궁극 - 방어/공격 향상 (듀얼 마스터)																																																		
//503																																																		
// 로드 엠퍼러																																																		
// 단호 - 패시브 (로드 엠퍼러)																																																		
//번호	Name	레벨	데미지	사용마나량	어빌리티	거리	Delay	Eng	Cha	속성1	속성2	SkilluseType	SkillBrand	KillCout	길마	부길마	베틀마스터	흑마법사	흑기사	요정	마검사	다크로드	소환술사	레이지파이터	그로우랜서	스킬랭크	스킬그룹	필요마스터레벨포인트	소모체력	소모SD	지속시간	필요힘	필요민첩	아이콘번호	스킬 타입	무기 스킬	데미지 구분	버프 인덱스	타겟 대상	타겟 영역	사거리 내 장애물	타겟 쫓기	탈것 체크	장비 체크	데미지 스탯1	스탯 나눔값2	데미지 스탯2	스탯 나눔값2	속성 각인 가중치	추가 데미지 효과
504	"제왕의 망토 흡수 강화"	0	38	0	0	0	0	0	0	0	-1	3	0	0	0	0	0	0	0	0	0	3	0	0	0	8	182	1	0	0	0	0	0	204	0	0	0	0	0	0	0	0	0	0	-1	-1	-1	-1	100	0
505	"제왕의 망토 방어 강화"	0	17	0	0	0	0	0	0	0	-1	3	0	0	0	0	0	0	0	0	0	3	0	0	0	8	183	1	0	0	0	0	0	205	0	0	0	0	0	0	0	0	0	0	-1	-1	-1	-1	100	0
506	"통솔 스탯 추가"	0	40	0	0	0	0	0	0	0	-1	3	0	0	0	0	0	0	0	0	0	3	0	0	0	6	184	1	0	0	0	0	0	206	0	0	0	0	0	0	0	0	0	0	-1	-1	-1	-1	100	0
507	"제왕의 망토 공격 강화"	0	17	0	0	0	0	0	0	0	-1	3	0	0	0	0	0	0	0	0	0	3	0	0	0	9	185	1	0	0	0	0	0	207	0	0	0	0	0	0	0	0	0	0	-1	-1	-1	-1	100	0
// 정의 - 스킬 강화 (로드 엠퍼러)																																																		
508	"파이어 버스트 강화"	74	4	25	0	6	0	20	0	1	1	4	61	0	0	0	0	0	0	0	0	3	0	0	0	2	186	1	0	0	0	0	0	208	0	0	1	0	0	0	0	0	0	0	1	100	-1	-1	135	0
509	"포스 웨이브 강화"	0	40	15	0	4	0	0	0	4	1	4	60	0	0	0	0	0	0	0	0	3	0	0	0	2	187	1	0	0	0	0	0	209	0	0	1	0	0	0	0	0	0	0	1	40	-1	-1	160	0
510	"다크호스 강화"	0	17	0	0	0	0	0	0	0	-1	3	0	0	0	0	0	0	0	0	0	3	0	0	0	2	188	1	0	0	0	0	0	210	0	0	0	0	0	0	0	0	0	0	-1	-1	-1	-1	100	0
511	"크리티컬데미지증가 강화"	82	3	75	75	0	0	25	300	0	-1	4	64	0	0	0	0	0	0	0	0	3	0	0	0	3	189	1	0	0	0	0	0	211	1	0	0	5	2	1	0	1	0	0	-1	-1	-1	-1	100	0
512	"어스 쉐이크 강화"	0	4	0	75	10	10000	0	0	3	0	4	62	0	0	0	0	0	0	0	0	3	0	0	0	3	190	1	0	0	0	0	0	212	0	0	1	0	1	1	0	1	0	0	-1	-1	-1	-1	100	0
513	"웨폰 마스터리"	0	22	0	0	0	0	0	0	0	-1	3	0	0	0	0	0	0	0	0	0	3	0	0	0	3	191	1	0	0	0	0	0	213	0	0	1	0	0	0	0	0	0	0	-1	-1	-1	-1	100	0
514	"파이어 버스트 마스터리"	74	1	27	0	6	0	20	0	1	1	4	508	0	0	0	0	0	0	0	0	3	0	0	0	4	186	1	0	0	0	0	0	214	0	0	0	0	0	0	0	0	0	0	1	100	-1	-1	135	0
515	"크리티컬데미지증가 강화 (2)"	82	10	82	82	0	0	25	300	0	-1	4	511	0	0	0	0	0	0	0	0	3	0	0	0	4	189	1	0	0	0	0	0	215	1	0	0	5	2	1	0	1	0	0	-1	-1	-1	-1	100	0
516	"어스 쉐이크 마스터리"	0	1	0	75	10	10000	0	0	3	0	4	512	0	0	0	0	0	0	0	0	3	0	0	0	4	190	1	0	0	0	0	0	216	0	0	0	0	1	1	0	1	0	0	-1	-1	-1	-1	100	0
517	"크리티컬데미지증가 강화 (3)"	82	7	100	100	0	0	25	300	0	-1	4	515	0	0	0	0	0	0	0	0	3	0	0	0	5	189	1	0	0	0	0	0	217	1	0	0	148	2	1	0	1	0	0	-1	-1	-1	-1	100	0
518	"파이어 스크림 강화"	102	22	45	11	6	0	32	70	1	1	4	78	0	0	0	0	0	0	0	0	3	0	0	0	5	192	1	0	0	0	0	0	218	0	0	1	0	0	0	2	0	0	0	1	150	-1	-1	115	0
519	"일렉트릭 스파이크 강화"	92	3	0	150	10	5000	29	340	4	1	4	65	0	0	0	0	0	0	0	0	3	0	0	0	6	193	1	0	0	0	0	0	219	0	0	1	0	1	1	0	1	0	0	1	100	-1	-1	100	0
520	"파이어 스크림 마스터리"	102	5	49	12	6	0	32	70	1	1	4	518	0	0	0	0	0	0	0	0	3	0	0	0	6	192	1	0	0	0	0	0	220	0	0	0	0	0	0	2	0	0	0	1	150	-1	-1	115	0
521	"아이언디펜스"	0	28	64	29	0	30000	0	0	0	-1	4	0	0	0	0	0	0	0	0	0	3	0	0	0	8	24	10	0	0	10	0	0	23	1	0	0	134	2	1	0	1	0	0	-1	-1	-1	-1	100	0
522	"크리티컬데미지증가 마스터리"	82	1	110	110	0	0	25	300	0	-1	4	517	0	0	0	0	0	0	0	0	3	0	0	0	7	189	1	0	0	0	0	0	222	1	0	0	149	2	1	0	1	0	0	-1	-1	-1	-1	100	0
523	"카오틱디세이어 강화"	100	22	75	22	6	0	16	0	5	1	4	238	0	0	0	0	0	0	0	0	3	0	0	0	7	194	1	0	0	0	0	0	223	0	0	1	0	1	0	2	0	0	0	1	150	-1	-1	105	0
524	"아이언디펜스 강화"	0	3	70	31	0	30000	0	0	0	-1	4	521	0	0	0	0	0	0	0	0	3	0	0	0	9	24	1	0	0	10	0	0	224	1	0	0	165	2	1	0	1	0	0	-1	-1	-1	-1	100	0
//525		0																									195							225																
//번호	Name	레벨	데미지	사용마나량	어빌리티	거리	Delay	Eng	Cha	속성1	속성2	SkilluseType	SkillBrand	KillCout	길마	부길마	베틀마스터	흑마법사	흑기사	요정	마검사	다크로드	소환술사	레이지파이터	그로우랜서	스킬랭크	스킬그룹	필요마스터레벨포인트	소모체력	소모SD	지속시간	필요힘	필요민첩	아이콘번호	스킬 타입	무기 스킬	데미지 구분	버프 인덱스	타겟 대상	타겟 영역	사거리 내 장애물	타겟 쫓기	탈것 체크	장비 체크	데미지 스탯1	스탯 나눔값2	데미지 스탯2	스탯 나눔값2	속성 각인 가중치	추가 데미지 효과
// 정복 - 방어/공격 향상 (로드 엠퍼러)																																																		
526	"다크스피릿 강화"	0	3	0	0	0	0	0	0	0	-1	3	0	0	0	0	0	0	0	0	0	3	0	0	0	2	196	1	0	0	0	0	0	226	0	0	0	0	0	0	0	0	0	0	-1	-1	-1	-1	100	0
527	"셉터 강화"	0	22	0	0	0	0	0	0	0	0	3	0	0	0	0	0	0	0	0	0	3	0	0	0	2	197	1	0	0	0	0	0	227	0	0	1	0	0	0	0	0	0	0	-1	-1	-1	-1	100	0
528	"방패 강화"	0	10	0	0	0	0	0	0	0	-1	3	0	0	0	0	0	0	0	0	0	3	0	0	0	2	198	1	0	0	0	0	0	228	0	0	0	0	0	0	0	0	0	0	-1	-1	-1	-1	100	0
529	"셉터 강화 : 펫 강화"	0	3	0	0	0	0	0	0	0	-1	3	0	0	0	0	0	0	0	0	0	3	0	0	0	2	199	1	0	0	0	0	0	229	0	0	0	0	0	0	0	0	0	0	-1	-1	-1	-1	100	0
530	"다크스피릿 강화 (2)"	0	7	0	0	0	0	0	0	0	-1	3	0	0	0	0	0	0	0	0	0	3	0	0	0	3	200	1	0	0	0	0	0	230	0	0	0	0	0	0	0	0	0	0	-1	-1	-1	-1	100	0
531	"셉터 마스터리"	0	5	0	0	0	0	0	0	0	-1	3	0	0	0	0	0	0	0	0	0	3	0	0	0	3	201	1	0	0	0	0	0	231	0	0	0	0	0	0	0	0	0	0	-1	-1	-1	-1	100	0
532	"방패 마스터리"	0	17	0	0	0	0	0	0	0	-1	3	0	0	0	0	0	0	0	0	0	3	0	0	0	3	202	1	0	0	0	0	0	232	0	0	0	0	0	0	0	0	0	0	-1	-1	-1	-1	100	0
533	"통솔 공격력 증가"	0	20	0	0	0	0	0	0	0	-1	3	0	0	0	0	0	0	0	0	0	3	0	0	0	3	203	1	0	0	0	0	0	233	0	0	0	0	0	0	0	0	0	0	-1	-1	-1	-1	100	0
534	"다크스피릿 강화 (3)"	0	1	0	0	0	0	0	0	0	-1	3	0	0	0	0	0	0	0	0	0	3	0	0	0	4	204	1	0	0	0	0	0	234	0	0	0	0	0	0	0	0	0	0	-1	-1	-1	-1	100	0
535	"펫 내구도 강화"	0	17	0	0	0	0	0	0	0	-1	3	0	0	0	0	0	0	0	0	0	3	0	0	0	5	205	1	0	0	0	0	0	235	0	0	0	0	0	0	0	0	0	0	-1	-1	-1	-1	100	0
536	"다크스피릿 강화 (4)"	0	23	0	0	0	0	0	0	0	-1	3	0	0	0	0	0	0	0	0	0	3	0	0	0	6	206	1	0	0	0	0	0	236	0	0	0	0	0	0	0	0	0	0	-1	-1	-1	-1	100	0
//537																																																		
538	"다크스피릿 강화 (5)"	0	1	0	0	0	0	0	0	0	-1	3	0	0	0	0	0	0	0	0	0	3	0	0	0	5	208	1	0	0	0	0	0	238	0	0	0	0	0	0	0	0	0	0	-1	-1	-1	-1	100	0
539	"스피릿 로드"	0	38	0	0	0	0	0	0	0	-1	3	0	0	0	0	0	0	0	0	0	3	0	0	0	6	209	1	0	0	0	0	0	239	0	0	0	0	0	0	0	0	0	0	-1	-1	-1	-1	100	0
//540																																																		
//541																																																		
//542																																																		
//543																																																		
//544																																																		
//545																																																		
//546																																																		
//547																																																		
//피스트 마스터																																																		
// 근성 - 패시브 (피스트 마스터)																																																		
//번호	Name	레벨	데미지	사용마나량	어빌리티	거리	Delay	Eng	Cha	속성1	속성2	SkilluseType	SkillBrand	KillCout	길마	부길마	베틀마스터	흑마법사	흑기사	요정	마검사	다크로드	소환술사	레이지파이터	그로우랜서	스킬랭크	스킬그룹	필요마스터레벨포인트	소모체력	소모SD	지속시간	필요힘	필요민첩	아이콘번호	스킬 타입	무기 스킬	데미지 구분	버프 인덱스	타겟 대상	타겟 영역	사거리 내 장애물	타겟 쫓기	탈것 체크	장비 체크	데미지 스탯1	스탯 나눔값2	데미지 스탯2	스탯 나눔값2	속성 각인 가중치	추가 데미지 효과
548	"군림의 망토 흡수 강화"	0	38	0	0	0	0	0	0	0	-1	3	0	0	0	0	0	0	0	0	0	0	0	3	0	8	212	1	0	0	0	0	0	248	0	0	0	0	0	0	0	0	0	0	-1	-1	-1	-1	100	0
549	"군림의 망토 방어 강화"	0	17	0	0	0	0	0	0	0	-1	3	0	0	0	0	0	0	0	0	0	0	0	3	0	8	213	1	0	0	0	0	0	249	0	0	0	0	0	0	0	0	0	0	-1	-1	-1	-1	100	0
550	"군림의 망토 공격 강화"	0	17	0	0	0	0	0	0	0	-1	3	0	0	0	0	0	0	0	0	0	0	0	3	0	9	214	1	0	0	0	0	0	250	0	0	0	0	0	0	0	0	0	0	-1	-1	-1	-1	100	0
// 의지 - 스킬 강화 (피스트 마스터)																																																		
551	"클링블로우 강화"	0	22	10	0	2	0	0	0	3	1	4	260	0	0	0	0	0	0	0	0	0	0	3	0	2	215	1	0	0	0	0	0	251	0	1	1	0	0	0	1	0	2	0	4	100	-1	-1	155	0
552	"비스트어퍼 강화"	0	22	10	0	2	0	0	0	1	1	4	261	0	0	0	0	0	0	0	0	0	0	3	0	2	216	1	0	0	0	0	0	252	0	1	1	0	0	0	1	0	2	0	4	100	-1	-1	155	0
//553																																																		
554	"클링블로우 마스터리"	0	1	10	0	2	0	0	0	3	1	4	551	0	0	0	0	0	0	0	0	0	0	3	0	3	215	1	0	0	0	0	0	254	0	1	0	0	0	0	1	0	0	0	4	100	-1	-1	155	0
555	"비스트어퍼 마스터리"	0	1	10	0	2	0	0	0	1	1	4	552	0	0	0	0	0	0	0	0	0	0	3	0	3	216	1	0	0	0	0	0	255	0	1	0	0	0	0	1	0	2	0	4	100	-1	-1	155	0
556	"방어 성공율 증가"	0	5	0	0	0	0	0	0	0	-1	3	0	0	0	0	0	0	0	0	0	0	0	3	0	4	217	1	0	0	0	0	0	13	0	0	0	0	0	0	0	0	0	0	-1	-1	-1	-1	100	0
557	"웨폰 마스터리"	0	22	0	0	0	0	0	0	0	-1	3	0	0	0	0	0	0	0	0	0	0	0	3	0	4	218	1	0	0	0	0	0	35	0	0	0	0	0	0	0	0	0	0	-1	-1	-1	-1	100	0
558	"체인드라이브 강화"	150	22	22	22	4	700	0	0	2	1	4	262	0	0	0	0	0	0	0	0	0	0	3	0	5	219	1	0	0	0	0	0	258	0	0	1	0	0	0	1	0	2	7	-1	-1	-1	-1	105	0
559	"다크사이드 강화"	180	22	84	0	5	0	0	0	3	1	4	263	0	0	0	0	0	0	0	0	0	0	3	0	5	220	1	0	0	0	0	0	259	0	0	1	0	1	0	0	0	0	0	-1	-1	-1	-1	115	0
560	"드래곤로어 강화"	150	22	60	33	3	700	0	0	3	1	4	264	0	0	0	0	0	0	0	0	0	0	3	0	5	221	1	0	0	0	0	0	260	0	0	1	0	0	0	1	0	0	7	-1	-1	-1	-1	100	0
561	"드래곤로어 마스터리"	150	1	66	36	3	700	0	0	3	1	4	560	0	0	0	0	0	0	0	0	0	0	3	0	6	221	1	0	0	0	0	0	261	0	0	1	0	0	0	1	0	0	7	-1	-1	-1	-1	100	0
562	"체인드라이브 마스터리"	150	1	24	22	4	700	0	0	2	1	4	558	0	0	0	0	0	0	0	0	0	0	3	0	7	219	1	0	0	0	0	0	262	0	0	1	0	0	0	1	0	2	7	-1	-1	-1	-1	105	0
563	"다크사이드 마스터리"	180	0	92	0	6	0	0	0	3	1	4	559	0	0	0	0	0	0	0	0	0	0	3	0	7	220	10	0	0	0	0	0	263	0	0	1	0	1	0	0	0	0	0	-1	-1	-1	-1	115	0
564	"드래곤슬레셔 강화"	200	22	110	110	4	3000	0	0	4	1	4	265	0	0	0	0	0	0	0	0	0	0	3	0	7	222	1	0	0	0	0	0	264	0	0	0	0	0	0	1	0	2	7	-1	-1	-1	-1	100	0
565	"블러드 하울링"	0	0	100	200	0	120000	0	0	0	1	4	0	0	0	0	0	0	0	0	0	0	0	3	0	8	223	10	0	0	60	0	0	265	1	0	0	0	2	1	0	1	0	0	-1	-1	-1	-1	100	0
566	"드래곤슬래셔 마스터리"	200	38	121	121	4	3000	0	0	4	1	4	564	0	0	0	0	0	0	0	0	0	0	3	0	8	222	1	0	0	0	0	0	266	0	0	0	0	0	0	1	0	2	7	-1	-1	-1	-1	100	0
567	"블러드 하울링 강화"	0	38	110	220	0	120000	0	0	0	1	4	565	0	0	0	0	0	0	0	0	0	0	3	0	9	223	1	0	0	60	0	0	267	1	0	0	0	2	1	0	1	0	0	-1	-1	-1	-1	100	0
//번호	Name	레벨	데미지	사용마나량	어빌리티	거리	Delay	Eng	Cha	속성1	속성2	SkilluseType	SkillBrand	KillCout	길마	부길마	베틀마스터	흑마법사	흑기사	요정	마검사	다크로드	소환술사	레이지파이터	그로우랜서	스킬랭크	스킬그룹	필요마스터레벨포인트	소모체력	소모SD	지속시간	필요힘	필요민첩	아이콘번호	스킬 타입	무기 스킬	데미지 구분	버프 인덱스	타겟 대상	타겟 영역	사거리 내 장애물	타겟 쫓기	탈것 체크	장비 체크	데미지 스탯1	스탯 나눔값2	데미지 스탯2	스탯 나눔값2	속성 각인 가중치	추가 데미지 효과
// 파괴 - 공격력 향상 (피스트 마스터)																																																		
568	"장착 무기 강화"	0	22	0	0	0	0	0	0	0	0	3	0	0	0	0	0	0	0	0	0	0	0	3	0	2	225	1	0	0	0	0	0	268	0	0	1	0	0	0	0	0	0	0	-1	-1	-1	-1	100	0
569	"방어 성공율 향상 강화"	50	22	55	11	7	0	30	0	0	1	4	268	0	0	0	0	0	0	0	0	0	0	3	0	2	226	1	0	0	0	0	0	269	1	0	0	153	0	0	0	0	0	0	-1	-1	-1	-1	100	0
//570																																																		
571	"장착무기 마스터리"	0	1	0	0	0	0	0	0	0	-1	3	0	0	0	0	0	0	0	0	0	0	0	3	0	3	227	1	0	0	0	0	0	271	0	0	0	0	0	0	0	0	0	0	-1	-1	-1	-1	100	0
572	"방어 성공율 향상 마스터리"	50	22	60	12	7	0	30	0	0	1	4	569	0	0	0	0	0	0	0	0	0	0	3	0	3	226	1	0	0	0	0	0	272	1	0	0	154	2	1	0	1	0	0	-1	-1	-1	-1	100	0
573	"체력 향상 강화"	80	5	55	11	7	0	35	0	0	1	4	267	0	0	0	0	0	0	0	0	0	0	3	0	4	228	1	0	0	0	0	0	273	1	0	0	155	2	1	0	1	0	0	-1	-1	-1	-1	100	0
574	"방어력 전환"	0	20	0	0	0	0	0	0	0	-1	3	0	0	0	0	0	0	0	0	0	0	0	3	0	4	229	1	0	0	0	0	0	274	0	0	0	0	0	0	0	0	0	0	-1	-1	-1	-1	100	0
//575	"적 방어력 무시 강화"	120	24	55	11	3	0	80	0	0	1	4	266	0	0	0	0	0	0	0	0	0	0	3	0	5	230	1	0	0	0	0	0	275	1	0	0	156	2	1	0	1	0	0	-1	-1	-1	-1		
//576																																																		
//577	"적 방어력 무시 마스터리"	120	1	60	12	3	0	80	0	0	1	4	575	0	0	0	0	0	0	0	0	0	0	3	0	6	230	1	0	0	0	0	0	277	1	0	0	168	2	1	0	1	0	0	-1	-1	-1	-1		0
// 레이지 파이터 마스터 스킬 중 패시브 스킬 분리																																																		
//번호	Name	레벨	데미지	사용마나량	어빌리티	거리	Delay	Eng	Cha	속성1	속성2	SkilluseType	SkillBrand	KillCout	길마	부길마	베틀마스터	흑마법사	흑기사	요정	마검사	다크로드	소환술사	레이지파이터	그로우랜서	스킬랭크	스킬그룹	필요마스터레벨포인트	소모체력	소모SD	지속시간	필요힘	필요민첩	아이콘번호	스킬 타입	무기 스킬	데미지 구분	버프 인덱스	타겟 대상	타겟 영역	사거리 내 장애물	타겟 쫓기	탈것 체크	장비 체크	데미지 스탯1	스탯 나눔값2	데미지 스탯2	스탯 나눔값2	속성 각인 가중치	추가 데미지 효과
// 레이지 파이터 패시브 (근성)																																																		
578	"내구 감소 (1)"	0	37	0	0	0	0	0	0	0	-1	3	0	0	0	0	0	0	0	0	0	0	0	3	0	1	231	1	0	0	0	0	0	0	0	0	0	0	0	0	0	0	0	0	-1	-1	-1	-1	100	0
579	"대인 방어율 증가"	0	29	0	0	0	0	0	0	0	-1	3	0	0	0	0	0	0	0	0	0	0	0	3	0	1	232	1	0	0	0	0	0	1	0	0	0	0	0	0	0	0	0	0	-1	-1	-1	-1	100	0
580	"최대 SD 증가"	0	33	0	0	0	0	0	0	0	-1	3	0	0	0	0	0	0	0	0	0	0	0	3	0	2	233	1	0	0	0	0	0	2	0	0	0	0	0	0	0	0	0	0	-1	-1	-1	-1	100	0
581	"자동 마나 회복력 증가"	0	7	0	0	0	0	0	0	0	-1	3	0	0	0	0	0	0	0	0	0	0	0	3	0	2	234	1	0	0	0	0	0	3	0	0	0	0	0	0	0	0	0	0	-1	-1	-1	-1	100	0
582	"독 저항력 상승"	0	1	0	0	0	0	0	0	5	-1	3	0	0	0	0	0	0	0	0	0	0	0	3	0	2	235	1	0	0	0	0	0	4	0	0	0	0	0	0	0	0	0	0	-1	-1	-1	-1	100	0
583	"내구 감소 (2)"	0	17	0	0	0	0	0	0	0	-1	3	0	0	0	0	0	0	0	0	0	0	0	3	0	3	236	1	0	0	0	0	0	5	0	0	0	0	0	0	0	0	0	0	-1	-1	-1	-1	100	0
584	"SD 회복 속도 상승"	0	1	0	0	0	0	0	0	0	-1	3	0	0	0	0	0	0	0	0	0	0	0	3	0	3	237	1	0	0	0	0	0	6	0	0	0	0	0	0	0	0	0	0	-1	-1	-1	-1	100	0
585	"자동 생명 회복력 증가"	0	1	0	0	0	0	0	0	0	-1	3	0	0	0	0	0	0	0	0	0	0	0	3	0	3	238	1	0	0	0	0	0	7	0	0	0	0	0	0	0	0	0	0	-1	-1	-1	-1	100	0
586	"번개 저항력 상승"	0	1	0	0	0	0	0	0	2	-1	3	0	0	0	0	0	0	0	0	0	0	0	3	0	3	239	1	0	0	0	0	0	8	0	0	0	0	0	0	0	0	0	0	-1	-1	-1	-1	100	0
587	"방어력 증가"	0	35	0	0	0	0	0	0	0	-1	3	0	0	0	0	0	0	0	0	0	0	0	3	0	4	240	1	0	0	0	0	0	9	0	0	0	0	0	0	0	0	0	0	-1	-1	-1	-1	100	0
588	"자동 AG 회복력 증가"	0	1	0	0	0	0	0	0	0	-1	3	0	0	0	0	0	0	0	0	0	0	0	3	0	4	241	1	0	0	0	0	0	10	0	0	0	0	0	0	0	0	0	0	-1	-1	-1	-1	100	0
589	"얼음 저항력 상승"	0	1	0	0	0	0	0	0	0	-1	3	0	0	0	0	0	0	0	0	0	0	0	3	0	4	242	1	0	0	0	0	0	11	0	0	0	0	0	0	0	0	0	0	-1	-1	-1	-1	100	0
590	"내구 감소 (3)"	0	17	0	0	0	0	0	0	0	-1	3	0	0	0	0	0	0	0	0	0	0	0	3	0	5	243	1	0	0	0	0	0	12	0	0	0	0	0	0	0	0	0	0	-1	-1	-1	-1	100	0
591	"방어 성공율 상승"	0	1	0	0	0	0	0	0	0	-1	3	0	0	0	0	0	0	0	0	0	0	0	3	0	5	244	1	0	0	0	0	0	13	0	0	0	0	0	0	0	0	0	0	-1	-1	-1	-1	100	0
592	"무적 시전"	0	38	0	0	0	0	0	0	0	-1	3	0	0	0	0	0	0	0	0	0	0	0	3	0	6	245	1	0	0	0	0	0	14	0	0	0	0	0	0	0	0	0	0	-1	-1	-1	-1	100	0
593	"세트 방어력 증가"	0	3	0	0	0	0	0	0	0	-1	3	0	0	0	0	0	0	0	0	0	0	0	3	0	6	246	1	0	0	0	0	0	15	0	0	0	0	0	0	0	0	0	0	-1	-1	-1	-1	100	0
594	"복수"	0	38	0	0	0	0	0	0	0	-1	3	0	0	0	0	0	0	0	0	0	0	0	3	0	6	247	1	0	0	0	0	0	16	0	0	0	0	0	0	0	0	0	0	-1	-1	-1	-1	100	0
595	"에너지 스탯 증가"	0	36	0	0	0	0	0	0	0	-1	3	0	0	0	0	0	0	0	0	0	0	0	3	0	7	248	1	0	0	0	0	0	17	0	0	0	0	0	0	0	0	0	0	-1	-1	-1	-1	100	0
596	"체력 스탯 증가"	0	36	0	0	0	0	0	0	0	-1	3	0	0	0	0	0	0	0	0	0	0	0	3	0	7	249	1	0	0	0	0	0	18	0	0	0	0	0	0	0	0	0	0	-1	-1	-1	-1	100	0
597	"민첩 스탯 증가"	0	36	0	0	0	0	0	0	0	-1	3	0	0	0	0	0	0	0	0	0	0	0	3	0	7	250	1	0	0	0	0	0	19	0	0	0	0	0	0	0	0	0	0	-1	-1	-1	-1	100	0
598	"힘 스탯 증가"	0	36	0	0	0	0	0	0	0	-1	3	0	0	0	0	0	0	0	0	0	0	0	3	0	7	251	1	0	0	0	0	0	20	0	0	0	0	0	0	0	0	0	0	-1	-1	-1	-1	100	0
// 레이지 파이터 스킬 강화 중 패시브류 (의지)																																																		
599	"공격 성공율 상승"	0	30	0	0	0	0	0	0	0	-1	3	0	0	0	0	0	0	0	0	0	0	0	3	0	1	252	1	0	0	0	0	0	25	0	0	0	0	0	0	0	0	0	0	-1	-1	-1	-1	100	0
600	"최대 생명력 증가"	0	34	0	0	0	0	0	0	0	-1	3	0	0	0	0	0	0	0	0	0	0	0	3	0	4	253	1	0	0	0	0	0	34	0	0	0	0	0	0	0	0	0	0	-1	-1	-1	-1	100	0
601	"최대 마나 증가"	0	34	0	0	0	0	0	0	0	-1	3	0	0	0	0	0	0	0	0	0	0	0	3	0	5	254	1	0	0	0	0	0	38	0	0	0	0	0	0	0	0	0	0	-1	-1	-1	-1	100	0
602	"최대 AG 증가"	0	37	0	0	0	0	0	0	0	-1	3	0	0	0	0	0	0	0	0	0	0	0	3	0	6	255	1	0	0	0	0	0	41	0	0	0	0	0	0	0	0	0	0	-1	-1	-1	-1	100	0
// 레이지 파이터 공격 향상 중 패시브류 (파괴)																																																		
603	"대인 공격율 상승"	0	31	0	0	0	0	0	0	0	-1	3	0	0	0	0	0	0	0	0	0	0	0	3	0	1	256	1	0	0	0	0	0	47	0	0	0	0	0	0	0	0	0	0	-1	-1	-1	-1	100	0
604	"마나 감소"	0	18	0	0	0	0	0	0	0	-1	3	0	0	0	0	0	0	0	0	0	0	0	3	0	4	257	1	0	0	0	0	0	57	0	0	0	0	0	0	0	0	0	0	-1	-1	-1	-1	100	0
605	"몬스터 킬시 SD 회복"	0	11	0	0	0	0	0	0	0	-1	3	0	0	0	0	0	0	0	0	0	0	0	3	0	4	258	1	0	0	0	0	0	58	0	0	0	0	0	0	0	0	0	0	-1	-1	-1	-1	100	0
606	"몬스터 킬시 생명력 회복"	0	6	0	0	0	0	0	0	0	-1	3	0	0	0	0	0	0	0	0	0	0	0	3	0	4	259	1	0	0	0	0	0	59	0	0	0	0	0	0	0	0	0	0	-1	-1	-1	-1	100	0
607	"최소 공격력 상승"	0	22	0	0	0	0	0	0	0	0	3	0	0	0	0	0	0	0	0	0	0	0	3	0	5	260	1	0	0	0	0	0	61	0	0	1	0	0	0	0	0	0	0	-1	-1	-1	-1	100	0
608	"몬스터 킬시 마나 회복"	0	6	0	0	0	0	0	0	0	-1	3	0	0	0	0	0	0	0	0	0	0	0	3	0	5	261	1	0	0	0	0	0	62	0	0	0	0	0	0	0	0	0	0	-1	-1	-1	-1	100	0
609	"최대 공격력 상승"	0	3	0	0	0	0	0	0	0	0	3	0	0	0	0	0	0	0	0	0	0	0	3	0	6	262	1	0	0	0	0	0	64	0	0	1	0	0	0	0	0	0	0	-1	-1	-1	-1	100	0
610	"크리티컬 데미지 확률 상승"	0	38	0	0	0	0	0	0	0	-1	3	0	0	0	0	0	0	0	0	0	0	0	3	0	6	263	1	0	0	0	0	0	66	0	0	0	0	0	0	0	0	0	0	-1	-1	-1	-1	100	0
611	"마나 완전 회복"	0	38	0	0	0	0	0	0	0	-1	3	0	0	0	0	0	0	0	0	0	0	0	3	0	7	264	1	0	0	0	0	0	67	0	0	0	0	0	0	0	0	0	0	-1	-1	-1	-1	100	0
612	"생명력 완전 회복"	0	38	0	0	0	0	0	0	0	-1	3	0	0	0	0	0	0	0	0	0	0	0	3	0	7	265	1	0	0	0	0	0	68	0	0	0	0	0	0	0	0	0	0	-1	-1	-1	-1	100	0
613	"엑설런트 데미지 확률 상승"	0	38	0	0	0	0	0	0	0	-1	3	0	0	0	0	0	0	0	0	0	0	0	3	0	7	266	1	0	0	0	0	0	69	0	0	0	0	0	0	0	0	0	0	-1	-1	-1	-1	100	0
614	"더블 데미지 확률 상승"	0	38	0	0	0	0	0	0	0	-1	3	0	0	0	0	0	0	0	0	0	0	0	3	0	8	267	1	0	0	0	0	0	70	0	0	0	0	0	0	0	0	0	0	-1	-1	-1	-1	100	0
615	"적 방어력 무시 확률 상승"	0	38	0	0	0	0	0	0	0	-1	3	0	0	0	0	0	0	0	0	0	0	0	3	0	9	268	1	0	0	0	0	0	71	0	0	0	0	0	0	0	0	0	0	-1	-1	-1	-1	100	0
616	"SD 완전 회복"	0	38	0	0	0	0	0	0	0	-1	3	0	0	0	0	0	0	0	0	0	0	0	3	0	8	269	1	0	0	0	0	0	72	0	0	0	0	0	0	0	0	0	0	-1	-1	-1	-1	100	0
617	"트리플 데미지 확률 상승"	0	38	0	0	0	0	0	0	0	-1	3	0	0	0	0	0	0	0	0	0	0	0	3	0	9	270	1	0	0	0	0	0	73	0	0	0	0	0	0	0	0	0	0	-1	-1	-1	-1	100	0
// 환영의사원 최강자전 스킬 추가 (2013-05-07 사재일)																																																		
618	"보호의 주문"	0	0	30	0	0	60000	0	0	0	0	5	0	0	0	0	0	1	1	1	1	1	1	1	1	0	0	0	0	0	0	0	0	0	1	0	0	0	2	1	0	0	0	0	-1	-1	-1	-1	100	0
619	"속박의 주문"	0	0	30	0	3	60000	0	0	0	0	5	0	0	0	0	0	1	1	1	1	1	1	1	1	0	0	0	0	0	0	0	0	0	2	0	0	0	0	0	0	1	0	0	-1	-1	-1	-1	100	0
620	"추적의 주문"	0	0	30	0	0	120000	0	0	0	0	5	0	0	0	0	0	1	1	1	1	1	1	1	1	0	0	0	0	0	0	0	0	0	0	0	0	0	2	0	0	0	0	0	-1	-1	-1	-1	100	0
621	"쉴드번"	0	0	30	0	3	60000	0	0	0	0	5	0	0	0	0	0	1	1	1	1	1	1	1	1	0	0	0	0	0	0	0	0	0	0	0	0	0	0	0	0	1	0	0	-1	-1	-1	-1	100	0
// 우르크산 보스 몬스터 스킬 인덱스 추가 - 주석 처리 - 내용 기입 필요 없음 (2014-05-26 홍승욱)																																																		
//622																																																		
// 마스터 스킬 리뉴얼 신규 스킬 추가 (2014-02-10 홍승욱)																																																		
// 흑기사																																																		
//번호	Name	레벨	데미지	사용마나량	어빌리티	거리	Delay	Eng	Cha	속성1	속성2	SkilluseType	SkillBrand	KillCout	길마	부길마	베틀마스터	흑마법사	흑기사	요정	마검사	다크로드	소환술사	레이지파이터	그로우랜서	스킬랭크	스킬그룹	필요마스터레벨포인트	소모체력	소모SD	지속시간	필요힘	필요민첩	아이콘번호	스킬 타입	무기 스킬	데미지 구분	버프 인덱스	타겟 대상	타겟 영역	사거리 내 장애물	타겟 쫓기	탈것 체크	장비 체크	데미지 스탯1	스탯 나눔값2	데미지 스탯2	스탯 나눔값2	속성 각인 가중치	추가 데미지 효과
623	"수호 방패"	0	2	0	0	0	0	0	0	0	-1	3	0	0	0	0	0	0	3	0	0	0	0	0	0	8	271	1	0	0	0	0	0	323	0	0	0	0	0	0	0	0	0	0	-1	-1	-1	-1	100	0
624	"무기 막기"	0	2	0	0	0	0	0	0	0	-1	3	0	0	0	0	0	0	3	0	0	0	0	0	0	8	272	1	0	0	0	0	0	324	0	0	0	0	0	0	0	0	0	0	-1	-1	-1	-1	100	0
625	"방패 막기"	0	39	0	0	0	0	0	0	0	-1	3	0	0	0	0	0	0	3	0	0	0	0	0	0	9	273	1	0	0	0	0	0	325	0	0	0	0	0	0	0	0	0	0	-1	-1	-1	-1	100	0
626	"강철 갑옷"	0	35	0	0	0	0	0	0	0	-1	3	0	0	0	0	0	0	3	0	0	0	0	0	0	9	274	1	0	0	0	0	0	326	0	0	0	0	0	0	0	0	0	0	-1	-1	-1	-1	100	0
627	"강력한 의지"	0	1	0	0	0	0	0	0	0	-1	3	0	0	0	0	0	0	3	0	0	0	0	0	0	9	275	1	0	0	0	0	0	327	0	0	0	0	0	0	0	0	0	0	-1	-1	-1	-1	100	0
628	"생명력 흡수"	0	22	0	0	0	0	0	0	0	-1	3	0	0	0	0	0	0	3	0	0	0	0	0	0	7	276	1	0	0	0	0	0	328	0	0	0	0	0	0	0	0	0	0	-1	-1	-1	-1	100	0
629	"실드 흡수"	0	3	0	0	0	0	0	0	0	-1	3	0	0	0	0	0	0	3	0	0	0	0	0	0	9	277	1	0	0	0	0	0	329	0	0	0	0	0	0	0	0	0	0	-1	-1	-1	-1	100	0
630	"전투 의지"	0	22	0	0	0	0	0	0	0	-1	3	0	0	0	0	0	0	3	0	0	0	0	0	0	8	278	1	0	0	0	0	0	330	0	0	1	0	0	0	0	0	0	0	-1	-1	-1	-1	100	0
631	"돌진"	0	300	200	200	7	1000	0	0	4	0	4	0	0	0	0	0	0	3	0	0	0	0	0	0	8	279	10	0	0	0	0	0	331	0	0	0	0	0	0	0	0	2	0	1	100	-1	-1	150	0
632	"아이언디펜스"	0	28	64	29	0	30000	0	0	0	-1	4	0	0	0	0	0	0	3	0	0	0	0	0	0	8	280	10	0	0	10	0	0	23	1	0	0	134	2	1	0	1	0	0	-1	-1	-1	-1	100	0
633	"아이언디펜스 강화"	0	3	70	31	0	30000	0	0	0	-1	4	632	0	0	0	0	0	3	0	0	0	0	0	0	9	280	1	0	0	10	0	0	224	1	0	0	165	2	1	0	1	0	0	-1	-1	-1	-1	100	0
// 흑마법사																																																		
//번호	Name	레벨	데미지	사용마나량	어빌리티	거리	Delay	Eng	Cha	속성1	속성2	SkilluseType	SkillBrand	KillCout	길마	부길마	베틀마스터	흑마법사	흑기사	요정	마검사	다크로드	소환술사	레이지파이터	그로우랜서	스킬랭크	스킬그룹	필요마스터레벨포인트	소모체력	소모SD	지속시간	필요힘	필요민첩	아이콘번호	스킬 타입	무기 스킬	데미지 구분	버프 인덱스	타겟 대상	타겟 영역	사거리 내 장애물	타겟 쫓기	탈것 체크	장비 체크	데미지 스탯1	스탯 나눔값2	데미지 스탯2	스탯 나눔값2	속성 각인 가중치	추가 데미지 효과
634	"수호 방패"	0	2	0	0	0	0	0	0	0	-1	3	0	0	0	0	0	3	0	0	0	0	0	0	0	8	281	1	0	0	0	0	0	323	0	0	0	0	0	0	0	0	0	0	-1	-1	-1	-1	100	0
635	"무기 막기"	0	2	0	0	0	0	0	0	0	-1	3	0	0	0	0	0	3	0	0	0	0	0	0	0	8	282	1	0	0	0	0	0	324	0	0	0	0	0	0	0	0	0	0	-1	-1	-1	-1	100	0
636	"방패 막기"	0	39	0	0	0	0	0	0	0	-1	3	0	0	0	0	0	3	0	0	0	0	0	0	0	9	283	1	0	0	0	0	0	325	0	0	0	0	0	0	0	0	0	0	-1	-1	-1	-1	100	0
637	"강철 갑옷"	0	35	0	0	0	0	0	0	0	-1	3	0	0	0	0	0	3	0	0	0	0	0	0	0	9	284	1	0	0	0	0	0	326	0	0	0	0	0	0	0	0	0	0	-1	-1	-1	-1	100	0
638	"강력한 의지"	0	1	0	0	0	0	0	0	0	-1	3	0	0	0	0	0	3	0	0	0	0	0	0	0	9	285	1	0	0	0	0	0	327	0	0	0	0	0	0	0	0	0	0	-1	-1	-1	-1	100	0
639	"생명력 흡수"	0	22	0	0	0	0	0	0	0	-1	3	0	0	0	0	0	3	0	0	0	0	0	0	0	7	286	1	0	0	0	0	0	328	0	0	0	0	0	0	0	0	0	0	-1	-1	-1	-1	100	0
640	"실드 흡수"	0	3	0	0	0	0	0	0	0	-1	3	0	0	0	0	0	3	0	0	0	0	0	0	0	9	287	1	0	0	0	0	0	329	0	0	0	0	0	0	0	0	0	0	-1	-1	-1	-1	100	0
641	"대마법 강화"	0	22	0	0	0	0	0	0	0	-1	3	0	0	0	0	0	3	0	0	0	0	0	0	0	8	288	1	0	0	0	0	0	341	0	0	2	0	0	0	0	0	0	0	-1	-1	-1	-1	100	0
642	"일루전"	0	0	1000	300	1	120000	0	0	0	-1	4	0	0	0	0	0	3	0	0	0	0	0	0	0	9	289	10	0	0	60	0	0	342	4	0	0	0	1	1	2	1	0	0	-1	-1	-1	-1	100	0
// 요정																																																		
//번호	Name	레벨	데미지	사용마나량	어빌리티	거리	Delay	Eng	Cha	속성1	속성2	SkilluseType	SkillBrand	KillCout	길마	부길마	베틀마스터	흑마법사	흑기사	요정	마검사	다크로드	소환술사	레이지파이터	그로우랜서	스킬랭크	스킬그룹	필요마스터레벨포인트	소모체력	소모SD	지속시간	필요힘	필요민첩	아이콘번호	스킬 타입	무기 스킬	데미지 구분	버프 인덱스	타겟 대상	타겟 영역	사거리 내 장애물	타겟 쫓기	탈것 체크	장비 체크	데미지 스탯1	스탯 나눔값2	데미지 스탯2	스탯 나눔값2	속성 각인 가중치	추가 데미지 효과
643	"수호 방패"	0	2	0	0	0	0	0	0	0	-1	3	0	0	0	0	0	0	0	3	0	0	0	0	0	8	290	1	0	0	0	0	0	323	0	0	0	0	0	0	0	0	0	0	-1	-1	-1	-1	100	0
644	"무기 막기"	0	2	0	0	0	0	0	0	0	-1	3	0	0	0	0	0	0	0	3	0	0	0	0	0	8	291	1	0	0	0	0	0	324	0	0	0	0	0	0	0	0	0	0	-1	-1	-1	-1	100	0
645	"방패 막기"	0	39	0	0	0	0	0	0	0	-1	3	0	0	0	0	0	0	0	3	0	0	0	0	0	9	292	1	0	0	0	0	0	325	0	0	0	0	0	0	0	0	0	0	-1	-1	-1	-1	100	0
646	"강철 갑옷"	0	35	0	0	0	0	0	0	0	-1	3	0	0	0	0	0	0	0	3	0	0	0	0	0	9	293	1	0	0	0	0	0	326	0	0	0	0	0	0	0	0	0	0	-1	-1	-1	-1	100	0
647	"강력한 의지"	0	1	0	0	0	0	0	0	0	-1	3	0	0	0	0	0	0	0	3	0	0	0	0	0	9	294	1	0	0	0	0	0	327	0	0	0	0	0	0	0	0	0	0	-1	-1	-1	-1	100	0
648	"생명력 흡수"	0	22	0	0	0	0	0	0	0	-1	3	0	0	0	0	0	0	0	3	0	0	0	0	0	7	295	1	0	0	0	0	0	328	0	0	0	0	0	0	0	0	0	0	-1	-1	-1	-1	100	0
649	"실드 흡수"	0	3	0	0	0	0	0	0	0	-1	3	0	0	0	0	0	0	0	3	0	0	0	0	0	9	296	1	0	0	0	0	0	329	0	0	0	0	0	0	0	0	0	0	-1	-1	-1	-1	100	0
650	"명사수"	0	22	0	0	0	0	0	0	0	-1	3	0	0	0	0	0	0	0	3	0	0	0	0	0	8	297	1	0	0	0	0	0	350	0	0	1	0	0	0	0	0	0	0	-1	-1	-1	-1	100	0
651	"쉐도우스텝"	0	0	150	100	5	3000	0	0	0	-1	4	0	0	0	0	0	0	0	3	0	0	0	0	0	9	298	10	0	0	0	0	0	351	5	0	0	0	1	1	2	1	2	0	-1	-1	-1	-1	100	0
652	"이베이전"	0	0	200	200	0	60000	0	0	0	-1	4	0	0	0	0	0	0	0	3	0	0	0	0	0	9	299	10	0	0	7	0	0	352	1	0	0	214	2	1	2	1	0	0	-1	-1	-1	-1	100	0
//소환술사																																																		
//번호	Name	레벨	데미지	사용마나량	어빌리티	거리	Delay	Eng	Cha	속성1	속성2	SkilluseType	SkillBrand	KillCout	길마	부길마	베틀마스터	흑마법사	흑기사	요정	마검사	다크로드	소환술사	레이지파이터	그로우랜서	스킬랭크	스킬그룹	필요마스터레벨포인트	소모체력	소모SD	지속시간	필요힘	필요민첩	아이콘번호	스킬 타입	무기 스킬	데미지 구분	버프 인덱스	타겟 대상	타겟 영역	사거리 내 장애물	타겟 쫓기	탈것 체크	장비 체크	데미지 스탯1	스탯 나눔값2	데미지 스탯2	스탯 나눔값2	속성 각인 가중치	추가 데미지 효과
653	"수호 방패"	0	2	0	0	0	0	0	0	0	-1	3	0	0	0	0	0	0	0	0	0	0	3	0	0	8	300	1	0	0	0	0	0	323	0	0	0	0	0	0	0	0	0	0	-1	-1	-1	-1	100	0
654	"무기 막기"	0	2	0	0	0	0	0	0	0	-1	3	0	0	0	0	0	0	0	0	0	0	3	0	0	8	301	1	0	0	0	0	0	324	0	0	0	0	0	0	0	0	0	0	-1	-1	-1	-1	100	0
655	"방패 막기"	0	39	0	0	0	0	0	0	0	-1	3	0	0	0	0	0	0	0	0	0	0	3	0	0	9	302	1	0	0	0	0	0	325	0	0	0	0	0	0	0	0	0	0	-1	-1	-1	-1	100	0
656	"강철 갑옷"	0	35	0	0	0	0	0	0	0	-1	3	0	0	0	0	0	0	0	0	0	0	3	0	0	9	303	1	0	0	0	0	0	326	0	0	0	0	0	0	0	0	0	0	-1	-1	-1	-1	100	0
657	"강력한 의지"	0	1	0	0	0	0	0	0	0	-1	3	0	0	0	0	0	0	0	0	0	0	3	0	0	9	304	1	0	0	0	0	0	327	0	0	0	0	0	0	0	0	0	0	-1	-1	-1	-1	100	0
658	"생명력 흡수"	0	22	0	0	0	0	0	0	0	-1	3	0	0	0	0	0	0	0	0	0	0	3	0	0	7	305	1	0	0	0	0	0	328	0	0	0	0	0	0	0	0	0	0	-1	-1	-1	-1	100	0
659	"실드 흡수"	0	3	0	0	0	0	0	0	0	-1	3	0	0	0	0	0	0	0	0	0	0	3	0	0	9	306	1	0	0	0	0	0	329	0	0	0	0	0	0	0	0	0	0	-1	-1	-1	-1	100	0
660	"저주의 고통"	0	22	0	0	0	0	0	0	0	-1	3	0	0	0	0	0	0	0	0	0	0	3	0	0	8	307	1	0	0	0	0	0	360	0	0	1	0	0	0	0	0	0	0	-1	-1	-1	-1	100	0
661	"페럴라이즈"	0	0	500	300	5	30000	0	0	0	1	4	0	0	0	0	0	0	0	0	0	0	3	0	0	8	308	10	0	0	10	0	0	361	2	0	0	209	1	1	2	1	0	0	-1	-1	-1	-1	100	0
662	"페럴라이즈 강화"	0	41	650	390	5	30000	0	0	0	1	4	661	0	0	0	0	0	0	0	0	0	3	0	0	9	308	1	0	0	10	0	0	362	2	0	0	210	1	1	2	1	0	0	-1	-1	-1	-1	100	0
//마검사																																																		
//번호	Name	레벨	데미지	사용마나량	어빌리티	거리	Delay	Eng	Cha	속성1	속성2	SkilluseType	SkillBrand	KillCout	길마	부길마	베틀마스터	흑마법사	흑기사	요정	마검사	다크로드	소환술사	레이지파이터	그로우랜서	스킬랭크	스킬그룹	필요마스터레벨포인트	소모체력	소모SD	지속시간	필요힘	필요민첩	아이콘번호	스킬 타입	무기 스킬	데미지 구분	버프 인덱스	타겟 대상	타겟 영역	사거리 내 장애물	타겟 쫓기	탈것 체크	장비 체크	데미지 스탯1	스탯 나눔값2	데미지 스탯2	스탯 나눔값2	속성 각인 가중치	추가 데미지 효과
663	"수호 방패"	0	2	0	0	0	0	0	0	0	-1	3	0	0	0	0	0	0	0	0	3	0	0	0	0	8	309	1	0	0	0	0	0	323	0	0	0	0	0	0	0	0	0	0	-1	-1	-1	-1	100	0
664	"무기 막기"	0	2	0	0	0	0	0	0	0	-1	3	0	0	0	0	0	0	0	0	3	0	0	0	0	8	310	1	0	0	0	0	0	324	0	0	0	0	0	0	0	0	0	0	-1	-1	-1	-1	100	0
665	"방패 막기"	0	39	0	0	0	0	0	0	0	-1	3	0	0	0	0	0	0	0	0	3	0	0	0	0	9	311	1	0	0	0	0	0	325	0	0	0	0	0	0	0	0	0	0	-1	-1	-1	-1	100	0
666	"강철 갑옷"	0	35	0	0	0	0	0	0	0	-1	3	0	0	0	0	0	0	0	0	3	0	0	0	0	9	312	1	0	0	0	0	0	326	0	0	0	0	0	0	0	0	0	0	-1	-1	-1	-1	100	0
667	"강력한 의지"	0	1	0	0	0	0	0	0	0	-1	3	0	0	0	0	0	0	0	0	3	0	0	0	0	9	313	1	0	0	0	0	0	327	0	0	0	0	0	0	0	0	0	0	-1	-1	-1	-1	100	0
668	"생명력 흡수"	0	22	0	0	0	0	0	0	0	-1	3	0	0	0	0	0	0	0	0	3	0	0	0	0	7	314	1	0	0	0	0	0	328	0	0	0	0	0	0	0	0	0	0	-1	-1	-1	-1	100	0
669	"실드 흡수"	0	3	0	0	0	0	0	0	0	-1	3	0	0	0	0	0	0	0	0	3	0	0	0	0	9	315	1	0	0	0	0	0	329	0	0	0	0	0	0	0	0	0	0	-1	-1	-1	-1	100	0
// 다크로드																																																		
//번호	Name	레벨	데미지	사용마나량	어빌리티	거리	Delay	Eng	Cha	속성1	속성2	SkilluseType	SkillBrand	KillCout	길마	부길마	베틀마스터	흑마법사	흑기사	요정	마검사	다크로드	소환술사	레이지파이터	그로우랜서	스킬랭크	스킬그룹	필요마스터레벨포인트	소모체력	소모SD	지속시간	필요힘	필요민첩	아이콘번호	스킬 타입	무기 스킬	데미지 구분	버프 인덱스	타겟 대상	타겟 영역	사거리 내 장애물	타겟 쫓기	탈것 체크	장비 체크	데미지 스탯1	스탯 나눔값2	데미지 스탯2	스탯 나눔값2	속성 각인 가중치	추가 데미지 효과
670	"수호 방패"	0	2	0	0	0	0	0	0	0	-1	3	0	0	0	0	0	0	0	0	0	3	0	0	0	8	316	1	0	0	0	0	0	323	0	0	0	0	0	0	0	0	0	0	-1	-1	-1	-1	100	0
671	"무기 막기"	0	2	0	0	0	0	0	0	0	-1	3	0	0	0	0	0	0	0	0	0	3	0	0	0	8	317	1	0	0	0	0	0	324	0	0	0	0	0	0	0	0	0	0	-1	-1	-1	-1	100	0
672	"방패 막기"	0	39	0	0	0	0	0	0	0	-1	3	0	0	0	0	0	0	0	0	0	3	0	0	0	9	318	1	0	0	0	0	0	325	0	0	0	0	0	0	0	0	0	0	-1	-1	-1	-1	100	0
673	"강철 갑옷"	0	35	0	0	0	0	0	0	0	-1	3	0	0	0	0	0	0	0	0	0	3	0	0	0	9	319	1	0	0	0	0	0	326	0	0	0	0	0	0	0	0	0	0	-1	-1	-1	-1	100	0
674	"강력한 의지"	0	1	0	0	0	0	0	0	0	-1	3	0	0	0	0	0	0	0	0	0	3	0	0	0	9	320	1	0	0	0	0	0	327	0	0	0	0	0	0	0	0	0	0	-1	-1	-1	-1	100	0
675	"생명력 흡수"	0	22	0	0	0	0	0	0	0	-1	3	0	0	0	0	0	0	0	0	0	3	0	0	0	7	321	1	0	0	0	0	0	328	0	0	0	0	0	0	0	0	0	0	-1	-1	-1	-1	100	0
676	"실드 흡수"	0	3	0	0	0	0	0	0	0	-1	3	0	0	0	0	0	0	0	0	0	3	0	0	0	9	322	1	0	0	0	0	0	329	0	0	0	0	0	0	0	0	0	0	-1	-1	-1	-1	100	0
// 레이지파이터																																																		
//번호	Name	레벨	데미지	사용마나량	어빌리티	거리	Delay	Eng	Cha	속성1	속성2	SkilluseType	SkillBrand	KillCout	길마	부길마	베틀마스터	흑마법사	흑기사	요정	마검사	다크로드	소환술사	레이지파이터	그로우랜서	스킬랭크	스킬그룹	필요마스터레벨포인트	소모체력	소모SD	지속시간	필요힘	필요민첩	아이콘번호	스킬 타입	무기 스킬	데미지 구분	버프 인덱스	타겟 대상	타겟 영역	사거리 내 장애물	타겟 쫓기	탈것 체크	장비 체크	데미지 스탯1	스탯 나눔값2	데미지 스탯2	스탯 나눔값2	속성 각인 가중치	추가 데미지 효과
677	"수호 방패"	0	2	0	0	0	0	0	0	0	-1	3	0	0	0	0	0	0	0	0	0	0	0	3	0	8	323	1	0	0	0	0	0	323	0	0	0	0	0	0	0	0	0	0	-1	-1	-1	-1	100	0
678	"무기 막기"	0	2	0	0	0	0	0	0	0	-1	3	0	0	0	0	0	0	0	0	0	0	0	3	0	8	324	1	0	0	0	0	0	324	0	0	0	0	0	0	0	0	0	0	-1	-1	-1	-1	100	0
679	"방패 막기"	0	39	0	0	0	0	0	0	0	-1	3	0	0	0	0	0	0	0	0	0	0	0	3	0	9	325	1	0	0	0	0	0	325	0	0	0	0	0	0	0	0	0	0	-1	-1	-1	-1	100	0
680	"강철 갑옷"	0	35	0	0	0	0	0	0	0	-1	3	0	0	0	0	0	0	0	0	0	0	0	3	0	9	326	1	0	0	0	0	0	326	0	0	0	0	0	0	0	0	0	0	-1	-1	-1	-1	100	0
681	"강력한 의지"	0	1	0	0	0	0	0	0	0	-1	3	0	0	0	0	0	0	0	0	0	0	0	3	0	9	327	1	0	0	0	0	0	327	0	0	0	0	0	0	0	0	0	0	-1	-1	-1	-1	100	0
682	"생명력 흡수"	0	22	0	0	0	0	0	0	0	-1	3	0	0	0	0	0	0	0	0	0	0	0	3	0	7	328	1	0	0	0	0	0	328	0	0	0	0	0	0	0	0	0	0	-1	-1	-1	-1	100	0
683	"실드 흡수"	0	3	0	0	0	0	0	0	0	-1	3	0	0	0	0	0	0	0	0	0	0	0	3	0	9	329	1	0	0	0	0	0	329	0	0	0	0	0	0	0	0	0	0	-1	-1	-1	-1	100	0
//그로우랜서 스킬 추가(2014-03-28 김의건)																																																		
//신성 - 패시브(미라쥬랜서)																																																		
684	"초월의 망토 흡수 강화"	0	38	0	0	0	0	0	0	0	-1	3	0	0	0	0	0	0	0	0	0	0	0	0	3	8	330	1	0	0	0	0	0	384	0	0	0	0	0	0	0	0	0	0	-1	-1	-1	-1	100	0
685	"초월의 망토 방어 강화"	0	17	0	0	0	0	0	0	0	-1	3	0	0	0	0	0	0	0	0	0	0	0	0	3	8	331	1	0	0	0	0	0	385	0	0	0	0	0	0	0	0	0	0	-1	-1	-1	-1	100	0
686	"초월의 망토 공격 강화"	0	17	0	0	0	0	0	0	0	-1	3	0	0	0	0	0	0	0	0	0	0	0	0	3	9	332	1	0	0	0	0	0	386	0	0	0	0	0	0	0	0	0	0	-1	-1	-1	-1	100	0
// 응징 - 스킬 향상 (미라쥬랜서)																																																		
687	"스핀스텝 강화"	83	3	15	0	2	500	0	0	2	-1	4	271	0	0	0	0	0	0	0	0	0	0	0	3	2	333	1	0	0	0	0	150	387	0	0	1	0	0	0	0	0	0	4	2	-1	-1	-1	100	0
688	"하쉬스트라이크 강화"	74	4	15	0	3	500	0	0	1	-1	4	276	0	0	0	0	0	0	0	0	0	0	0	3	2	334	1	0	0	0	150	0	388	0	0	1	0	0	0	0	0	2	0	1	30	-1	-1	110	0
689	"웨폰 마스터리"	0	22	0	0	0	0	0	0	0	-1	3	0	0	0	0	0	0	0	0	0	0	0	0	3	3	335	1	0	0	0	0	0	389	0	0	1	0	0	0	0	0	0	0	-1	-1	-1	-1	100	0
690	"스핀스텝 마스터리"	83	4	20	0	2	500	0	0	2	-1	4	687	0	0	0	0	0	0	0	0	0	0	0	3	4	333	1	0	0	0	0	150	390	0	0	0	0	0	0	0	0	0	4	2	-1	-1	-1	100	0
691	"하쉬스트라이크 마스터리"	74	0	20	0	3	500	0	0	1	-1	4	688	0	0	0	0	0	0	0	0	0	0	0	3	4	334	10	0	0	0	150	0	391	0	0	0	0	0	0	0	0	2	0	1	30	-1	-1	110	0
692	"매직핀 강화"	30	4	30	20	2	500	0	0	2	-1	4	274	0	0	0	0	0	0	0	0	0	0	0	3	5	338	1	0	0	0	300	300	392	0	0	1	0	0	0	0	0	0	4	2	-1	-1	-1	100	0
693	"옵시디언 강화"	74	18	50	50	0	0	61	0	0	-1	4	273	0	0	0	0	0	0	0	0	0	0	0	3	5	339	1	0	0	0	0	0	393	1	0	0	220	3	0	0	0	0	0	1	-1	-1	-1	100	0
694	"매직핀 숙련"	30	7	35	20	2	500	0	0	2	-1	4	692	0	0	0	0	0	0	0	0	0	0	0	3	6	338	1	0	0	0	300	300	394	0	0	0	0	0	0	0	0	0	4	2	-1	-1	-1	100	0
695	"매직핀 마스터리"	30	0	40	22	3	500	0	0	2	-1	4	694	0	0	0	0	0	0	0	0	0	0	0	3	7	338	10	0	0	0	300	300	395	0	0	0	0	0	0	0	0	0	4	2	-1	-1	-1	100	0
696	"브레쉬 강화"	300	4	45	25	3	500	0	0	1	-1	4	279	0	0	0	0	0	0	0	0	0	0	0	3	5	342	1	0	0	0	0	0	396	0	0	1	0	1	0	0	0	2	4	2	-1	-1	-1	110	0
697	"브레쉬 숙련"	300	7	45	25	3	500	0	0	1	-1	4	696	0	0	0	0	0	0	0	0	0	0	0	3	6	342	1	0	0	0	0	0	397	0	0	0	0	1	0	0	0	2	4	2	-1	-1	-1	110	0
698	"브레쉬 마스터리"	300	0	50	30	4	500	0	0	1	-1	4	697	0	0	0	0	0	0	0	0	0	0	0	3	7	342	10	0	0	0	0	0	398	0	0	0	0	1	0	0	0	2	4	2	-1	-1	-1	110	0
699	"샤이닝픽 강화"	220	5	70	25	4	500	0	0	4	-1	4	277	0	0	0	0	0	0	0	0	0	0	0	3	7	345	1	0	0	0	0	0	399	0	0	1	0	1	0	0	0	0	4	1	-1	-1	-1	110	0
700	"아머브레이커"	0	38	200	50	0	60000	0	0	0	-1	4	0	0	0	0	0	0	0	0	0	0	0	0	3	8	346	10	0	0	0	0	0	400	1	0	0	219	2	0	0	0	0	0	-1	-1	-1	-1	100	0
701	"아머브레이커 강화"	0	23	210	52	0	60000	0	0	0	-1	4	700	0	0	0	0	0	0	0	0	0	0	0	3	9	346	1	0	0	0	0	0	401	1	0	0	226	2	0	0	0	0	0	-1	-1	-1	-1	100	0
// 집념 - 공격력 향상 (미라쥬랜서)																																																		
702	"랜스 강화"	0	22	0	0	0	0	0	0	0	-1	3	0	0	0	0	0	0	0	0	0	0	0	0	3	2	348	1	0	0	0	0	0	402	0	0	1	0	0	0	0	0	0	0	-1	-1	-1	-1	100	0
703	"서클실드 강화"	220	10	100	50	0	0	0	0	0	-1	4	272	0	0	0	0	0	0	0	0	0	0	0	3	2	349	1	0	0	0	0	0	403	1	0	0	221	2	0	0	0	0	8	2	-1	-1	-1	100	0
704	"방패 강화"	0	10	0	0	0	0	0	0	0	-1	3	0	0	0	0	0	0	0	0	0	0	0	0	3	2	350	1	0	0	0	0	0	404	0	0	0	0	0	0	0	0	0	0	-1	-1	-1	-1	100	0
705	"랜스 마스터리"	0	1	0	0	0	0	0	0	0	-1	3	0	0	0	0	0	0	0	0	0	0	0	0	3	3	351	1	0	0	0	0	0	405	0	0	1	0	0	0	0	0	0	0	-1	-1	-1	-1	100	0
706	"서클실드 마스터리"	220	23	100	50	0	0	0	0	0	-1	4	703	0	0	0	0	0	0	0	0	0	0	0	3	3	349	1	0	0	0	0	0	406	1	0	0	222	2	0	0	0	0	8	2	-1	-1	-1	100	0
707	"방패 마스터리"	0	17	0	0	0	0	0	0	0	-1	3	0	0	0	0	0	0	0	0	0	0	0	0	3	3	353	1	0	0	0	0	0	407	0	0	0	0	0	0	0	0	0	0	-1	-1	-1	-1	100	0
708	"격노 강화"	66	23	110	50	0	60000	0	0	0	-1	4	278	0	0	0	0	0	0	0	0	0	0	0	3	4	354	1	0	0	0	0	0	408	1	0	0	223	2	0	0	0	2	0	2	-1	-1	-1	100	0
709	"격노 숙련"	66	23	130	60	0	60000	0	0	0	-1	4	708	0	0	0	0	0	0	0	0	0	0	0	3	5	354	1	0	0	0	0	0	409	1	0	0	224	2	0	0	0	2	0	2	-1	-1	-1	100	0
710	"격노 마스터리"	66	38	150	80	0	60000	0	0	0	-1	4	709	0	0	0	0	0	0	0	0	0	0	0	3	6	354	10	0	0	0	0	0	410	1	0	0	225	2	0	0	0	2	0	2	-1	-1	-1	100	0
711	"응징 공격력 상승"	0	23	0	0	0	0	0	0	0	-1	3	0	0	0	0	0	0	0	0	0	0	0	0	3	9	357	1	0	0	0	0	0	411	0	0	0	0	2	0	0	0	0	0	-1	-1	-1	-1	100	0
712	"격분 공격력 상승"	0	23	0	0	0	0	0	0	0	-1	3	0	0	0	0	0	0	0	0	0	0	0	0	3	9	358	1	0	0	0	0	0	412	0	0	0	0	2	0	0	0	0	0	-1	-1	-1	-1	100	0
//그로우랜서 스킬 추가(2014-09-29 김의건)																																																		
//번호	Name	레벨	데미지	사용마나량	어빌리티	거리	Delay	Eng	Cha	속성1	속성2	SkilluseType	SkillBrand	KillCout	길마	부길마	베틀마스터	흑마법사	흑기사	요정	마검사	다크로드	소환술사	레이지파이터	그로우랜서	스킬랭크	스킬그룹	필요마스터레벨포인트	소모체력	소모SD	지속시간	필요힘	필요민첩	아이콘번호	스킬 타입	무기 스킬	데미지 구분	버프 인덱스	타겟 대상	타겟 영역	사거리 내 장애물	타겟 쫓기	탈것 체크	장비 체크	데미지 스탯1	스탯 나눔값2	데미지 스탯2	스탯 나눔값2	속성 각인 가중치	추가 데미지 효과
713	"수호 방패"	0	2	0	0	0	0	0	0	0	-1	3	0	0	0	0	0	0	0	0	0	0	0	0	3	8	359	1	0	0	0	0	0	323	0	0	0	0	0	0	0	0	0	0	-1	-1	-1	-1	100	0
714	"무기 막기"	0	2	0	0	0	0	0	0	0	-1	3	0	0	0	0	0	0	0	0	0	0	0	0	3	8	360	1	0	0	0	0	0	324	0	0	0	0	0	0	0	0	0	0	-1	-1	-1	-1	100	0
715	"방패 막기"	0	39	0	0	0	0	0	0	0	-1	3	0	0	0	0	0	0	0	0	0	0	0	0	3	9	361	1	0	0	0	0	0	325	0	0	0	0	0	0	0	0	0	0	-1	-1	-1	-1	100	0
716	"강철 갑옷"	0	35	0	0	0	0	0	0	0	-1	3	0	0	0	0	0	0	0	0	0	0	0	0	3	9	362	1	0	0	0	0	0	326	0	0	0	0	0	0	0	0	0	0	-1	-1	-1	-1	100	0
717	"강력한 의지"	0	1	0	0	0	0	0	0	0	-1	3	0	0	0	0	0	0	0	0	0	0	0	0	3	9	363	1	0	0	0	0	0	327	0	0	0	0	0	0	0	0	0	0	-1	-1	-1	-1	100	0
718	"생명력 흡수"	0	22	0	0	0	0	0	0	0	-1	3	0	0	0	0	0	0	0	0	0	0	0	0	3	7	364	1	0	0	0	0	0	328	0	0	0	0	0	0	0	0	0	0	-1	-1	-1	-1	100	0
719	"실드 흡수"	0	3	0	0	0	0	0	0	0	-1	3	0	0	0	0	0	0	0	0	0	0	0	0	3	9	365	1	0	0	0	0	0	329	0	0	0	0	0	0	0	0	0	0	-1	-1	-1	-1	100	0
// 광휘의 에르텔 옵션 추가 (액티브 스킬 추가 / 2015-04-01 홍승욱)																																																		
720	"면역I"	0	0	300	200	0	500	0	0	0	-1	0	0	0	0	0	0	0	0	0	0	0	0	0	0	0	0	0	0	0	0	0	0	420	1	0	0	243	2	1	2	1	0	0	-1	-1	-1	-1	100	0
721	"면역II"	0	0	300	200	0	500	0	0	0	-1	0	0	0	0	0	0	0	0	0	0	0	0	0	0	0	0	0	0	0	0	0	0	421	1	0	0	244	2	1	2	1	0	0	-1	-1	-1	-1	100	0
722	"광폭화I"	0	0	500	300	0	500	0	0	0	-1	0	0	0	0	0	0	0	0	0	0	0	0	0	0	0	0	0	0	0	0	0	0	422	1	0	0	245	2	1	2	1	0	0	-1	-1	-1	-1	100	0
//스킬 보완에 대한 스킬 추가 (2015-07-24 홍승욱)																																																		
723	"파이어블로우"	160	120	17	17	3	0	0	0	1	0	0	0	0	0	0	0	0	3	0	0	0	0	0	0	0	0	0	0	0	0	256	0	423	0	0	1	0	0	0	0	0	0	2	1	150	-1	-1	105	1
724	"메테오스트라이크"	160	100	92	17	7	0	75	0	3	1	0	0	0	0	0	0	3	0	0	0	0	0	0	0	0	0	0	0	0	0	0	0	424	0	0	2	0	0	0	0	0	0	0	3	170	-1	-1	110	1
725	"메네오스톰"	160	105	105	20	6	500	85	0	3	1	0	0	0	0	0	0	3	0	0	0	0	0	0	0	0	0	0	0	0	0	0	0	425	0	0	2	1	1	0	0	0	0	0	3	200	-1	-1	130	0
726	"소울시커"	160	125	90	16	7	0	78	0	5	1	0	0	0	0	0	0	3	0	0	0	0	0	0	0	0	0	0	0	0	0	0	0	426	0	0	2	0	0	0	0	0	0	0	3	170	-1	-1	110	1
727	"포커스샷"	160	110	12	9	7	0	0	0	4	0	0	0	0	0	0	0	0	0	3	0	0	0	0	0	0	0	0	0	0	0	0	285	427	0	0	1	0	0	0	0	0	0	5	2	100	-1	-1	130	1
//728	"파이어애로우"	160	95	15	11	6	0	0	0	1	0	0	0	0	0	0	0	0	0	3	0	0	0	0	0	0	0	0	0	0	0	0	309	428	0	0	1	1	1	0	0	0	0	5	2	120	-1	-1	130	0
729	"파이어비스트"	160	100	95	11	7	500	75	0	1	1	0	0	0	0	0	0	0	0	0	0	0	3	0	0	0	0	0	0	0	0	0	0	429	0	0	2	0	0	0	0	0	0	0	3	170	-1	-1	105	1
730	"아쿠아비스트"	160	100	95	11	7	500	75	0	2	1	0	0	0	0	0	0	0	0	0	0	0	3	0	0	0	0	0	0	0	0	0	0	430	0	0	2	0	0	0	0	0	0	0	3	170	-1	-1	105	1
731	"아이스블러드"	160	330	19	28	3	0	0	0	2	0	0	0	0	0	0	0	0	0	0	3	0	0	0	0	0	0	0	0	0	0	230	0	431	0	0	1	0	0	0	0	0	0	2	1	750	-1	-1	105	1
732	"파이어블러드"	160	330	19	28	3	0	0	0	1	0	0	0	0	0	0	0	0	0	0	3	0	0	0	0	0	0	0	0	0	0	230	0	432	0	0	1	0	0	0	0	0	0	2	1	750	-1	-1	105	1
733	"다크블래스트"	160	120	92	17	7	0	75	0	5	1	0	0	0	0	0	0	0	0	0	3	0	0	0	0	0	0	0	0	0	0	0	0	433	0	0	2	0	0	0	0	0	0	0	3	170	-1	-1	110	1
734	"메테오스트라이크"	160	120	92	17	7	0	75	0	3	1	0	0	0	0	0	0	0	0	0	3	0	0	0	0	0	0	0	0	0	0	0	0	434	0	0	2	0	0	0	0	0	0	0	3	170	-1	-1	110	1
//735	"플레임스피어"	160	100	50	50	3	500	0	0	1	0	0	0	0	0	0	0	0	0	0	0	3	0	0	0	0	0	0	0	0	0	100	0	435	0	0	1	0	0	0	0	0	0	0	1	170	-1	170	105	1
//736	"파이어웨이브"	160	220	30	10	3	0	0	0	1	0	0	0	0	0	0	0	0	0	0	0	3	0	0	0	0	0	0	0	0	0	130	0	436	0	0	1	0	0	0	0	0	0	2	1	170	-1	-1	105	1
737	"윈드소울"	160	85	60	17	6	0	0	0	4	0	0	0	0	0	0	0	0	0	0	0	3	0	0	0	0	0	0	0	0	0	155	0	437	0	0	1	0	0	0	0	0	0	2	1	250	-1	-1	105	1
//738	"볼케이노"	160	500	50	25	5	0	0	0	1	0	0	0	0	0	0	0	0	0	0	0	0	0	3	0	0	0	0	0	0	0	0	208	438	0	0	1	0	0	0	0	0	0	2	2	170	-1	-1	110	1
739	"다크피닉스샷"	160	650	30	10	7	600	0	0	5	0	0	0	0	0	0	0	0	0	0	0	0	0	3	0	0	0	0	0	0	0	0	215	439	0	0	1	0	0	0	0	0	0	0	2	170	-1	-1	110	1
//번호	Name	레벨	데미지	사용마나량	어빌리티	거리	Delay	Eng	Cha	속성1	속성2	SkilluseType	SkillBrand	KillCout	길마	부길마	베틀마스터	흑마법사	흑기사	요정	마검사	다크로드	소환술사	레이지파이터	그로우랜서	스킬랭크	스킬그룹	필요마스터레벨포인트	소모체력	소모SD	지속시간	필요힘	필요민첩	아이콘번호	스킬 타입	무기 스킬	데미지 구분	버프 인덱스	타겟 대상	타겟 영역	사거리 내 장애물	타겟 쫓기	탈것 체크	장비 체크	데미지 스탯1	스탯 나눔값2	데미지 스탯2	스탯 나눔값2	속성 각인 가중치	추가 데미지 효과
// (신규)대천사의무기 스킬 추가 (2015-08-11 사재일)																																																		
740	"대천사의의지"	0	0	100	150	0	90000	0	0	0	-1	0	0	0	0	0	0	1	1	1	1	1	1	1	1	0	0	0	0	0	1800000	0	0	440	1	1	0	246	3	1	2	0	0	1	-1	-1	-1	-1	100	0
end																																																		
																																																		
																																																		
																																																		
																																																		
																																																		
																																																		
																																																		
																																																		
																																																		
																																																		
																																																		
																																																		
																																																		
